    Year (Census)
    Proportion of populations extant, SE
    Proportion of populations going extinct for the first time in year, SE
    Deterministic growth, Stochastic growth, SE, SD
    Mean population size (across extant populations), SE, SD
    Mean population size (across all populations), SE, SD
    Population-based model: No genetic data (12 skipped fields)



    Mean time to extinction, SE, SD
    Median time to extinction
Year;PExtant;SE(PExtant);PExtinct;SE(PExtinct);det-r;stoch-r;SE(r);SD(r);N-extant;SE(N-extant);SD(N-extant);N-all;SE(N-all);SD(N-all);GeneDiv;SE(GD);SD(GD);Inbreed;SE(Inbr);SD(Inbr);nAlleles;SE(nAlleles);SD(nAlleles);nLethals;SE(nLethals);SD(nLethals);TE;SE(TE);SD(TE);medianTE
Default Scenario
Population 1: Population1
0; 1.0000; 0.0000; 0.0000; 0.0000; 0.3650;      0;      0;      0; 54064.00; 0.00; 0.00; 54064.00; 0.00; 0.00; 0.0000; 0.0000; 0.0000; 1.0000; 0.0000; 0.0000; 0.00; 0.00; 0.00; 0.00; 0.00; 0.00; 0.00; 0.00; 0.00; 0
1; 1.0000; 0.0000; 0.0000; 0.0000; 0.3650; 0.3619; 0.0010; 0.0707; 53991.52; 75.26; 5321.40; 53991.52; 75.26; 5321.40; 0.0000; 0.0000; 0.0000; 1.0000; 0.0000; 0.0000; 0.00; 0.00; 0.00; 0.00; 0.00; 0.00; 0.00; 0.00; 0.00; 0
2; 1.0000; 0.0000; 0.0000; 0.0000; 0.3650; 0.3441; 0.0010; 0.0735; 53988.55; 75.49; 5337.89; 53988.55; 75.49; 5337.89; 0.0000; 0.0000; 0.0000; 1.0000; 0.0000; 0.0000; 0.00; 0.00; 0.00; 0.00; 0.00; 0.00; 0.00; 0.00; 0.00; 0
3; 1.0000; 0.0000; 0.0000; 0.0000; 0.3650; 0.3403; 0.0011; 0.0743; 53937.02; 75.46; 5335.75; 53937.02; 75.46; 5335.75; 0.0000; 0.0000; 0.0000; 1.0000; 0.0000; 0.0000; 0.00; 0.00; 0.00; 0.00; 0.00; 0.00; 0.00; 0.00; 0.00; 0
4; 1.0000; 0.0000; 0.0000; 0.0000; 0.3650; 0.3413; 0.0010; 0.0726; 53981.70; 75.13; 5312.80; 53981.70; 75.13; 5312.80; 0.0000; 0.0000; 0.0000; 1.0000; 0.0000; 0.0000; 0.00; 0.00; 0.00; 0.00; 0.00; 0.00; 0.00; 0.00; 0.00; 0
5; 1.0000; 0.0000; 0.0000; 0.0000; 0.3650; 0.3420; 0.0010; 0.0733; 54022.68; 76.24; 5391.03; 54022.68; 76.24; 5391.03; 0.0000; 0.0000; 0.0000; 1.0000; 0.0000; 0.0000; 0.00; 0.00; 0.00; 0.00; 0.00; 0.00; 0.00; 0.00; 0.00; 0
6; 1.0000; 0.0000; 0.0000; 0.0000; 0.3650; 0.3405; 0.0010; 0.0732; 53915.87; 74.92; 5297.42; 53915.87; 74.92; 5297.42; 0.0000; 0.0000; 0.0000; 1.0000; 0.0000; 0.0000; 0.00; 0.00; 0.00; 0.00; 0.00; 0.00; 0.00; 0.00; 0.00; 0
7; 1.0000; 0.0000; 0.0000; 0.0000; 0.3650; 0.3409; 0.0010; 0.0733; 53940.95; 74.49; 5267.51; 53940.95; 74.49; 5267.51; 0.0000; 0.0000; 0.0000; 1.0000; 0.0000; 0.0000; 0.00; 0.00; 0.00; 0.00; 0.00; 0.00; 0.00; 0.00; 0.00; 0
8; 1.0000; 0.0000; 0.0000; 0.0000; 0.3650; 0.3416; 0.0010; 0.0730; 54104.72; 75.38; 5329.97; 54104.72; 75.38; 5329.97; 0.0000; 0.0000; 0.0000; 1.0000; 0.0000; 0.0000; 0.00; 0.00; 0.00; 0.00; 0.00; 0.00; 0.00; 0.00; 0.00; 0
9; 1.0000; 0.0000; 0.0000; 0.0000; 0.3650; 0.3416; 0.0010; 0.0721; 53823.44; 74.16; 5243.76; 53823.44; 74.16; 5243.76; 0.0000; 0.0000; 0.0000; 1.0000; 0.0000; 0.0000; 0.00; 0.00; 0.00; 0.00; 0.00; 0.00; 0.00; 0.00; 0.00; 0
10; 1.0000; 0.0000; 0.0000; 0.0000; 0.3650; 0.3423; 0.0010; 0.0738; 53909.82; 74.69; 5281.28; 53909.82; 74.69; 5281.28; 0.0000; 0.0000; 0.0000; 1.0000; 0.0000; 0.0000; 0.00; 0.00; 0.00; 0.00; 0.00; 0.00; 0.00; 0.00; 0.00; 0
11; 1.0000; 0.0000; 0.0000; 0.0000; 0.3650; 0.3420; 0.0011; 0.0747; 53934.49; 75.42; 5333.19; 53934.49; 75.42; 5333.19; 0.0000; 0.0000; 0.0000; 1.0000; 0.0000; 0.0000; 0.00; 0.00; 0.00; 0.00; 0.00; 0.00; 0.00; 0.00; 0.00; 0
12; 1.0000; 0.0000; 0.0000; 0.0000; 0.3650; 0.3393; 0.0010; 0.0736; 54120.29; 75.86; 5363.84; 54120.29; 75.86; 5363.84; 0.0000; 0.0000; 0.0000; 1.0000; 0.0000; 0.0000; 0.00; 0.00; 0.00; 0.00; 0.00; 0.00; 0.00; 0.00; 0.00; 0
13; 1.0000; 0.0000; 0.0000; 0.0000; 0.3650; 0.3411; 0.0010; 0.0725; 54135.07; 74.52; 5269.66; 54135.07; 74.52; 5269.66; 0.0000; 0.0000; 0.0000; 1.0000; 0.0000; 0.0000; 0.00; 0.00; 0.00; 0.00; 0.00; 0.00; 0.00; 0.00; 0.00; 0
14; 1.0000; 0.0000; 0.0000; 0.0000; 0.3650; 0.3423; 0.0010; 0.0731; 53997.25; 75.35; 5327.71; 53997.25; 75.35; 5327.71; 0.0000; 0.0000; 0.0000; 1.0000; 0.0000; 0.0000; 0.00; 0.00; 0.00; 0.00; 0.00; 0.00; 0.00; 0.00; 0.00; 0
15; 1.0000; 0.0000; 0.0000; 0.0000; 0.3650; 0.3407; 0.0010; 0.0725; 54071.92; 74.54; 5270.67; 54071.92; 74.54; 5270.67; 0.0000; 0.0000; 0.0000; 1.0000; 0.0000; 0.0000; 0.00; 0.00; 0.00; 0.00; 0.00; 0.00; 0.00; 0.00; 0.00; 0
16; 1.0000; 0.0000; 0.0000; 0.0000; 0.3650; 0.3421; 0.0010; 0.0736; 53905.71; 73.85; 5221.84; 53905.71; 73.85; 5221.84; 0.0000; 0.0000; 0.0000; 1.0000; 0.0000; 0.0000; 0.00; 0.00; 0.00; 0.00; 0.00; 0.00; 0.00; 0.00; 0.00; 0
17; 1.0000; 0.0000; 0.0000; 0.0000; 0.3650; 0.3399; 0.0010; 0.0734; 53952.68; 75.22; 5319.10; 53952.68; 75.22; 5319.10; 0.0000; 0.0000; 0.0000; 1.0000; 0.0000; 0.0000; 0.00; 0.00; 0.00; 0.00; 0.00; 0.00; 0.00; 0.00; 0.00; 0
18; 1.0000; 0.0000; 0.0000; 0.0000; 0.3650; 0.3423; 0.0010; 0.0726; 53970.80; 74.36; 5257.98; 53970.80; 74.36; 5257.98; 0.0000; 0.0000; 0.0000; 1.0000; 0.0000; 0.0000; 0.00; 0.00; 0.00; 0.00; 0.00; 0.00; 0.00; 0.00; 0.00; 0
19; 1.0000; 0.0000; 0.0000; 0.0000; 0.3650; 0.3410; 0.0010; 0.0735; 53853.64; 73.97; 5230.60; 53853.64; 73.97; 5230.60; 0.0000; 0.0000; 0.0000; 1.0000; 0.0000; 0.0000; 0.00; 0.00; 0.00; 0.00; 0.00; 0.00; 0.00; 0.00; 0.00; 0
20; 1.0000; 0.0000; 0.0000; 0.0000; 0.3650; 0.3415; 0.0010; 0.0733; 54053.40; 75.88; 5365.49; 54053.40; 75.88; 5365.49; 0.0000; 0.0000; 0.0000; 1.0000; 0.0000; 0.0000; 0.00; 0.00; 0.00; 0.00; 0.00; 0.00; 0.00; 0.00; 0.00; 0
21; 1.0000; 0.0000; 0.0000; 0.0000; 0.3650; 0.3394; 0.0010; 0.0738; 54097.60; 75.47; 5336.49; 54097.60; 75.47; 5336.49; 0.0000; 0.0000; 0.0000; 1.0000; 0.0000; 0.0000; 0.00; 0.00; 0.00; 0.00; 0.00; 0.00; 0.00; 0.00; 0.00; 0
22; 1.0000; 0.0000; 0.0000; 0.0000; 0.3650; 0.3416; 0.0010; 0.0737; 54050.34; 75.26; 5321.43; 54050.34; 75.26; 5321.43; 0.0000; 0.0000; 0.0000; 1.0000; 0.0000; 0.0000; 0.00; 0.00; 0.00; 0.00; 0.00; 0.00; 0.00; 0.00; 0.00; 0
23; 1.0000; 0.0000; 0.0000; 0.0000; 0.3650; 0.3400; 0.0010; 0.0726; 53954.73; 75.28; 5323.35; 53954.73; 75.28; 5323.35; 0.0000; 0.0000; 0.0000; 1.0000; 0.0000; 0.0000; 0.00; 0.00; 0.00; 0.00; 0.00; 0.00; 0.00; 0.00; 0.00; 0
24; 1.0000; 0.0000; 0.0000; 0.0000; 0.3650; 0.3410; 0.0010; 0.0736; 53922.37; 74.53; 5269.91; 53922.37; 74.53; 5269.91; 0.0000; 0.0000; 0.0000; 1.0000; 0.0000; 0.0000; 0.00; 0.00; 0.00; 0.00; 0.00; 0.00; 0.00; 0.00; 0.00; 0
25; 1.0000; 0.0000; 0.0000; 0.0000; 0.3650; 0.3408; 0.0010; 0.0734; 54021.64; 75.46; 5336.02; 54021.64; 75.46; 5336.02; 0.0000; 0.0000; 0.0000; 1.0000; 0.0000; 0.0000; 0.00; 0.00; 0.00; 0.00; 0.00; 0.00; 0.00; 0.00; 0.00; 0
26; 1.0000; 0.0000; 0.0000; 0.0000; 0.3650; 0.3425; 0.0010; 0.0736; 53932.08; 75.41; 5331.97; 53932.08; 75.41; 5331.97; 0.0000; 0.0000; 0.0000; 1.0000; 0.0000; 0.0000; 0.00; 0.00; 0.00; 0.00; 0.00; 0.00; 0.00; 0.00; 0.00; 0
27; 1.0000; 0.0000; 0.0000; 0.0000; 0.3650; 0.3425; 0.0010; 0.0731; 53804.37; 74.97; 5301.33; 53804.37; 74.97; 5301.33; 0.0000; 0.0000; 0.0000; 1.0000; 0.0000; 0.0000; 0.00; 0.00; 0.00; 0.00; 0.00; 0.00; 0.00; 0.00; 0.00; 0
28; 1.0000; 0.0000; 0.0000; 0.0000; 0.3650; 0.3415; 0.0010; 0.0739; 53915.70; 74.71; 5283.10; 53915.70; 74.71; 5283.10; 0.0000; 0.0000; 0.0000; 1.0000; 0.0000; 0.0000; 0.00; 0.00; 0.00; 0.00; 0.00; 0.00; 0.00; 0.00; 0.00; 0
29; 1.0000; 0.0000; 0.0000; 0.0000; 0.3650; 0.3396; 0.0011; 0.0744; 54115.19; 74.85; 5293.02; 54115.19; 74.85; 5293.02; 0.0000; 0.0000; 0.0000; 1.0000; 0.0000; 0.0000; 0.00; 0.00; 0.00; 0.00; 0.00; 0.00; 0.00; 0.00; 0.00; 0
30; 1.0000; 0.0000; 0.0000; 0.0000; 0.3650; 0.3423; 0.0011; 0.0744; 53890.01; 75.14; 5312.86; 53890.01; 75.14; 5312.86; 0.0000; 0.0000; 0.0000; 1.0000; 0.0000; 0.0000; 0.00; 0.00; 0.00; 0.00; 0.00; 0.00; 0.00; 0.00; 0.00; 0
31; 1.0000; 0.0000; 0.0000; 0.0000; 0.3650; 0.3401; 0.0010; 0.0738; 53957.74; 75.75; 5356.38; 53957.74; 75.75; 5356.38; 0.0000; 0.0000; 0.0000; 1.0000; 0.0000; 0.0000; 0.00; 0.00; 0.00; 0.00; 0.00; 0.00; 0.00; 0.00; 0.00; 0
32; 1.0000; 0.0000; 0.0000; 0.0000; 0.3650; 0.3416; 0.0010; 0.0735; 53907.73; 74.64; 5277.91; 53907.73; 74.64; 5277.91; 0.0000; 0.0000; 0.0000; 1.0000; 0.0000; 0.0000; 0.00; 0.00; 0.00; 0.00; 0.00; 0.00; 0.00; 0.00; 0.00; 0
33; 1.0000; 0.0000; 0.0000; 0.0000; 0.3650; 0.3402; 0.0010; 0.0739; 53960.34; 76.29; 5394.83; 53960.34; 76.29; 5394.83; 0.0000; 0.0000; 0.0000; 1.0000; 0.0000; 0.0000; 0.00; 0.00; 0.00; 0.00; 0.00; 0.00; 0.00; 0.00; 0.00; 0
34; 1.0000; 0.0000; 0.0000; 0.0000; 0.3650; 0.3429; 0.0010; 0.0733; 53939.64; 74.38; 5259.79; 53939.64; 74.38; 5259.79; 0.0000; 0.0000; 0.0000; 1.0000; 0.0000; 0.0000; 0.00; 0.00; 0.00; 0.00; 0.00; 0.00; 0.00; 0.00; 0.00; 0
35; 1.0000; 0.0000; 0.0000; 0.0000; 0.3650; 0.3423; 0.0010; 0.0730; 53913.15; 74.94; 5299.27; 53913.15; 74.94; 5299.27; 0.0000; 0.0000; 0.0000; 1.0000; 0.0000; 0.0000; 0.00; 0.00; 0.00; 0.00; 0.00; 0.00; 0.00; 0.00; 0.00; 0
36; 1.0000; 0.0000; 0.0000; 0.0000; 0.3650; 0.3419; 0.0010; 0.0727; 53911.23; 73.84; 5221.00; 53911.23; 73.84; 5221.00; 0.0000; 0.0000; 0.0000; 1.0000; 0.0000; 0.0000; 0.00; 0.00; 0.00; 0.00; 0.00; 0.00; 0.00; 0.00; 0.00; 0
37; 1.0000; 0.0000; 0.0000; 0.0000; 0.3650; 0.3421; 0.0010; 0.0728; 54010.24; 76.25; 5391.95; 54010.24; 76.25; 5391.95; 0.0000; 0.0000; 0.0000; 1.0000; 0.0000; 0.0000; 0.00; 0.00; 0.00; 0.00; 0.00; 0.00; 0.00; 0.00; 0.00; 0
38; 1.0000; 0.0000; 0.0000; 0.0000; 0.3650; 0.3439; 0.0010; 0.0726; 53833.53; 76.24; 5391.01; 53833.53; 76.24; 5391.01; 0.0000; 0.0000; 0.0000; 1.0000; 0.0000; 0.0000; 0.00; 0.00; 0.00; 0.00; 0.00; 0.00; 0.00; 0.00; 0.00; 0
39; 1.0000; 0.0000; 0.0000; 0.0000; 0.3650; 0.3406; 0.0010; 0.0742; 53916.27; 75.80; 5360.20; 53916.27; 75.80; 5360.20; 0.0000; 0.0000; 0.0000; 1.0000; 0.0000; 0.0000; 0.00; 0.00; 0.00; 0.00; 0.00; 0.00; 0.00; 0.00; 0.00; 0
40; 1.0000; 0.0000; 0.0000; 0.0000; 0.3650; 0.3400; 0.0011; 0.0743; 54006.81; 74.48; 5266.32; 54006.81; 74.48; 5266.32; 0.0000; 0.0000; 0.0000; 1.0000; 0.0000; 0.0000; 0.00; 0.00; 0.00; 0.00; 0.00; 0.00; 0.00; 0.00; 0.00; 0
41; 1.0000; 0.0000; 0.0000; 0.0000; 0.3650; 0.3414; 0.0010; 0.0736; 54011.90; 75.63; 5347.51; 54011.90; 75.63; 5347.51; 0.0000; 0.0000; 0.0000; 1.0000; 0.0000; 0.0000; 0.00; 0.00; 0.00; 0.00; 0.00; 0.00; 0.00; 0.00; 0.00; 0
42; 1.0000; 0.0000; 0.0000; 0.0000; 0.3650; 0.3415; 0.0011; 0.0743; 53897.52; 74.97; 5301.48; 53897.52; 74.97; 5301.48; 0.0000; 0.0000; 0.0000; 1.0000; 0.0000; 0.0000; 0.00; 0.00; 0.00; 0.00; 0.00; 0.00; 0.00; 0.00; 0.00; 0
43; 1.0000; 0.0000; 0.0000; 0.0000; 0.3650; 0.3412; 0.0010; 0.0734; 53894.69; 75.65; 5349.46; 53894.69; 75.65; 5349.46; 0.0000; 0.0000; 0.0000; 1.0000; 0.0000; 0.0000; 0.00; 0.00; 0.00; 0.00; 0.00; 0.00; 0.00; 0.00; 0.00; 0
44; 1.0000; 0.0000; 0.0000; 0.0000; 0.3650; 0.3413; 0.0010; 0.0730; 53748.60; 75.27; 5322.08; 53748.60; 75.27; 5322.08; 0.0000; 0.0000; 0.0000; 1.0000; 0.0000; 0.0000; 0.00; 0.00; 0.00; 0.00; 0.00; 0.00; 0.00; 0.00; 0.00; 0
45; 1.0000; 0.0000; 0.0000; 0.0000; 0.3650; 0.3417; 0.0010; 0.0733; 53974.31; 75.70; 5352.77; 53974.31; 75.70; 5352.77; 0.0000; 0.0000; 0.0000; 1.0000; 0.0000; 0.0000; 0.00; 0.00; 0.00; 0.00; 0.00; 0.00; 0.00; 0.00; 0.00; 0
46; 1.0000; 0.0000; 0.0000; 0.0000; 0.3650; 0.3415; 0.0010; 0.0726; 54029.06; 75.31; 5325.42; 54029.06; 75.31; 5325.42; 0.0000; 0.0000; 0.0000; 1.0000; 0.0000; 0.0000; 0.00; 0.00; 0.00; 0.00; 0.00; 0.00; 0.00; 0.00; 0.00; 0
47; 1.0000; 0.0000; 0.0000; 0.0000; 0.3650; 0.3420; 0.0010; 0.0723; 54017.63; 72.47; 5124.46; 54017.63; 72.47; 5124.46; 0.0000; 0.0000; 0.0000; 1.0000; 0.0000; 0.0000; 0.00; 0.00; 0.00; 0.00; 0.00; 0.00; 0.00; 0.00; 0.00; 0
48; 1.0000; 0.0000; 0.0000; 0.0000; 0.3650; 0.3406; 0.0010; 0.0735; 53895.07; 75.49; 5337.83; 53895.07; 75.49; 5337.83; 0.0000; 0.0000; 0.0000; 1.0000; 0.0000; 0.0000; 0.00; 0.00; 0.00; 0.00; 0.00; 0.00; 0.00; 0.00; 0.00; 0
49; 1.0000; 0.0000; 0.0000; 0.0000; 0.3650; 0.3422; 0.0010; 0.0729; 53966.47; 75.20; 5317.10; 53966.47; 75.20; 5317.10; 0.0000; 0.0000; 0.0000; 1.0000; 0.0000; 0.0000; 0.00; 0.00; 0.00; 0.00; 0.00; 0.00; 0.00; 0.00; 0.00; 0
50; 1.0000; 0.0000; 0.0000; 0.0000; 0.3650; 0.3412; 0.0011; 0.0746; 53953.02; 76.38; 5400.98; 53953.02; 76.38; 5400.98; 0.0000; 0.0000; 0.0000; 1.0000; 0.0000; 0.0000; 0.00; 0.00; 0.00; 0.00; 0.00; 0.00; 0.00; 0.00; 0.00; 0
51; 1.0000; 0.0000; 0.0000; 0.0000; 0.3650; 0.3430; 0.0010; 0.0737; 53943.89; 75.88; 5365.47; 53943.89; 75.88; 5365.47; 0.0000; 0.0000; 0.0000; 1.0000; 0.0000; 0.0000; 0.00; 0.00; 0.00; 0.00; 0.00; 0.00; 0.00; 0.00; 0.00; 0
52; 1.0000; 0.0000; 0.0000; 0.0000; 0.3650; 0.3428; 0.0010; 0.0739; 53892.73; 76.08; 5380.01; 53892.73; 76.08; 5380.01; 0.0000; 0.0000; 0.0000; 1.0000; 0.0000; 0.0000; 0.00; 0.00; 0.00; 0.00; 0.00; 0.00; 0.00; 0.00; 0.00; 0
53; 1.0000; 0.0000; 0.0000; 0.0000; 0.3650; 0.3394; 0.0010; 0.0742; 53906.77; 75.06; 5307.68; 53906.77; 75.06; 5307.68; 0.0000; 0.0000; 0.0000; 1.0000; 0.0000; 0.0000; 0.00; 0.00; 0.00; 0.00; 0.00; 0.00; 0.00; 0.00; 0.00; 0
54; 1.0000; 0.0000; 0.0000; 0.0000; 0.3650; 0.3417; 0.0011; 0.0743; 53860.61; 75.28; 5323.15; 53860.61; 75.28; 5323.15; 0.0000; 0.0000; 0.0000; 1.0000; 0.0000; 0.0000; 0.00; 0.00; 0.00; 0.00; 0.00; 0.00; 0.00; 0.00; 0.00; 0
55; 1.0000; 0.0000; 0.0000; 0.0000; 0.3650; 0.3406; 0.0010; 0.0734; 53930.62; 74.89; 5295.72; 53930.62; 74.89; 5295.72; 0.0000; 0.0000; 0.0000; 1.0000; 0.0000; 0.0000; 0.00; 0.00; 0.00; 0.00; 0.00; 0.00; 0.00; 0.00; 0.00; 0
56; 1.0000; 0.0000; 0.0000; 0.0000; 0.3650; 0.3417; 0.0011; 0.0745; 53934.71; 73.90; 5225.49; 53934.71; 73.90; 5225.49; 0.0000; 0.0000; 0.0000; 1.0000; 0.0000; 0.0000; 0.00; 0.00; 0.00; 0.00; 0.00; 0.00; 0.00; 0.00; 0.00; 0
57; 1.0000; 0.0000; 0.0000; 0.0000; 0.3650; 0.3414; 0.0010; 0.0742; 53984.20; 75.08; 5309.24; 53984.20; 75.08; 5309.24; 0.0000; 0.0000; 0.0000; 1.0000; 0.0000; 0.0000; 0.00; 0.00; 0.00; 0.00; 0.00; 0.00; 0.00; 0.00; 0.00; 0
58; 1.0000; 0.0000; 0.0000; 0.0000; 0.3650; 0.3403; 0.0010; 0.0730; 54053.66; 75.35; 5327.97; 54053.66; 75.35; 5327.97; 0.0000; 0.0000; 0.0000; 1.0000; 0.0000; 0.0000; 0.00; 0.00; 0.00; 0.00; 0.00; 0.00; 0.00; 0.00; 0.00; 0
59; 1.0000; 0.0000; 0.0000; 0.0000; 0.3650; 0.3412; 0.0010; 0.0734; 54027.96; 75.90; 5366.98; 54027.96; 75.90; 5366.98; 0.0000; 0.0000; 0.0000; 1.0000; 0.0000; 0.0000; 0.00; 0.00; 0.00; 0.00; 0.00; 0.00; 0.00; 0.00; 0.00; 0
60; 1.0000; 0.0000; 0.0000; 0.0000; 0.3650; 0.3416; 0.0011; 0.0747; 53955.08; 75.45; 5335.37; 53955.08; 75.45; 5335.37; 0.0000; 0.0000; 0.0000; 1.0000; 0.0000; 0.0000; 0.00; 0.00; 0.00; 0.00; 0.00; 0.00; 0.00; 0.00; 0.00; 0
61; 1.0000; 0.0000; 0.0000; 0.0000; 0.3650; 0.3405; 0.0010; 0.0740; 54131.74; 75.78; 5358.38; 54131.74; 75.78; 5358.38; 0.0000; 0.0000; 0.0000; 1.0000; 0.0000; 0.0000; 0.00; 0.00; 0.00; 0.00; 0.00; 0.00; 0.00; 0.00; 0.00; 0
62; 1.0000; 0.0000; 0.0000; 0.0000; 0.3650; 0.3418; 0.0010; 0.0721; 53933.23; 75.46; 5335.66; 53933.23; 75.46; 5335.66; 0.0000; 0.0000; 0.0000; 1.0000; 0.0000; 0.0000; 0.00; 0.00; 0.00; 0.00; 0.00; 0.00; 0.00; 0.00; 0.00; 0
63; 1.0000; 0.0000; 0.0000; 0.0000; 0.3650; 0.3391; 0.0011; 0.0746; 53856.37; 75.76; 5357.23; 53856.37; 75.76; 5357.23; 0.0000; 0.0000; 0.0000; 1.0000; 0.0000; 0.0000; 0.00; 0.00; 0.00; 0.00; 0.00; 0.00; 0.00; 0.00; 0.00; 0
64; 1.0000; 0.0000; 0.0000; 0.0000; 0.3650; 0.3419; 0.0010; 0.0737; 53879.06; 75.03; 5305.56; 53879.06; 75.03; 5305.56; 0.0000; 0.0000; 0.0000; 1.0000; 0.0000; 0.0000; 0.00; 0.00; 0.00; 0.00; 0.00; 0.00; 0.00; 0.00; 0.00; 0
65; 1.0000; 0.0000; 0.0000; 0.0000; 0.3650; 0.3424; 0.0010; 0.0736; 54005.71; 73.72; 5212.73; 54005.71; 73.72; 5212.73; 0.0000; 0.0000; 0.0000; 1.0000; 0.0000; 0.0000; 0.00; 0.00; 0.00; 0.00; 0.00; 0.00; 0.00; 0.00; 0.00; 0
66; 1.0000; 0.0000; 0.0000; 0.0000; 0.3650; 0.3414; 0.0010; 0.0723; 53988.13; 75.58; 5344.00; 53988.13; 75.58; 5344.00; 0.0000; 0.0000; 0.0000; 1.0000; 0.0000; 0.0000; 0.00; 0.00; 0.00; 0.00; 0.00; 0.00; 0.00; 0.00; 0.00; 0
67; 1.0000; 0.0000; 0.0000; 0.0000; 0.3650; 0.3415; 0.0010; 0.0742; 53845.97; 74.52; 5269.66; 53845.97; 74.52; 5269.66; 0.0000; 0.0000; 0.0000; 1.0000; 0.0000; 0.0000; 0.00; 0.00; 0.00; 0.00; 0.00; 0.00; 0.00; 0.00; 0.00; 0
68; 1.0000; 0.0000; 0.0000; 0.0000; 0.3650; 0.3428; 0.0010; 0.0736; 53973.86; 75.16; 5314.74; 53973.86; 75.16; 5314.74; 0.0000; 0.0000; 0.0000; 1.0000; 0.0000; 0.0000; 0.00; 0.00; 0.00; 0.00; 0.00; 0.00; 0.00; 0.00; 0.00; 0
69; 1.0000; 0.0000; 0.0000; 0.0000; 0.3650; 0.3399; 0.0010; 0.0733; 53996.59; 74.73; 5284.02; 53996.59; 74.73; 5284.02; 0.0000; 0.0000; 0.0000; 1.0000; 0.0000; 0.0000; 0.00; 0.00; 0.00; 0.00; 0.00; 0.00; 0.00; 0.00; 0.00; 0
70; 1.0000; 0.0000; 0.0000; 0.0000; 0.3650; 0.3413; 0.0011; 0.0747; 54011.18; 74.86; 5293.48; 54011.18; 74.86; 5293.48; 0.0000; 0.0000; 0.0000; 1.0000; 0.0000; 0.0000; 0.00; 0.00; 0.00; 0.00; 0.00; 0.00; 0.00; 0.00; 0.00; 0
71; 1.0000; 0.0000; 0.0000; 0.0000; 0.3650; 0.3401; 0.0011; 0.0750; 54123.25; 73.26; 5180.35; 54123.25; 73.26; 5180.35; 0.0000; 0.0000; 0.0000; 1.0000; 0.0000; 0.0000; 0.00; 0.00; 0.00; 0.00; 0.00; 0.00; 0.00; 0.00; 0.00; 0
72; 1.0000; 0.0000; 0.0000; 0.0000; 0.3650; 0.3407; 0.0011; 0.0749; 53890.60; 74.89; 5295.26; 53890.60; 74.89; 5295.26; 0.0000; 0.0000; 0.0000; 1.0000; 0.0000; 0.0000; 0.00; 0.00; 0.00; 0.00; 0.00; 0.00; 0.00; 0.00; 0.00; 0
73; 1.0000; 0.0000; 0.0000; 0.0000; 0.3650; 0.3413; 0.0011; 0.0742; 53898.42; 75.40; 5331.65; 53898.42; 75.40; 5331.65; 0.0000; 0.0000; 0.0000; 1.0000; 0.0000; 0.0000; 0.00; 0.00; 0.00; 0.00; 0.00; 0.00; 0.00; 0.00; 0.00; 0
74; 1.0000; 0.0000; 0.0000; 0.0000; 0.3650; 0.3407; 0.0010; 0.0735; 53925.67; 74.94; 5299.30; 53925.67; 74.94; 5299.30; 0.0000; 0.0000; 0.0000; 1.0000; 0.0000; 0.0000; 0.00; 0.00; 0.00; 0.00; 0.00; 0.00; 0.00; 0.00; 0.00; 0
75; 1.0000; 0.0000; 0.0000; 0.0000; 0.3650; 0.3416; 0.0011; 0.0745; 53918.18; 74.76; 5286.28; 53918.18; 74.76; 5286.28; 0.0000; 0.0000; 0.0000; 1.0000; 0.0000; 0.0000; 0.00; 0.00; 0.00; 0.00; 0.00; 0.00; 0.00; 0.00; 0.00; 0
76; 1.0000; 0.0000; 0.0000; 0.0000; 0.3650; 0.3414; 0.0010; 0.0737; 54007.44; 74.98; 5301.69; 54007.44; 74.98; 5301.69; 0.0000; 0.0000; 0.0000; 1.0000; 0.0000; 0.0000; 0.00; 0.00; 0.00; 0.00; 0.00; 0.00; 0.00; 0.00; 0.00; 0
77; 1.0000; 0.0000; 0.0000; 0.0000; 0.3650; 0.3410; 0.0010; 0.0741; 53876.83; 74.69; 5281.28; 53876.83; 74.69; 5281.28; 0.0000; 0.0000; 0.0000; 1.0000; 0.0000; 0.0000; 0.00; 0.00; 0.00; 0.00; 0.00; 0.00; 0.00; 0.00; 0.00; 0
78; 1.0000; 0.0000; 0.0000; 0.0000; 0.3650; 0.3408; 0.0010; 0.0739; 53957.31; 75.40; 5331.76; 53957.31; 75.40; 5331.76; 0.0000; 0.0000; 0.0000; 1.0000; 0.0000; 0.0000; 0.00; 0.00; 0.00; 0.00; 0.00; 0.00; 0.00; 0.00; 0.00; 0
79; 1.0000; 0.0000; 0.0000; 0.0000; 0.3650; 0.3420; 0.0010; 0.0735; 53835.18; 74.34; 5256.59; 53835.18; 74.34; 5256.59; 0.0000; 0.0000; 0.0000; 1.0000; 0.0000; 0.0000; 0.00; 0.00; 0.00; 0.00; 0.00; 0.00; 0.00; 0.00; 0.00; 0
80; 1.0000; 0.0000; 0.0000; 0.0000; 0.3650; 0.3413; 0.0010; 0.0734; 53947.61; 75.01; 5303.98; 53947.61; 75.01; 5303.98; 0.0000; 0.0000; 0.0000; 1.0000; 0.0000; 0.0000; 0.00; 0.00; 0.00; 0.00; 0.00; 0.00; 0.00; 0.00; 0.00; 0
81; 1.0000; 0.0000; 0.0000; 0.0000; 0.3650; 0.3428; 0.0010; 0.0732; 54093.25; 75.23; 5319.51; 54093.25; 75.23; 5319.51; 0.0000; 0.0000; 0.0000; 1.0000; 0.0000; 0.0000; 0.00; 0.00; 0.00; 0.00; 0.00; 0.00; 0.00; 0.00; 0.00; 0
82; 1.0000; 0.0000; 0.0000; 0.0000; 0.3650; 0.3415; 0.0010; 0.0728; 53908.51; 73.49; 5196.27; 53908.51; 73.49; 5196.27; 0.0000; 0.0000; 0.0000; 1.0000; 0.0000; 0.0000; 0.00; 0.00; 0.00; 0.00; 0.00; 0.00; 0.00; 0.00; 0.00; 0
83; 1.0000; 0.0000; 0.0000; 0.0000; 0.3650; 0.3425; 0.0010; 0.0738; 53841.80; 74.40; 5261.14; 53841.80; 74.40; 5261.14; 0.0000; 0.0000; 0.0000; 1.0000; 0.0000; 0.0000; 0.00; 0.00; 0.00; 0.00; 0.00; 0.00; 0.00; 0.00; 0.00; 0
84; 1.0000; 0.0000; 0.0000; 0.0000; 0.3650; 0.3425; 0.0010; 0.0713; 54024.34; 75.55; 5342.27; 54024.34; 75.55; 5342.27; 0.0000; 0.0000; 0.0000; 1.0000; 0.0000; 0.0000; 0.00; 0.00; 0.00; 0.00; 0.00; 0.00; 0.00; 0.00; 0.00; 0
85; 1.0000; 0.0000; 0.0000; 0.0000; 0.3650; 0.3398; 0.0010; 0.0732; 53925.24; 75.60; 5345.78; 53925.24; 75.60; 5345.78; 0.0000; 0.0000; 0.0000; 1.0000; 0.0000; 0.0000; 0.00; 0.00; 0.00; 0.00; 0.00; 0.00; 0.00; 0.00; 0.00; 0
86; 1.0000; 0.0000; 0.0000; 0.0000; 0.3650; 0.3418; 0.0010; 0.0727; 54061.99; 75.73; 5354.84; 54061.99; 75.73; 5354.84; 0.0000; 0.0000; 0.0000; 1.0000; 0.0000; 0.0000; 0.00; 0.00; 0.00; 0.00; 0.00; 0.00; 0.00; 0.00; 0.00; 0
87; 1.0000; 0.0000; 0.0000; 0.0000; 0.3650; 0.3392; 0.0011; 0.0745; 53942.81; 75.63; 5347.70; 53942.81; 75.63; 5347.70; 0.0000; 0.0000; 0.0000; 1.0000; 0.0000; 0.0000; 0.00; 0.00; 0.00; 0.00; 0.00; 0.00; 0.00; 0.00; 0.00; 0
88; 1.0000; 0.0000; 0.0000; 0.0000; 0.3650; 0.3403; 0.0010; 0.0733; 53953.91; 75.42; 5333.21; 53953.91; 75.42; 5333.21; 0.0000; 0.0000; 0.0000; 1.0000; 0.0000; 0.0000; 0.00; 0.00; 0.00; 0.00; 0.00; 0.00; 0.00; 0.00; 0.00; 0
89; 1.0000; 0.0000; 0.0000; 0.0000; 0.3650; 0.3412; 0.0010; 0.0728; 53984.31; 75.52; 5340.14; 53984.31; 75.52; 5340.14; 0.0000; 0.0000; 0.0000; 1.0000; 0.0000; 0.0000; 0.00; 0.00; 0.00; 0.00; 0.00; 0.00; 0.00; 0.00; 0.00; 0
90; 1.0000; 0.0000; 0.0000; 0.0000; 0.3650; 0.3400; 0.0010; 0.0731; 54038.57; 74.90; 5296.08; 54038.57; 74.90; 5296.08; 0.0000; 0.0000; 0.0000; 1.0000; 0.0000; 0.0000; 0.00; 0.00; 0.00; 0.00; 0.00; 0.00; 0.00; 0.00; 0.00; 0
91; 1.0000; 0.0000; 0.0000; 0.0000; 0.3650; 0.3423; 0.0010; 0.0721; 53958.71; 75.79; 5359.01; 53958.71; 75.79; 5359.01; 0.0000; 0.0000; 0.0000; 1.0000; 0.0000; 0.0000; 0.00; 0.00; 0.00; 0.00; 0.00; 0.00; 0.00; 0.00; 0.00; 0
92; 1.0000; 0.0000; 0.0000; 0.0000; 0.3650; 0.3410; 0.0010; 0.0742; 53978.66; 75.82; 5361.53; 53978.66; 75.82; 5361.53; 0.0000; 0.0000; 0.0000; 1.0000; 0.0000; 0.0000; 0.00; 0.00; 0.00; 0.00; 0.00; 0.00; 0.00; 0.00; 0.00; 0
93; 1.0000; 0.0000; 0.0000; 0.0000; 0.3650; 0.3399; 0.0011; 0.0748; 53948.19; 74.08; 5238.42; 53948.19; 74.08; 5238.42; 0.0000; 0.0000; 0.0000; 1.0000; 0.0000; 0.0000; 0.00; 0.00; 0.00; 0.00; 0.00; 0.00; 0.00; 0.00; 0.00; 0
94; 1.0000; 0.0000; 0.0000; 0.0000; 0.3650; 0.3419; 0.0011; 0.0752; 53894.52; 74.83; 5291.22; 53894.52; 74.83; 5291.22; 0.0000; 0.0000; 0.0000; 1.0000; 0.0000; 0.0000; 0.00; 0.00; 0.00; 0.00; 0.00; 0.00; 0.00; 0.00; 0.00; 0
95; 1.0000; 0.0000; 0.0000; 0.0000; 0.3650; 0.3420; 0.0010; 0.0738; 53914.80; 74.85; 5292.71; 53914.80; 74.85; 5292.71; 0.0000; 0.0000; 0.0000; 1.0000; 0.0000; 0.0000; 0.00; 0.00; 0.00; 0.00; 0.00; 0.00; 0.00; 0.00; 0.00; 0
96; 1.0000; 0.0000; 0.0000; 0.0000; 0.3650; 0.3424; 0.0010; 0.0737; 54041.26; 72.79; 5146.92; 54041.26; 72.79; 5146.92; 0.0000; 0.0000; 0.0000; 1.0000; 0.0000; 0.0000; 0.00; 0.00; 0.00; 0.00; 0.00; 0.00; 0.00; 0.00; 0.00; 0
97; 1.0000; 0.0000; 0.0000; 0.0000; 0.3650; 0.3391; 0.0011; 0.0754; 54068.66; 75.01; 5304.30; 54068.66; 75.01; 5304.30; 0.0000; 0.0000; 0.0000; 1.0000; 0.0000; 0.0000; 0.00; 0.00; 0.00; 0.00; 0.00; 0.00; 0.00; 0.00; 0.00; 0
98; 1.0000; 0.0000; 0.0000; 0.0000; 0.3650; 0.3420; 0.0010; 0.0740; 53941.53; 75.07; 5307.94; 53941.53; 75.07; 5307.94; 0.0000; 0.0000; 0.0000; 1.0000; 0.0000; 0.0000; 0.00; 0.00; 0.00; 0.00; 0.00; 0.00; 0.00; 0.00; 0.00; 0
99; 1.0000; 0.0000; 0.0000; 0.0000; 0.3650; 0.3419; 0.0010; 0.0725; 54060.94; 75.81; 5360.45; 54060.94; 75.81; 5360.45; 0.0000; 0.0000; 0.0000; 1.0000; 0.0000; 0.0000; 0.00; 0.00; 0.00; 0.00; 0.00; 0.00; 0.00; 0.00; 0.00; 0
100; 1.0000; 0.0000; 0.0000; 0.0000; 0.3650; 0.3403; 0.0011; 0.0747; 53876.16; 74.39; 5260.43; 53876.16; 74.39; 5260.43; 0.0000; 0.0000; 0.0000; 1.0000; 0.0000; 0.0000; 0.00; 0.00; 0.00; 0.00; 0.00; 0.00; 0.00; 0.00; 0.00; 0
