    Year (Census)
    Proportion of populations extant, SE
    Proportion of populations going extinct for the first time in year, SE
    Deterministic growth, Stochastic growth, SE, SD
    Mean population size (across extant populations), SE, SD
    Mean population size (across all populations), SE, SD
    Population-based model: No genetic data (12 skipped fields)



    Mean time to extinction, SE, SD
    Median time to extinction
Year;PExtant;SE(PExtant);PExtinct;SE(PExtinct);det-r;stoch-r;SE(r);SD(r);N-extant;SE(N-extant);SD(N-extant);N-all;SE(N-all);SD(N-all);GeneDiv;SE(GD);SD(GD);Inbreed;SE(Inbr);SD(Inbr);nAlleles;SE(nAlleles);SD(nAlleles);nLethals;SE(nLethals);SD(nLethals);TE;SE(TE);SD(TE);medianTE
Default Scenario
Population 1: Population1
0; 1.0000; 0.0000; 0.0000; 0.0000; -0.0066;      0;      0;      0; 90516.00; 0.00; 0.00; 90516.00; 0.00; 0.00; 0.0000; 0.0000; 0.0000; 1.0000; 0.0000; 0.0000; 0.00; 0.00; 0.00; 0.00; 0.00; 0.00; 0.00; 0.00; 0.00; 0
1; 1.0000; 0.0000; 0.0000; 0.0000; -0.0066; -0.0101; 0.0015; 0.1058; 84493.87; 100.42; 7100.44; 84493.87; 100.42; 7100.44; 0.0000; 0.0000; 0.0000; 1.0000; 0.0000; 0.0000; 0.00; 0.00; 0.00; 0.00; 0.00; 0.00; 0.00; 0.00; 0.00; 0
2; 1.0000; 0.0000; 0.0000; 0.0000; -0.0066; -0.0092; 0.0015; 0.1069; 80606.95; 116.27; 8221.35; 80606.95; 116.27; 8221.35; 0.0000; 0.0000; 0.0000; 1.0000; 0.0000; 0.0000; 0.00; 0.00; 0.00; 0.00; 0.00; 0.00; 0.00; 0.00; 0.00; 0
3; 1.0000; 0.0000; 0.0000; 0.0000; -0.0066; -0.0106; 0.0015; 0.1088; 77681.26; 128.62; 9094.97; 77681.26; 128.62; 9094.97; 0.0000; 0.0000; 0.0000; 1.0000; 0.0000; 0.0000; 0.00; 0.00; 0.00; 0.00; 0.00; 0.00; 0.00; 0.00; 0.00; 0
4; 1.0000; 0.0000; 0.0000; 0.0000; -0.0066; -0.0138; 0.0015; 0.1086; 75161.91; 137.29; 9707.77; 75161.91; 137.29; 9707.77; 0.0000; 0.0000; 0.0000; 1.0000; 0.0000; 0.0000; 0.00; 0.00; 0.00; 0.00; 0.00; 0.00; 0.00; 0.00; 0.00; 0
5; 1.0000; 0.0000; 0.0000; 0.0000; -0.0066; -0.0113; 0.0016; 0.1100; 73242.59; 146.18; 10336.38; 73242.59; 146.18; 10336.38; 0.0000; 0.0000; 0.0000; 1.0000; 0.0000; 0.0000; 0.00; 0.00; 0.00; 0.00; 0.00; 0.00; 0.00; 0.00; 0.00; 0
6; 1.0000; 0.0000; 0.0000; 0.0000; -0.0066; -0.0076; 0.0015; 0.1066; 71809.89; 154.42; 10919.17; 71809.89; 154.42; 10919.17; 0.0000; 0.0000; 0.0000; 1.0000; 0.0000; 0.0000; 0.00; 0.00; 0.00; 0.00; 0.00; 0.00; 0.00; 0.00; 0.00; 0
7; 1.0000; 0.0000; 0.0000; 0.0000; -0.0066; -0.0120; 0.0015; 0.1086; 70159.20; 160.39; 11341.30; 70159.20; 160.39; 11341.30; 0.0000; 0.0000; 0.0000; 1.0000; 0.0000; 0.0000; 0.00; 0.00; 0.00; 0.00; 0.00; 0.00; 0.00; 0.00; 0.00; 0
8; 1.0000; 0.0000; 0.0000; 0.0000; -0.0066; -0.0094; 0.0015; 0.1065; 68904.82; 166.09; 11744.19; 68904.82; 166.09; 11744.19; 0.0000; 0.0000; 0.0000; 1.0000; 0.0000; 0.0000; 0.00; 0.00; 0.00; 0.00; 0.00; 0.00; 0.00; 0.00; 0.00; 0
9; 1.0000; 0.0000; 0.0000; 0.0000; -0.0066; -0.0095; 0.0015; 0.1095; 67686.03; 172.01; 12162.72; 67686.03; 172.01; 12162.72; 0.0000; 0.0000; 0.0000; 1.0000; 0.0000; 0.0000; 0.00; 0.00; 0.00; 0.00; 0.00; 0.00; 0.00; 0.00; 0.00; 0
10; 1.0000; 0.0000; 0.0000; 0.0000; -0.0066; -0.0122; 0.0015; 0.1074; 66411.03; 176.65; 12491.17; 66411.03; 176.65; 12491.17; 0.0000; 0.0000; 0.0000; 1.0000; 0.0000; 0.0000; 0.00; 0.00; 0.00; 0.00; 0.00; 0.00; 0.00; 0.00; 0.00; 0
11; 1.0000; 0.0000; 0.0000; 0.0000; -0.0066; -0.0085; 0.0015; 0.1055; 65426.65; 180.78; 12782.93; 65426.65; 180.78; 12782.93; 0.0000; 0.0000; 0.0000; 1.0000; 0.0000; 0.0000; 0.00; 0.00; 0.00; 0.00; 0.00; 0.00; 0.00; 0.00; 0.00; 0
12; 1.0000; 0.0000; 0.0000; 0.0000; -0.0066; -0.0112; 0.0015; 0.1090; 64320.67; 184.57; 13050.76; 64320.67; 184.57; 13050.76; 0.0000; 0.0000; 0.0000; 1.0000; 0.0000; 0.0000; 0.00; 0.00; 0.00; 0.00; 0.00; 0.00; 0.00; 0.00; 0.00; 0
13; 1.0000; 0.0000; 0.0000; 0.0000; -0.0066; -0.0096; 0.0015; 0.1071; 63427.52; 189.63; 13409.08; 63427.52; 189.63; 13409.08; 0.0000; 0.0000; 0.0000; 1.0000; 0.0000; 0.0000; 0.00; 0.00; 0.00; 0.00; 0.00; 0.00; 0.00; 0.00; 0.00; 0
14; 1.0000; 0.0000; 0.0000; 0.0000; -0.0066; -0.0121; 0.0015; 0.1091; 62393.35; 194.37; 13744.31; 62393.35; 194.37; 13744.31; 0.0000; 0.0000; 0.0000; 1.0000; 0.0000; 0.0000; 0.00; 0.00; 0.00; 0.00; 0.00; 0.00; 0.00; 0.00; 0.00; 0
15; 1.0000; 0.0000; 0.0000; 0.0000; -0.0066; -0.0132; 0.0015; 0.1095; 61405.03; 199.54; 14109.64; 61405.03; 199.54; 14109.64; 0.0000; 0.0000; 0.0000; 1.0000; 0.0000; 0.0000; 0.00; 0.00; 0.00; 0.00; 0.00; 0.00; 0.00; 0.00; 0.00; 0
16; 1.0000; 0.0000; 0.0000; 0.0000; -0.0066; -0.0103; 0.0015; 0.1092; 60580.41; 204.39; 14452.26; 60580.41; 204.39; 14452.26; 0.0000; 0.0000; 0.0000; 1.0000; 0.0000; 0.0000; 0.00; 0.00; 0.00; 0.00; 0.00; 0.00; 0.00; 0.00; 0.00; 0
17; 1.0000; 0.0000; 0.0000; 0.0000; -0.0066; -0.0128; 0.0016; 0.1096; 59579.93; 206.70; 14616.21; 59579.93; 206.70; 14616.21; 0.0000; 0.0000; 0.0000; 1.0000; 0.0000; 0.0000; 0.00; 0.00; 0.00; 0.00; 0.00; 0.00; 0.00; 0.00; 0.00; 0
18; 1.0000; 0.0000; 0.0000; 0.0000; -0.0066; -0.0079; 0.0015; 0.1093; 58984.09; 210.41; 14878.31; 58984.09; 210.41; 14878.31; 0.0000; 0.0000; 0.0000; 1.0000; 0.0000; 0.0000; 0.00; 0.00; 0.00; 0.00; 0.00; 0.00; 0.00; 0.00; 0.00; 0
19; 1.0000; 0.0000; 0.0000; 0.0000; -0.0066; -0.0134; 0.0015; 0.1075; 58081.07; 213.99; 15131.44; 58081.07; 213.99; 15131.44; 0.0000; 0.0000; 0.0000; 1.0000; 0.0000; 0.0000; 0.00; 0.00; 0.00; 0.00; 0.00; 0.00; 0.00; 0.00; 0.00; 0
20; 1.0000; 0.0000; 0.0000; 0.0000; -0.0066; -0.0101; 0.0015; 0.1069; 57390.03; 217.30; 15365.52; 57390.03; 217.30; 15365.52; 0.0000; 0.0000; 0.0000; 1.0000; 0.0000; 0.0000; 0.00; 0.00; 0.00; 0.00; 0.00; 0.00; 0.00; 0.00; 0.00; 0
21; 1.0000; 0.0000; 0.0000; 0.0000; -0.0066; -0.0122; 0.0015; 0.1094; 56576.07; 220.10; 15563.29; 56576.07; 220.10; 15563.29; 0.0000; 0.0000; 0.0000; 1.0000; 0.0000; 0.0000; 0.00; 0.00; 0.00; 0.00; 0.00; 0.00; 0.00; 0.00; 0.00; 0
22; 1.0000; 0.0000; 0.0000; 0.0000; -0.0066; -0.0108; 0.0015; 0.1091; 55892.18; 222.93; 15763.22; 55892.18; 222.93; 15763.22; 0.0000; 0.0000; 0.0000; 1.0000; 0.0000; 0.0000; 0.00; 0.00; 0.00; 0.00; 0.00; 0.00; 0.00; 0.00; 0.00; 0
23; 1.0000; 0.0000; 0.0000; 0.0000; -0.0066; -0.0140; 0.0015; 0.1092; 55052.71; 225.26; 15928.54; 55052.71; 225.26; 15928.54; 0.0000; 0.0000; 0.0000; 1.0000; 0.0000; 0.0000; 0.00; 0.00; 0.00; 0.00; 0.00; 0.00; 0.00; 0.00; 0.00; 0
24; 1.0000; 0.0000; 0.0000; 0.0000; -0.0066; -0.0090; 0.0015; 0.1089; 54528.12; 230.07; 16268.70; 54528.12; 230.07; 16268.70; 0.0000; 0.0000; 0.0000; 1.0000; 0.0000; 0.0000; 0.00; 0.00; 0.00; 0.00; 0.00; 0.00; 0.00; 0.00; 0.00; 0
25; 1.0000; 0.0000; 0.0000; 0.0000; -0.0066; -0.0104; 0.0015; 0.1082; 53859.40; 230.16; 16274.51; 53859.40; 230.16; 16274.51; 0.0000; 0.0000; 0.0000; 1.0000; 0.0000; 0.0000; 0.00; 0.00; 0.00; 0.00; 0.00; 0.00; 0.00; 0.00; 0.00; 0
26; 1.0000; 0.0000; 0.0000; 0.0000; -0.0066; -0.0116; 0.0015; 0.1074; 53227.04; 232.17; 16417.00; 53227.04; 232.17; 16417.00; 0.0000; 0.0000; 0.0000; 1.0000; 0.0000; 0.0000; 0.00; 0.00; 0.00; 0.00; 0.00; 0.00; 0.00; 0.00; 0.00; 0
27; 1.0000; 0.0000; 0.0000; 0.0000; -0.0066; -0.0112; 0.0015; 0.1093; 52551.17; 233.37; 16501.70; 52551.17; 233.37; 16501.70; 0.0000; 0.0000; 0.0000; 1.0000; 0.0000; 0.0000; 0.00; 0.00; 0.00; 0.00; 0.00; 0.00; 0.00; 0.00; 0.00; 0
28; 1.0000; 0.0000; 0.0000; 0.0000; -0.0066; -0.0103; 0.0016; 0.1100; 51990.44; 236.26; 16705.86; 51990.44; 236.26; 16705.86; 0.0000; 0.0000; 0.0000; 1.0000; 0.0000; 0.0000; 0.00; 0.00; 0.00; 0.00; 0.00; 0.00; 0.00; 0.00; 0.00; 0
29; 1.0000; 0.0000; 0.0000; 0.0000; -0.0066; -0.0105; 0.0015; 0.1085; 51421.61; 238.09; 16835.55; 51421.61; 238.09; 16835.55; 0.0000; 0.0000; 0.0000; 1.0000; 0.0000; 0.0000; 0.00; 0.00; 0.00; 0.00; 0.00; 0.00; 0.00; 0.00; 0.00; 0
30; 1.0000; 0.0000; 0.0000; 0.0000; -0.0066; -0.0127; 0.0015; 0.1084; 50766.59; 239.80; 16956.31; 50766.59; 239.80; 16956.31; 0.0000; 0.0000; 0.0000; 1.0000; 0.0000; 0.0000; 0.00; 0.00; 0.00; 0.00; 0.00; 0.00; 0.00; 0.00; 0.00; 0
31; 1.0000; 0.0000; 0.0000; 0.0000; -0.0066; -0.0081; 0.0015; 0.1084; 50303.19; 240.86; 17031.66; 50303.19; 240.86; 17031.66; 0.0000; 0.0000; 0.0000; 1.0000; 0.0000; 0.0000; 0.00; 0.00; 0.00; 0.00; 0.00; 0.00; 0.00; 0.00; 0.00; 0
32; 1.0000; 0.0000; 0.0000; 0.0000; -0.0066; -0.0127; 0.0015; 0.1080; 49752.63; 245.29; 17344.79; 49752.63; 245.29; 17344.79; 0.0000; 0.0000; 0.0000; 1.0000; 0.0000; 0.0000; 0.00; 0.00; 0.00; 0.00; 0.00; 0.00; 0.00; 0.00; 0.00; 0
33; 1.0000; 0.0000; 0.0000; 0.0000; -0.0066; -0.0111; 0.0015; 0.1077; 49160.42; 244.90; 17316.99; 49160.42; 244.90; 17316.99; 0.0000; 0.0000; 0.0000; 1.0000; 0.0000; 0.0000; 0.00; 0.00; 0.00; 0.00; 0.00; 0.00; 0.00; 0.00; 0.00; 0
34; 1.0000; 0.0000; 0.0000; 0.0000; -0.0066; -0.0093; 0.0015; 0.1080; 48690.91; 245.80; 17380.57; 48690.91; 245.80; 17380.57; 0.0000; 0.0000; 0.0000; 1.0000; 0.0000; 0.0000; 0.00; 0.00; 0.00; 0.00; 0.00; 0.00; 0.00; 0.00; 0.00; 0
35; 1.0000; 0.0000; 0.0000; 0.0000; -0.0066; -0.0083; 0.0016; 0.1098; 48267.19; 246.29; 17415.50; 48267.19; 246.29; 17415.50; 0.0000; 0.0000; 0.0000; 1.0000; 0.0000; 0.0000; 0.00; 0.00; 0.00; 0.00; 0.00; 0.00; 0.00; 0.00; 0.00; 0
36; 1.0000; 0.0000; 0.0000; 0.0000; -0.0066; -0.0113; 0.0015; 0.1079; 47756.14; 249.19; 17620.07; 47756.14; 249.19; 17620.07; 0.0000; 0.0000; 0.0000; 1.0000; 0.0000; 0.0000; 0.00; 0.00; 0.00; 0.00; 0.00; 0.00; 0.00; 0.00; 0.00; 0
37; 1.0000; 0.0000; 0.0000; 0.0000; -0.0066; -0.0106; 0.0015; 0.1081; 47266.77; 250.34; 17701.44; 47266.77; 250.34; 17701.44; 0.0000; 0.0000; 0.0000; 1.0000; 0.0000; 0.0000; 0.00; 0.00; 0.00; 0.00; 0.00; 0.00; 0.00; 0.00; 0.00; 0
38; 1.0000; 0.0000; 0.0000; 0.0000; -0.0066; -0.0085; 0.0015; 0.1069; 46868.43; 251.90; 17812.05; 46868.43; 251.90; 17812.05; 0.0000; 0.0000; 0.0000; 1.0000; 0.0000; 0.0000; 0.00; 0.00; 0.00; 0.00; 0.00; 0.00; 0.00; 0.00; 0.00; 0
39; 1.0000; 0.0000; 0.0000; 0.0000; -0.0066; -0.0099; 0.0015; 0.1086; 46444.71; 253.81; 17946.73; 46444.71; 253.81; 17946.73; 0.0000; 0.0000; 0.0000; 1.0000; 0.0000; 0.0000; 0.00; 0.00; 0.00; 0.00; 0.00; 0.00; 0.00; 0.00; 0.00; 0
40; 1.0000; 0.0000; 0.0000; 0.0000; -0.0066; -0.0132; 0.0015; 0.1073; 45811.32; 252.62; 17863.13; 45811.32; 252.62; 17863.13; 0.0000; 0.0000; 0.0000; 1.0000; 0.0000; 0.0000; 0.00; 0.00; 0.00; 0.00; 0.00; 0.00; 0.00; 0.00; 0.00; 0
41; 1.0000; 0.0000; 0.0000; 0.0000; -0.0066; -0.0099; 0.0015; 0.1091; 45351.26; 252.59; 17861.14; 45351.26; 252.59; 17861.14; 0.0000; 0.0000; 0.0000; 1.0000; 0.0000; 0.0000; 0.00; 0.00; 0.00; 0.00; 0.00; 0.00; 0.00; 0.00; 0.00; 0
42; 1.0000; 0.0000; 0.0000; 0.0000; -0.0066; -0.0105; 0.0015; 0.1082; 44927.70; 253.64; 17934.89; 44927.70; 253.64; 17934.89; 0.0000; 0.0000; 0.0000; 1.0000; 0.0000; 0.0000; 0.00; 0.00; 0.00; 0.00; 0.00; 0.00; 0.00; 0.00; 0.00; 0
43; 1.0000; 0.0000; 0.0000; 0.0000; -0.0066; -0.0101; 0.0015; 0.1077; 44517.95; 254.53; 17997.99; 44517.95; 254.53; 17997.99; 0.0000; 0.0000; 0.0000; 1.0000; 0.0000; 0.0000; 0.00; 0.00; 0.00; 0.00; 0.00; 0.00; 0.00; 0.00; 0.00; 0
44; 1.0000; 0.0000; 0.0000; 0.0000; -0.0066; -0.0086; 0.0015; 0.1087; 44138.85; 255.11; 18039.35; 44138.85; 255.11; 18039.35; 0.0000; 0.0000; 0.0000; 1.0000; 0.0000; 0.0000; 0.00; 0.00; 0.00; 0.00; 0.00; 0.00; 0.00; 0.00; 0.00; 0
45; 1.0000; 0.0000; 0.0000; 0.0000; -0.0066; -0.0103; 0.0015; 0.1075; 43762.34; 257.89; 18235.41; 43762.34; 257.89; 18235.41; 0.0000; 0.0000; 0.0000; 1.0000; 0.0000; 0.0000; 0.00; 0.00; 0.00; 0.00; 0.00; 0.00; 0.00; 0.00; 0.00; 0
46; 1.0000; 0.0000; 0.0000; 0.0000; -0.0066; -0.0094; 0.0015; 0.1081; 43385.58; 259.04; 18316.63; 43385.58; 259.04; 18316.63; 0.0000; 0.0000; 0.0000; 1.0000; 0.0000; 0.0000; 0.00; 0.00; 0.00; 0.00; 0.00; 0.00; 0.00; 0.00; 0.00; 0
47; 1.0000; 0.0000; 0.0000; 0.0000; -0.0066; -0.0125; 0.0015; 0.1080; 42905.85; 260.49; 18419.47; 42905.85; 260.49; 18419.47; 0.0000; 0.0000; 0.0000; 1.0000; 0.0000; 0.0000; 0.00; 0.00; 0.00; 0.00; 0.00; 0.00; 0.00; 0.00; 0.00; 0
48; 1.0000; 0.0000; 0.0000; 0.0000; -0.0066; -0.0102; 0.0016; 0.1101; 42520.93; 261.48; 18489.42; 42520.93; 261.48; 18489.42; 0.0000; 0.0000; 0.0000; 1.0000; 0.0000; 0.0000; 0.00; 0.00; 0.00; 0.00; 0.00; 0.00; 0.00; 0.00; 0.00; 0
49; 1.0000; 0.0000; 0.0000; 0.0000; -0.0066; -0.0109; 0.0015; 0.1082; 42106.61; 262.58; 18567.34; 42106.61; 262.58; 18567.34; 0.0000; 0.0000; 0.0000; 1.0000; 0.0000; 0.0000; 0.00; 0.00; 0.00; 0.00; 0.00; 0.00; 0.00; 0.00; 0.00; 0
50; 1.0000; 0.0000; 0.0000; 0.0000; -0.0066; -0.0080; 0.0015; 0.1094; 41796.90; 263.45; 18629.01; 41796.90; 263.45; 18629.01; 0.0000; 0.0000; 0.0000; 1.0000; 0.0000; 0.0000; 0.00; 0.00; 0.00; 0.00; 0.00; 0.00; 0.00; 0.00; 0.00; 0
51; 1.0000; 0.0000; 0.0000; 0.0000; -0.0066; -0.0104; 0.0015; 0.1086; 41383.30; 263.40; 18624.87; 41383.30; 263.40; 18624.87; 0.0000; 0.0000; 0.0000; 1.0000; 0.0000; 0.0000; 0.00; 0.00; 0.00; 0.00; 0.00; 0.00; 0.00; 0.00; 0.00; 0
52; 1.0000; 0.0000; 0.0000; 0.0000; -0.0066; -0.0096; 0.0015; 0.1071; 41012.11; 263.04; 18599.93; 41012.11; 263.04; 18599.93; 0.0000; 0.0000; 0.0000; 1.0000; 0.0000; 0.0000; 0.00; 0.00; 0.00; 0.00; 0.00; 0.00; 0.00; 0.00; 0.00; 0
53; 1.0000; 0.0000; 0.0000; 0.0000; -0.0066; -0.0106; 0.0015; 0.1069; 40652.40; 264.21; 18682.35; 40652.40; 264.21; 18682.35; 0.0000; 0.0000; 0.0000; 1.0000; 0.0000; 0.0000; 0.00; 0.00; 0.00; 0.00; 0.00; 0.00; 0.00; 0.00; 0.00; 0
54; 1.0000; 0.0000; 0.0000; 0.0000; -0.0066; -0.0106; 0.0015; 0.1068; 40250.62; 264.01; 18668.53; 40250.62; 264.01; 18668.53; 0.0000; 0.0000; 0.0000; 1.0000; 0.0000; 0.0000; 0.00; 0.00; 0.00; 0.00; 0.00; 0.00; 0.00; 0.00; 0.00; 0
55; 1.0000; 0.0000; 0.0000; 0.0000; -0.0066; -0.0119; 0.0015; 0.1073; 39830.83; 264.60; 18710.20; 39830.83; 264.60; 18710.20; 0.0000; 0.0000; 0.0000; 1.0000; 0.0000; 0.0000; 0.00; 0.00; 0.00; 0.00; 0.00; 0.00; 0.00; 0.00; 0.00; 0
56; 1.0000; 0.0000; 0.0000; 0.0000; -0.0066; -0.0080; 0.0015; 0.1091; 39592.26; 266.93; 18874.96; 39592.26; 266.93; 18874.96; 0.0000; 0.0000; 0.0000; 1.0000; 0.0000; 0.0000; 0.00; 0.00; 0.00; 0.00; 0.00; 0.00; 0.00; 0.00; 0.00; 0
57; 1.0000; 0.0000; 0.0000; 0.0000; -0.0066; -0.0108; 0.0016; 0.1101; 39200.81; 266.95; 18876.17; 39200.81; 266.95; 18876.17; 0.0000; 0.0000; 0.0000; 1.0000; 0.0000; 0.0000; 0.00; 0.00; 0.00; 0.00; 0.00; 0.00; 0.00; 0.00; 0.00; 0
58; 1.0000; 0.0000; 0.0000; 0.0000; -0.0066; -0.0113; 0.0015; 0.1071; 38747.71; 265.00; 18738.08; 38747.71; 265.00; 18738.08; 0.0000; 0.0000; 0.0000; 1.0000; 0.0000; 0.0000; 0.00; 0.00; 0.00; 0.00; 0.00; 0.00; 0.00; 0.00; 0.00; 0
59; 1.0000; 0.0000; 0.0000; 0.0000; -0.0066; -0.0093; 0.0015; 0.1063; 38425.58; 264.53; 18705.38; 38425.58; 264.53; 18705.38; 0.0000; 0.0000; 0.0000; 1.0000; 0.0000; 0.0000; 0.00; 0.00; 0.00; 0.00; 0.00; 0.00; 0.00; 0.00; 0.00; 0
60; 1.0000; 0.0000; 0.0000; 0.0000; -0.0066; -0.0106; 0.0015; 0.1089; 38071.60; 264.12; 18675.78; 38071.60; 264.12; 18675.78; 0.0000; 0.0000; 0.0000; 1.0000; 0.0000; 0.0000; 0.00; 0.00; 0.00; 0.00; 0.00; 0.00; 0.00; 0.00; 0.00; 0
61; 1.0000; 0.0000; 0.0000; 0.0000; -0.0066; -0.0123; 0.0015; 0.1077; 37686.95; 265.20; 18752.72; 37686.95; 265.20; 18752.72; 0.0000; 0.0000; 0.0000; 1.0000; 0.0000; 0.0000; 0.00; 0.00; 0.00; 0.00; 0.00; 0.00; 0.00; 0.00; 0.00; 0
62; 1.0000; 0.0000; 0.0000; 0.0000; -0.0066; -0.0083; 0.0015; 0.1077; 37447.44; 266.15; 18819.31; 37447.44; 266.15; 18819.31; 0.0000; 0.0000; 0.0000; 1.0000; 0.0000; 0.0000; 0.00; 0.00; 0.00; 0.00; 0.00; 0.00; 0.00; 0.00; 0.00; 0
63; 1.0000; 0.0000; 0.0000; 0.0000; -0.0066; -0.0086; 0.0015; 0.1075; 37213.18; 267.75; 18932.89; 37213.18; 267.75; 18932.89; 0.0000; 0.0000; 0.0000; 1.0000; 0.0000; 0.0000; 0.00; 0.00; 0.00; 0.00; 0.00; 0.00; 0.00; 0.00; 0.00; 0
64; 1.0000; 0.0000; 0.0000; 0.0000; -0.0066; -0.0110; 0.0015; 0.1079; 36866.48; 268.27; 18969.81; 36866.48; 268.27; 18969.81; 0.0000; 0.0000; 0.0000; 1.0000; 0.0000; 0.0000; 0.00; 0.00; 0.00; 0.00; 0.00; 0.00; 0.00; 0.00; 0.00; 0
65; 1.0000; 0.0000; 0.0000; 0.0000; -0.0066; -0.0095; 0.0015; 0.1073; 36534.28; 267.15; 18890.28; 36534.28; 267.15; 18890.28; 0.0000; 0.0000; 0.0000; 1.0000; 0.0000; 0.0000; 0.00; 0.00; 0.00; 0.00; 0.00; 0.00; 0.00; 0.00; 0.00; 0
66; 1.0000; 0.0000; 0.0000; 0.0000; -0.0066; -0.0141; 0.0015; 0.1079; 36102.16; 267.10; 18886.63; 36102.16; 267.10; 18886.63; 0.0000; 0.0000; 0.0000; 1.0000; 0.0000; 0.0000; 0.00; 0.00; 0.00; 0.00; 0.00; 0.00; 0.00; 0.00; 0.00; 0
67; 1.0000; 0.0000; 0.0000; 0.0000; -0.0066; -0.0111; 0.0015; 0.1061; 35718.28; 265.96; 18805.97; 35718.28; 265.96; 18805.97; 0.0000; 0.0000; 0.0000; 1.0000; 0.0000; 0.0000; 0.00; 0.00; 0.00; 0.00; 0.00; 0.00; 0.00; 0.00; 0.00; 0
68; 1.0000; 0.0000; 0.0000; 0.0000; -0.0066; -0.0117; 0.0015; 0.1081; 35385.99; 266.10; 18816.26; 35385.99; 266.10; 18816.26; 0.0000; 0.0000; 0.0000; 1.0000; 0.0000; 0.0000; 0.00; 0.00; 0.00; 0.00; 0.00; 0.00; 0.00; 0.00; 0.00; 0
69; 1.0000; 0.0000; 0.0000; 0.0000; -0.0066; -0.0086; 0.0016; 0.1098; 35132.61; 266.05; 18812.79; 35132.61; 266.05; 18812.79; 0.0000; 0.0000; 0.0000; 1.0000; 0.0000; 0.0000; 0.00; 0.00; 0.00; 0.00; 0.00; 0.00; 0.00; 0.00; 0.00; 0
70; 1.0000; 0.0000; 0.0000; 0.0000; -0.0066; -0.0124; 0.0015; 0.1086; 34760.99; 265.26; 18756.49; 34760.99; 265.26; 18756.49; 0.0000; 0.0000; 0.0000; 1.0000; 0.0000; 0.0000; 0.00; 0.00; 0.00; 0.00; 0.00; 0.00; 0.00; 0.00; 0.00; 0
71; 1.0000; 0.0000; 0.0000; 0.0000; -0.0066; -0.0102; 0.0015; 0.1087; 34423.03; 263.98; 18666.08; 34423.03; 263.98; 18666.08; 0.0000; 0.0000; 0.0000; 1.0000; 0.0000; 0.0000; 0.00; 0.00; 0.00; 0.00; 0.00; 0.00; 0.00; 0.00; 0.00; 0
72; 1.0000; 0.0000; 0.0000; 0.0000; -0.0066; -0.0102; 0.0015; 0.1072; 34105.17; 262.17; 18538.02; 34105.17; 262.17; 18538.02; 0.0000; 0.0000; 0.0000; 1.0000; 0.0000; 0.0000; 0.00; 0.00; 0.00; 0.00; 0.00; 0.00; 0.00; 0.00; 0.00; 0
73; 1.0000; 0.0000; 0.0000; 0.0000; -0.0066; -0.0099; 0.0015; 0.1071; 33835.24; 262.48; 18560.14; 33835.24; 262.48; 18560.14; 0.0000; 0.0000; 0.0000; 1.0000; 0.0000; 0.0000; 0.00; 0.00; 0.00; 0.00; 0.00; 0.00; 0.00; 0.00; 0.00; 0
74; 1.0000; 0.0000; 0.0000; 0.0000; -0.0066; -0.0111; 0.0015; 0.1086; 33441.56; 259.15; 18324.39; 33441.56; 259.15; 18324.39; 0.0000; 0.0000; 0.0000; 1.0000; 0.0000; 0.0000; 0.00; 0.00; 0.00; 0.00; 0.00; 0.00; 0.00; 0.00; 0.00; 0
75; 1.0000; 0.0000; 0.0000; 0.0000; -0.0066; -0.0123; 0.0015; 0.1072; 33129.98; 260.40; 18413.26; 33129.98; 260.40; 18413.26; 0.0000; 0.0000; 0.0000; 1.0000; 0.0000; 0.0000; 0.00; 0.00; 0.00; 0.00; 0.00; 0.00; 0.00; 0.00; 0.00; 0
76; 1.0000; 0.0000; 0.0000; 0.0000; -0.0066; -0.0128; 0.0015; 0.1063; 32692.94; 256.87; 18163.67; 32692.94; 256.87; 18163.67; 0.0000; 0.0000; 0.0000; 1.0000; 0.0000; 0.0000; 0.00; 0.00; 0.00; 0.00; 0.00; 0.00; 0.00; 0.00; 0.00; 0
77; 1.0000; 0.0000; 0.0000; 0.0000; -0.0066; -0.0101; 0.0015; 0.1070; 32436.12; 257.44; 18204.03; 32436.12; 257.44; 18204.03; 0.0000; 0.0000; 0.0000; 1.0000; 0.0000; 0.0000; 0.00; 0.00; 0.00; 0.00; 0.00; 0.00; 0.00; 0.00; 0.00; 0
78; 1.0000; 0.0000; 0.0000; 0.0000; -0.0066; -0.0116; 0.0015; 0.1081; 32159.39; 258.10; 18250.48; 32159.39; 258.10; 18250.48; 0.0000; 0.0000; 0.0000; 1.0000; 0.0000; 0.0000; 0.00; 0.00; 0.00; 0.00; 0.00; 0.00; 0.00; 0.00; 0.00; 0
79; 1.0000; 0.0000; 0.0000; 0.0000; -0.0066; -0.0099; 0.0015; 0.1088; 31902.48; 258.28; 18262.83; 31902.48; 258.28; 18262.83; 0.0000; 0.0000; 0.0000; 1.0000; 0.0000; 0.0000; 0.00; 0.00; 0.00; 0.00; 0.00; 0.00; 0.00; 0.00; 0.00; 0
80; 1.0000; 0.0000; 0.0000; 0.0000; -0.0066; -0.0124; 0.0015; 0.1067; 31615.86; 258.51; 18279.60; 31615.86; 258.51; 18279.60; 0.0000; 0.0000; 0.0000; 1.0000; 0.0000; 0.0000; 0.00; 0.00; 0.00; 0.00; 0.00; 0.00; 0.00; 0.00; 0.00; 0
81; 1.0000; 0.0000; 0.0000; 0.0000; -0.0066; -0.0088; 0.0015; 0.1084; 31364.71; 257.70; 18222.41; 31364.71; 257.70; 18222.41; 0.0000; 0.0000; 0.0000; 1.0000; 0.0000; 0.0000; 0.00; 0.00; 0.00; 0.00; 0.00; 0.00; 0.00; 0.00; 0.00; 0
82; 1.0000; 0.0000; 0.0000; 0.0000; -0.0066; -0.0099; 0.0015; 0.1084; 31190.89; 259.69; 18363.06; 31190.89; 259.69; 18363.06; 0.0000; 0.0000; 0.0000; 1.0000; 0.0000; 0.0000; 0.00; 0.00; 0.00; 0.00; 0.00; 0.00; 0.00; 0.00; 0.00; 0
83; 1.0000; 0.0000; 0.0000; 0.0000; -0.0066; -0.0101; 0.0015; 0.1095; 30949.15; 260.10; 18391.73; 30949.15; 260.10; 18391.73; 0.0000; 0.0000; 0.0000; 1.0000; 0.0000; 0.0000; 0.00; 0.00; 0.00; 0.00; 0.00; 0.00; 0.00; 0.00; 0.00; 0
84; 1.0000; 0.0000; 0.0000; 0.0000; -0.0066; -0.0092; 0.0015; 0.1082; 30699.70; 258.98; 18312.66; 30699.70; 258.98; 18312.66; 0.0000; 0.0000; 0.0000; 1.0000; 0.0000; 0.0000; 0.00; 0.00; 0.00; 0.00; 0.00; 0.00; 0.00; 0.00; 0.00; 0
85; 1.0000; 0.0000; 0.0000; 0.0000; -0.0066; -0.0098; 0.0015; 0.1056; 30485.38; 259.41; 18342.74; 30485.38; 259.41; 18342.74; 0.0000; 0.0000; 0.0000; 1.0000; 0.0000; 0.0000; 0.00; 0.00; 0.00; 0.00; 0.00; 0.00; 0.00; 0.00; 0.00; 0
86; 1.0000; 0.0000; 0.0000; 0.0000; -0.0066; -0.0147; 0.0015; 0.1082; 30174.84; 259.82; 18371.94; 30174.84; 259.82; 18371.94; 0.0000; 0.0000; 0.0000; 1.0000; 0.0000; 0.0000; 0.00; 0.00; 0.00; 0.00; 0.00; 0.00; 0.00; 0.00; 0.00; 0
87; 1.0000; 0.0000; 0.0000; 0.0000; -0.0066; -0.0095; 0.0015; 0.1085; 29956.59; 260.81; 18441.96; 29956.59; 260.81; 18441.96; 0.0000; 0.0000; 0.0000; 1.0000; 0.0000; 0.0000; 0.00; 0.00; 0.00; 0.00; 0.00; 0.00; 0.00; 0.00; 0.00; 0
88; 1.0000; 0.0000; 0.0000; 0.0000; -0.0066; -0.0097; 0.0015; 0.1075; 29745.33; 261.20; 18469.51; 29745.33; 261.20; 18469.51; 0.0000; 0.0000; 0.0000; 1.0000; 0.0000; 0.0000; 0.00; 0.00; 0.00; 0.00; 0.00; 0.00; 0.00; 0.00; 0.00; 0
89; 1.0000; 0.0000; 0.0000; 0.0000; -0.0066; -0.0085; 0.0015; 0.1067; 29531.94; 259.76; 18367.51; 29531.94; 259.76; 18367.51; 0.0000; 0.0000; 0.0000; 1.0000; 0.0000; 0.0000; 0.00; 0.00; 0.00; 0.00; 0.00; 0.00; 0.00; 0.00; 0.00; 0
90; 1.0000; 0.0000; 0.0000; 0.0000; -0.0066; -0.0110; 0.0015; 0.1088; 29282.30; 259.97; 18382.78; 29282.30; 259.97; 18382.78; 0.0000; 0.0000; 0.0000; 1.0000; 0.0000; 0.0000; 0.00; 0.00; 0.00; 0.00; 0.00; 0.00; 0.00; 0.00; 0.00; 0
91; 1.0000; 0.0000; 0.0000; 0.0000; -0.0066; -0.0096; 0.0015; 0.1083; 29040.22; 258.57; 18283.65; 29040.22; 258.57; 18283.65; 0.0000; 0.0000; 0.0000; 1.0000; 0.0000; 0.0000; 0.00; 0.00; 0.00; 0.00; 0.00; 0.00; 0.00; 0.00; 0.00; 0
92; 1.0000; 0.0000; 0.0000; 0.0000; -0.0066; -0.0114; 0.0015; 0.1080; 28770.93; 257.99; 18242.52; 28770.93; 257.99; 18242.52; 0.0000; 0.0000; 0.0000; 1.0000; 0.0000; 0.0000; 0.00; 0.00; 0.00; 0.00; 0.00; 0.00; 0.00; 0.00; 0.00; 0
93; 1.0000; 0.0000; 0.0000; 0.0000; -0.0066; -0.0084; 0.0015; 0.1086; 28565.40; 256.99; 18171.81; 28565.40; 256.99; 18171.81; 0.0000; 0.0000; 0.0000; 1.0000; 0.0000; 0.0000; 0.00; 0.00; 0.00; 0.00; 0.00; 0.00; 0.00; 0.00; 0.00; 0
94; 1.0000; 0.0000; 0.0000; 0.0000; -0.0066; -0.0097; 0.0015; 0.1076; 28327.99; 255.93; 18097.01; 28327.99; 255.93; 18097.01; 0.0000; 0.0000; 0.0000; 1.0000; 0.0000; 0.0000; 0.00; 0.00; 0.00; 0.00; 0.00; 0.00; 0.00; 0.00; 0.00; 0
95; 1.0000; 0.0000; 0.0000; 0.0000; -0.0066; -0.0084; 0.0015; 0.1086; 28161.17; 256.34; 18126.00; 28161.17; 256.34; 18126.00; 0.0000; 0.0000; 0.0000; 1.0000; 0.0000; 0.0000; 0.00; 0.00; 0.00; 0.00; 0.00; 0.00; 0.00; 0.00; 0.00; 0
96; 1.0000; 0.0000; 0.0000; 0.0000; -0.0066; -0.0106; 0.0015; 0.1087; 27904.77; 255.18; 18044.23; 27904.77; 255.18; 18044.23; 0.0000; 0.0000; 0.0000; 1.0000; 0.0000; 0.0000; 0.00; 0.00; 0.00; 0.00; 0.00; 0.00; 0.00; 0.00; 0.00; 0
97; 1.0000; 0.0000; 0.0000; 0.0000; -0.0066; -0.0081; 0.0015; 0.1066; 27759.72; 255.99; 18101.00; 27759.72; 255.99; 18101.00; 0.0000; 0.0000; 0.0000; 1.0000; 0.0000; 0.0000; 0.00; 0.00; 0.00; 0.00; 0.00; 0.00; 0.00; 0.00; 0.00; 0
98; 1.0000; 0.0000; 0.0000; 0.0000; -0.0066; -0.0117; 0.0015; 0.1084; 27518.84; 255.13; 18040.42; 27518.84; 255.13; 18040.42; 0.0000; 0.0000; 0.0000; 1.0000; 0.0000; 0.0000; 0.00; 0.00; 0.00; 0.00; 0.00; 0.00; 0.00; 0.00; 0.00; 0
99; 1.0000; 0.0000; 0.0000; 0.0000; -0.0066; -0.0091; 0.0015; 0.1064; 27323.80; 254.23; 17976.59; 27323.80; 254.23; 17976.59; 0.0000; 0.0000; 0.0000; 1.0000; 0.0000; 0.0000; 0.00; 0.00; 0.00; 0.00; 0.00; 0.00; 0.00; 0.00; 0.00; 0
100; 1.0000; 0.0000; 0.0000; 0.0000; -0.0066; -0.0105; 0.0015; 0.1070; 27085.54; 254.15; 17971.44; 27085.54; 254.15; 17971.44; 0.0000; 0.0000; 0.0000; 1.0000; 0.0000; 0.0000; 0.00; 0.00; 0.00; 0.00; 0.00; 0.00; 0.00; 0.00; 0.00; 0
