    Year (Census)
    Proportion of populations extant, SE
    Proportion of populations going extinct for the first time in year, SE
    Deterministic growth, Stochastic growth, SE, SD
    Mean population size (across extant populations), SE, SD
    Mean population size (across all populations), SE, SD
    Population-based model: No genetic data (12 skipped fields)



    Mean time to extinction, SE, SD
    Median time to extinction
Year;PExtant;SE(PExtant);PExtinct;SE(PExtinct);det-r;stoch-r;SE(r);SD(r);N-extant;SE(N-extant);SD(N-extant);N-all;SE(N-all);SD(N-all);GeneDiv;SE(GD);SD(GD);Inbreed;SE(Inbr);SD(Inbr);nAlleles;SE(nAlleles);SD(nAlleles);nLethals;SE(nLethals);SD(nLethals);TE;SE(TE);SD(TE);medianTE
Default Scenario
Population 1: Population1
0; 1.0000; 0.0000; 0.0000; 0.0000; 0.3140;      0;      0;      0; 117768.00; 0.00; 0.00; 117768.00; 0.00; 0.00; 0.0000; 0.0000; 0.0000; 1.0000; 0.0000; 0.0000; 0.00; 0.00; 0.00; 0.00; 0.00; 0.00; 0.00; 0.00; 0.00; 0
1; 1.0000; 0.0000; 0.0000; 0.0000; 0.3140; 0.3041; 0.0017; 0.1173; 117428.47; 162.65; 11501.30; 117428.47; 162.65; 11501.30; 0.0000; 0.0000; 0.0000; 1.0000; 0.0000; 0.0000; 0.00; 0.00; 0.00; 0.00; 0.00; 0.00; 0.00; 0.00; 0.00; 0
2; 1.0000; 0.0000; 0.0000; 0.0000; 0.3140; -0.1387; 0.0016; 0.1142; 99816.38; 174.47; 12337.16; 99816.38; 174.47; 12337.16; 0.0000; 0.0000; 0.0000; 1.0000; 0.0000; 0.0000; 0.00; 0.00; 0.00; 0.00; 0.00; 0.00; 0.00; 0.00; 0.00; 0
3; 1.0000; 0.0000; 0.0000; 0.0000; 0.3140; -0.1399; 0.0016; 0.1164; 86761.48; 194.83; 13776.51; 86761.48; 194.83; 13776.51; 0.0000; 0.0000; 0.0000; 1.0000; 0.0000; 0.0000; 0.00; 0.00; 0.00; 0.00; 0.00; 0.00; 0.00; 0.00; 0.00; 0
4; 1.0000; 0.0000; 0.0000; 0.0000; 0.3140; -0.1400; 0.0016; 0.1161; 75694.21; 202.88; 14345.97; 75694.21; 202.88; 14345.97; 0.0000; 0.0000; 0.0000; 1.0000; 0.0000; 0.0000; 0.00; 0.00; 0.00; 0.00; 0.00; 0.00; 0.00; 0.00; 0.00; 0
5; 1.0000; 0.0000; 0.0000; 0.0000; 0.3140; -0.1391; 0.0016; 0.1147; 66237.37; 205.65; 14541.93; 66237.37; 205.65; 14541.93; 0.0000; 0.0000; 0.0000; 1.0000; 0.0000; 0.0000; 0.00; 0.00; 0.00; 0.00; 0.00; 0.00; 0.00; 0.00; 0.00; 0
6; 1.0000; 0.0000; 0.0000; 0.0000; 0.3140; -0.1386; 0.0016; 0.1154; 57976.10; 199.83; 14130.27; 57976.10; 199.83; 14130.27; 0.0000; 0.0000; 0.0000; 1.0000; 0.0000; 0.0000; 0.00; 0.00; 0.00; 0.00; 0.00; 0.00; 0.00; 0.00; 0.00; 0
7; 1.0000; 0.0000; 0.0000; 0.0000; 0.3140; -0.1385; 0.0016; 0.1160; 50796.46; 193.76; 13700.83; 50796.46; 193.76; 13700.83; 0.0000; 0.0000; 0.0000; 1.0000; 0.0000; 0.0000; 0.00; 0.00; 0.00; 0.00; 0.00; 0.00; 0.00; 0.00; 0.00; 0
8; 1.0000; 0.0000; 0.0000; 0.0000; 0.3140; -0.1366; 0.0016; 0.1156; 44615.76; 185.84; 13140.94; 44615.76; 185.84; 13140.94; 0.0000; 0.0000; 0.0000; 1.0000; 0.0000; 0.0000; 0.00; 0.00; 0.00; 0.00; 0.00; 0.00; 0.00; 0.00; 0.00; 0
9; 1.0000; 0.0000; 0.0000; 0.0000; 0.3140; -0.1384; 0.0016; 0.1150; 39079.74; 173.51; 12269.16; 39079.74; 173.51; 12269.16; 0.0000; 0.0000; 0.0000; 1.0000; 0.0000; 0.0000; 0.00; 0.00; 0.00; 0.00; 0.00; 0.00; 0.00; 0.00; 0.00; 0
10; 1.0000; 0.0000; 0.0000; 0.0000; 0.3140; -0.1412; 0.0017; 0.1181; 34177.19; 163.47; 11559.09; 34177.19; 163.47; 11559.09; 0.0000; 0.0000; 0.0000; 1.0000; 0.0000; 0.0000; 0.00; 0.00; 0.00; 0.00; 0.00; 0.00; 0.00; 0.00; 0.00; 0
11; 1.0000; 0.0000; 0.0000; 0.0000; 0.3140; -0.1402; 0.0017; 0.1168; 29922.72; 152.23; 10764.34; 29922.72; 152.23; 10764.34; 0.0000; 0.0000; 0.0000; 1.0000; 0.0000; 0.0000; 0.00; 0.00; 0.00; 0.00; 0.00; 0.00; 0.00; 0.00; 0.00; 0
12; 1.0000; 0.0000; 0.0000; 0.0000; 0.3140; -0.1357; 0.0016; 0.1154; 26290.09; 140.90; 9963.42; 26290.09; 140.90; 9963.42; 0.0000; 0.0000; 0.0000; 1.0000; 0.0000; 0.0000; 0.00; 0.00; 0.00; 0.00; 0.00; 0.00; 0.00; 0.00; 0.00; 0
13; 1.0000; 0.0000; 0.0000; 0.0000; 0.3140; -0.1367; 0.0016; 0.1130; 23086.45; 130.42; 9222.43; 23086.45; 130.42; 9222.43; 0.0000; 0.0000; 0.0000; 1.0000; 0.0000; 0.0000; 0.00; 0.00; 0.00; 0.00; 0.00; 0.00; 0.00; 0.00; 0.00; 0
14; 1.0000; 0.0000; 0.0000; 0.0000; 0.3140; -0.1392; 0.0016; 0.1145; 20211.09; 119.06; 8418.94; 20211.09; 119.06; 8418.94; 0.0000; 0.0000; 0.0000; 1.0000; 0.0000; 0.0000; 0.00; 0.00; 0.00; 0.00; 0.00; 0.00; 0.00; 0.00; 0.00; 0
15; 1.0000; 0.0000; 0.0000; 0.0000; 0.3140; -0.1371; 0.0016; 0.1136; 17722.08; 108.51; 7672.81; 17722.08; 108.51; 7672.81; 0.0000; 0.0000; 0.0000; 1.0000; 0.0000; 0.0000; 0.00; 0.00; 0.00; 0.00; 0.00; 0.00; 0.00; 0.00; 0.00; 0
16; 1.0000; 0.0000; 0.0000; 0.0000; 0.3140; -0.1390; 0.0016; 0.1153; 15510.84; 97.93; 6924.81; 15510.84; 97.93; 6924.81; 0.0000; 0.0000; 0.0000; 1.0000; 0.0000; 0.0000; 0.00; 0.00; 0.00; 0.00; 0.00; 0.00; 0.00; 0.00; 0.00; 0
17; 1.0000; 0.0000; 0.0000; 0.0000; 0.3140; -0.1361; 0.0016; 0.1134; 13621.61; 88.86; 6283.29; 13621.61; 88.86; 6283.29; 0.0000; 0.0000; 0.0000; 1.0000; 0.0000; 0.0000; 0.00; 0.00; 0.00; 0.00; 0.00; 0.00; 0.00; 0.00; 0.00; 0
18; 1.0000; 0.0000; 0.0000; 0.0000; 0.3140; -0.1401; 0.0017; 0.1171; 11910.27; 79.58; 5626.92; 11910.27; 79.58; 5626.92; 0.0000; 0.0000; 0.0000; 1.0000; 0.0000; 0.0000; 0.00; 0.00; 0.00; 0.00; 0.00; 0.00; 0.00; 0.00; 0.00; 0
19; 1.0000; 0.0000; 0.0000; 0.0000; 0.3140; -0.1364; 0.0016; 0.1161; 10484.76; 73.55; 5200.80; 10484.76; 73.55; 5200.80; 0.0000; 0.0000; 0.0000; 1.0000; 0.0000; 0.0000; 0.00; 0.00; 0.00; 0.00; 0.00; 0.00; 0.00; 0.00; 0.00; 0
20; 1.0000; 0.0000; 0.0000; 0.0000; 0.3140; -0.1403; 0.0016; 0.1154; 9188.43; 67.02; 4738.70; 9188.43; 67.02; 4738.70; 0.0000; 0.0000; 0.0000; 1.0000; 0.0000; 0.0000; 0.00; 0.00; 0.00; 0.00; 0.00; 0.00; 0.00; 0.00; 0.00; 0
21; 1.0000; 0.0000; 0.0000; 0.0000; 0.3140; -0.1383; 0.0016; 0.1147; 8057.95; 60.50; 4278.14; 8057.95; 60.50; 4278.14; 0.0000; 0.0000; 0.0000; 1.0000; 0.0000; 0.0000; 0.00; 0.00; 0.00; 0.00; 0.00; 0.00; 0.00; 0.00; 0.00; 0
22; 1.0000; 0.0000; 0.0000; 0.0000; 0.3140; -0.1401; 0.0016; 0.1143; 7044.29; 54.35; 3843.16; 7044.29; 54.35; 3843.16; 0.0000; 0.0000; 0.0000; 1.0000; 0.0000; 0.0000; 0.00; 0.00; 0.00; 0.00; 0.00; 0.00; 0.00; 0.00; 0.00; 0
23; 1.0000; 0.0000; 0.0000; 0.0000; 0.3140; -0.1387; 0.0016; 0.1150; 6178.96; 48.97; 3462.49; 6178.96; 48.97; 3462.49; 0.0000; 0.0000; 0.0000; 1.0000; 0.0000; 0.0000; 0.00; 0.00; 0.00; 0.00; 0.00; 0.00; 0.00; 0.00; 0.00; 0
24; 1.0000; 0.0000; 0.0000; 0.0000; 0.3140; -0.1405; 0.0016; 0.1128; 5395.18; 43.50; 3076.23; 5395.18; 43.50; 3076.23; 0.0000; 0.0000; 0.0000; 1.0000; 0.0000; 0.0000; 0.00; 0.00; 0.00; 0.00; 0.00; 0.00; 0.00; 0.00; 0.00; 0
25; 1.0000; 0.0000; 0.0000; 0.0000; 0.3140; -0.1386; 0.0016; 0.1166; 4730.27; 39.16; 2769.07; 4730.27; 39.16; 2769.07; 0.0000; 0.0000; 0.0000; 1.0000; 0.0000; 0.0000; 0.00; 0.00; 0.00; 0.00; 0.00; 0.00; 0.00; 0.00; 0.00; 0
26; 1.0000; 0.0000; 0.0000; 0.0000; 0.3140; -0.1375; 0.0016; 0.1141; 4151.70; 35.40; 2502.89; 4151.70; 35.40; 2502.89; 0.0000; 0.0000; 0.0000; 1.0000; 0.0000; 0.0000; 0.00; 0.00; 0.00; 0.00; 0.00; 0.00; 0.00; 0.00; 0.00; 0
27; 1.0000; 0.0000; 0.0000; 0.0000; 0.3140; -0.1404; 0.0016; 0.1148; 3628.92; 31.46; 2224.43; 3628.92; 31.46; 2224.43; 0.0000; 0.0000; 0.0000; 1.0000; 0.0000; 0.0000; 0.00; 0.00; 0.00; 0.00; 0.00; 0.00; 0.00; 0.00; 0.00; 0
28; 1.0000; 0.0000; 0.0000; 0.0000; 0.3140; -0.1376; 0.0016; 0.1162; 3178.31; 27.98; 1978.76; 3178.31; 27.98; 1978.76; 0.0000; 0.0000; 0.0000; 1.0000; 0.0000; 0.0000; 0.00; 0.00; 0.00; 0.00; 0.00; 0.00; 0.00; 0.00; 0.00; 0
29; 1.0000; 0.0000; 0.0000; 0.0000; 0.3140; -0.1399; 0.0017; 0.1168; 2784.99; 25.41; 1796.59; 2784.99; 25.41; 1796.59; 0.0000; 0.0000; 0.0000; 1.0000; 0.0000; 0.0000; 0.00; 0.00; 0.00; 0.00; 0.00; 0.00; 0.00; 0.00; 0.00; 0
30; 1.0000; 0.0000; 0.0000; 0.0000; 0.3140; -0.1399; 0.0017; 0.1167; 2434.93; 22.56; 1595.42; 2434.93; 22.56; 1595.42; 0.0000; 0.0000; 0.0000; 1.0000; 0.0000; 0.0000; 0.00; 0.00; 0.00; 0.00; 0.00; 0.00; 0.00; 0.00; 0.00; 0
31; 1.0000; 0.0000; 0.0000; 0.0000; 0.3140; -0.1390; 0.0016; 0.1162; 2133.80; 20.20; 1428.53; 2133.80; 20.20; 1428.53; 0.0000; 0.0000; 0.0000; 1.0000; 0.0000; 0.0000; 0.00; 0.00; 0.00; 0.00; 0.00; 0.00; 0.00; 0.00; 0.00; 0
32; 1.0000; 0.0000; 0.0000; 0.0000; 0.3140; -0.1381; 0.0017; 0.1175; 1873.24; 18.26; 1290.91; 1873.24; 18.26; 1290.91; 0.0000; 0.0000; 0.0000; 1.0000; 0.0000; 0.0000; 0.00; 0.00; 0.00; 0.00; 0.00; 0.00; 0.00; 0.00; 0.00; 0
33; 1.0000; 0.0000; 0.0000; 0.0000; 0.3140; -0.1393; 0.0016; 0.1136; 1640.14; 16.22; 1146.97; 1640.14; 16.22; 1146.97; 0.0000; 0.0000; 0.0000; 1.0000; 0.0000; 0.0000; 0.00; 0.00; 0.00; 0.00; 0.00; 0.00; 0.00; 0.00; 0.00; 0
34; 1.0000; 0.0000; 0.0000; 0.0000; 0.3140; -0.1397; 0.0016; 0.1143; 1436.66; 14.46; 1022.48; 1436.66; 14.46; 1022.48; 0.0000; 0.0000; 0.0000; 1.0000; 0.0000; 0.0000; 0.00; 0.00; 0.00; 0.00; 0.00; 0.00; 0.00; 0.00; 0.00; 0
35; 1.0000; 0.0000; 0.0000; 0.0000; 0.3140; -0.1427; 0.0016; 0.1167; 1254.93; 12.96; 916.68; 1254.93; 12.96; 916.68; 0.0000; 0.0000; 0.0000; 1.0000; 0.0000; 0.0000; 0.00; 0.00; 0.00; 0.00; 0.00; 0.00; 0.00; 0.00; 0.00; 0
36; 1.0000; 0.0000; 0.0000; 0.0000; 0.3140; -0.1412; 0.0016; 0.1158; 1096.63; 11.53; 815.34; 1096.63; 11.53; 815.34; 0.0000; 0.0000; 0.0000; 1.0000; 0.0000; 0.0000; 0.00; 0.00; 0.00; 0.00; 0.00; 0.00; 0.00; 0.00; 0.00; 0
37; 1.0000; 0.0000; 0.0000; 0.0000; 0.3140; -0.1374; 0.0016; 0.1147; 960.74; 10.24; 723.82; 960.74; 10.24; 723.82; 0.0000; 0.0000; 0.0000; 1.0000; 0.0000; 0.0000; 0.00; 0.00; 0.00; 0.00; 0.00; 0.00; 0.00; 0.00; 0.00; 0
38; 1.0000; 0.0000; 0.0000; 0.0000; 0.3140; -0.1395; 0.0016; 0.1166; 842.43; 9.17; 648.64; 842.43; 9.17; 648.64; 0.0000; 0.0000; 0.0000; 1.0000; 0.0000; 0.0000; 0.00; 0.00; 0.00; 0.00; 0.00; 0.00; 0.00; 0.00; 0.00; 0
39; 1.0000; 0.0000; 0.0000; 0.0000; 0.3140; -0.1438; 0.0017; 0.1178; 734.82; 8.12; 574.07; 734.82; 8.12; 574.07; 0.0000; 0.0000; 0.0000; 1.0000; 0.0000; 0.0000; 0.00; 0.00; 0.00; 0.00; 0.00; 0.00; 0.00; 0.00; 0.00; 0
40; 1.0000; 0.0000; 0.0000; 0.0000; 0.3140; -0.1379; 0.0016; 0.1151; 644.06; 7.22; 510.35; 644.06; 7.22; 510.35; 0.0000; 0.0000; 0.0000; 1.0000; 0.0000; 0.0000; 0.00; 0.00; 0.00; 0.00; 0.00; 0.00; 0.00; 0.00; 0.00; 0
41; 1.0000; 0.0000; 0.0000; 0.0000; 0.3140; -0.1391; 0.0016; 0.1161; 563.78; 6.38; 450.90; 563.78; 6.38; 450.90; 0.0000; 0.0000; 0.0000; 1.0000; 0.0000; 0.0000; 0.00; 0.00; 0.00; 0.00; 0.00; 0.00; 0.00; 0.00; 0.00; 0
42; 1.0000; 0.0000; 0.0000; 0.0000; 0.3140; -0.1406; 0.0016; 0.1147; 492.89; 5.66; 400.22; 492.89; 5.66; 400.22; 0.0000; 0.0000; 0.0000; 1.0000; 0.0000; 0.0000; 0.00; 0.00; 0.00; 0.00; 0.00; 0.00; 0.00; 0.00; 0.00; 0
43; 1.0000; 0.0000; 0.0000; 0.0000; 0.3140; -0.1437; 0.0016; 0.1149; 430.46; 5.00; 353.82; 430.46; 5.00; 353.82; 0.0000; 0.0000; 0.0000; 1.0000; 0.0000; 0.0000; 0.00; 0.00; 0.00; 0.00; 0.00; 0.00; 0.00; 0.00; 0.00; 0
44; 1.0000; 0.0000; 0.0000; 0.0000; 0.3140; -0.1405; 0.0016; 0.1150; 377.23; 4.49; 317.18; 377.23; 4.49; 317.18; 0.0000; 0.0000; 0.0000; 1.0000; 0.0000; 0.0000; 0.00; 0.00; 0.00; 0.00; 0.00; 0.00; 0.00; 0.00; 0.00; 0
45; 1.0000; 0.0000; 0.0000; 0.0000; 0.3140; -0.1391; 0.0016; 0.1154; 330.43; 3.97; 280.93; 330.43; 3.97; 280.93; 0.0000; 0.0000; 0.0000; 1.0000; 0.0000; 0.0000; 0.00; 0.00; 0.00; 0.00; 0.00; 0.00; 0.00; 0.00; 0.00; 0
46; 1.0000; 0.0000; 0.0000; 0.0000; 0.3140; -0.1422; 0.0017; 0.1172; 287.98; 3.48; 246.11; 287.98; 3.48; 246.11; 0.0000; 0.0000; 0.0000; 1.0000; 0.0000; 0.0000; 0.00; 0.00; 0.00; 0.00; 0.00; 0.00; 0.00; 0.00; 0.00; 0
47; 1.0000; 0.0000; 0.0000; 0.0000; 0.3140; -0.1398; 0.0016; 0.1149; 252.39; 3.11; 220.05; 252.39; 3.11; 220.05; 0.0000; 0.0000; 0.0000; 1.0000; 0.0000; 0.0000; 0.00; 0.00; 0.00; 0.00; 0.00; 0.00; 0.00; 0.00; 0.00; 0
48; 1.0000; 0.0000; 0.0000; 0.0000; 0.3140; -0.1378; 0.0017; 0.1184; 221.38; 2.76; 194.95; 221.38; 2.76; 194.95; 0.0000; 0.0000; 0.0000; 1.0000; 0.0000; 0.0000; 0.00; 0.00; 0.00; 0.00; 0.00; 0.00; 0.00; 0.00; 0.00; 0
49; 1.0000; 0.0000; 0.0000; 0.0000; 0.3140; -0.1391; 0.0016; 0.1153; 193.88; 2.44; 172.62; 193.88; 2.44; 172.62; 0.0000; 0.0000; 0.0000; 1.0000; 0.0000; 0.0000; 0.00; 0.00; 0.00; 0.00; 0.00; 0.00; 0.00; 0.00; 0.00; 0
50; 1.0000; 0.0000; 0.0000; 0.0000; 0.3140; -0.1393; 0.0017; 0.1225; 169.62; 2.14; 151.18; 169.62; 2.14; 151.18; 0.0000; 0.0000; 0.0000; 1.0000; 0.0000; 0.0000; 0.00; 0.00; 0.00; 0.00; 0.00; 0.00; 0.00; 0.00; 0.00; 0
51; 1.0000; 0.0000; 0.0000; 0.0000; 0.3140; -0.1400; 0.0017; 0.1210; 148.86; 1.92; 135.55; 148.86; 1.92; 135.55; 0.0000; 0.0000; 0.0000; 1.0000; 0.0000; 0.0000; 0.00; 0.00; 0.00; 0.00; 0.00; 0.00; 0.00; 0.00; 0.00; 0
52; 0.9998; 0.0002; 0.0002; 0.0002; 0.3140; -0.1438; 0.0017; 0.1181; 130.29; 1.71; 120.93; 130.27; 1.71; 120.93; 0.0000; 0.0000; 0.0000; 1.0000; 0.0000; 0.0000; 0.00; 0.00; 0.00; 0.00; 0.00; 0.00; 52.00; 0.00; 0.00; 0
53; 0.9994; 0.0003; 0.0004; 0.0003; 0.3140; -0.1415; 0.0017; 0.1219; 114.01; 1.52; 107.31; 113.95; 1.52; 107.32; 0.0000; 0.0000; 0.0000; 1.0000; 0.0000; 0.0000; 0.00; 0.00; 0.00; 0.00; 0.00; 0.00; 52.67; 0.33; 0.58; 0
54; 0.9988; 0.0005; 0.0006; 0.0003; 0.3140; -0.1408; 0.0018; 0.1245; 100.04; 1.36; 96.08; 99.92; 1.36; 96.08; 0.0000; 0.0000; 0.0000; 1.0000; 0.0000; 0.0000; 0.00; 0.00; 0.00; 0.00; 0.00; 0.00; 53.33; 0.33; 0.82; 0
55; 0.9972; 0.0007; 0.0016; 0.0006; 0.3140; -0.1421; 0.0018; 0.1247; 87.69; 1.21; 85.60; 87.45; 1.21; 85.60; 0.0000; 0.0000; 0.0000; 1.0000; 0.0000; 0.0000; 0.00; 0.00; 0.00; 0.00; 0.00; 0.00; 54.29; 0.27; 0.99; 0
56; 0.9956; 0.0009; 0.0016; 0.0006; 0.3140; -0.1427; 0.0019; 0.1306; 76.88; 1.07; 75.59; 76.55; 1.07; 75.59; 0.0000; 0.0000; 0.0000; 1.0000; 0.0000; 0.0000; 0.00; 0.00; 0.00; 0.00; 0.00; 0.00; 54.91; 0.25; 1.15; 0
57; 0.9930; 0.0012; 0.0026; 0.0007; 0.3140; -0.1433; 0.0019; 0.1334; 67.50; 0.95; 66.95; 67.03; 0.95; 66.94; 0.0000; 0.0000; 0.0000; 1.0000; 0.0000; 0.0000; 0.00; 0.00; 0.00; 0.00; 0.00; 0.00; 55.69; 0.23; 1.37; 0
58; 0.9874; 0.0016; 0.0056; 0.0011; 0.3140; -0.1426; 0.0020; 0.1386; 59.47; 0.85; 59.75; 58.74; 0.84; 59.72; 0.0000; 0.0000; 0.0000; 1.0000; 0.0000; 0.0000; 0.00; 0.00; 0.00; 0.00; 0.00; 0.00; 56.71; 0.19; 1.54; 0
59; 0.9810; 0.0019; 0.0064; 0.0011; 0.3140; -0.1452; 0.0020; 0.1398; 52.22; 0.75; 52.29; 51.25; 0.74; 52.25; 0.0000; 0.0000; 0.0000; 1.0000; 0.0000; 0.0000; 0.00; 0.00; 0.00; 0.00; 0.00; 0.00; 57.48; 0.17; 1.66; 0
60; 0.9744; 0.0022; 0.0066; 0.0011; 0.3140; -0.1417; 0.0020; 0.1418; 46.12; 0.67; 47.02; 44.97; 0.66; 46.96; 0.0000; 0.0000; 0.0000; 1.0000; 0.0000; 0.0000; 0.00; 0.00; 0.00; 0.00; 0.00; 0.00; 58.13; 0.16; 1.80; 0
61; 0.9654; 0.0026; 0.0090; 0.0013; 0.3140; -0.1444; 0.0022; 0.1511; 40.67; 0.60; 41.77; 39.30; 0.59; 41.67; 0.0000; 0.0000; 0.0000; 1.0000; 0.0000; 0.0000; 0.00; 0.00; 0.00; 0.00; 0.00; 0.00; 58.88; 0.15; 2.00; 0
62; 0.9556; 0.0029; 0.0098; 0.0014; 0.3140; -0.1432; 0.0023; 0.1575; 36.06; 0.54; 37.62; 34.50; 0.53; 37.48; 0.0000; 0.0000; 0.0000; 1.0000; 0.0000; 0.0000; 0.00; 0.00; 0.00; 0.00; 0.00; 0.00; 59.57; 0.15; 2.19; 0
63; 0.9422; 0.0033; 0.0134; 0.0016; 0.3140; -0.1399; 0.0024; 0.1642; 32.04; 0.49; 33.51; 30.25; 0.47; 33.33; 0.0000; 0.0000; 0.0000; 1.0000; 0.0000; 0.0000; 0.00; 0.00; 0.00; 0.00; 0.00; 0.00; 60.36; 0.14; 2.40; 0
64; 0.9224; 0.0038; 0.0198; 0.0020; 0.3140; -0.1447; 0.0025; 0.1675; 28.50; 0.43; 29.40; 26.35; 0.41; 29.19; 0.0000; 0.0000; 0.0000; 1.0000; 0.0000; 0.0000; 0.00; 0.00; 0.00; 0.00; 0.00; 0.00; 61.29; 0.13; 2.61; 0
65; 0.9010; 0.0042; 0.0214; 0.0020; 0.3140; -0.1411; 0.0026; 0.1738; 25.57; 0.39; 26.47; 23.12; 0.37; 26.20; 0.0000; 0.0000; 0.0000; 1.0000; 0.0000; 0.0000; 0.00; 0.00; 0.00; 0.00; 0.00; 0.00; 62.09; 0.12; 2.77; 0
66; 0.8812; 0.0046; 0.0198; 0.0020; 0.3140; -0.1394; 0.0026; 0.1731; 22.89; 0.36; 23.62; 20.26; 0.33; 23.30; 0.0000; 0.0000; 0.0000; 1.0000; 0.0000; 0.0000; 0.00; 0.00; 0.00; 0.00; 0.00; 0.00; 62.74; 0.12; 2.92; 0
67; 0.8544; 0.0050; 0.0268; 0.0023; 0.3140; -0.1386; 0.0028; 0.1849; 20.65; 0.32; 21.07; 17.75; 0.29; 20.71; 0.0000; 0.0000; 0.0000; 1.0000; 0.0000; 0.0000; 0.00; 0.00; 0.00; 0.00; 0.00; 0.00; 63.53; 0.12; 3.11; 0
68; 0.8228; 0.0054; 0.0316; 0.0025; 0.3140; -0.1355; 0.0030; 0.1892; 18.80; 0.30; 19.04; 15.59; 0.26; 18.61; 0.0000; 0.0000; 0.0000; 1.0000; 0.0000; 0.0000; 0.00; 0.00; 0.00; 0.00; 0.00; 0.00; 64.33; 0.11; 3.30; 0
69; 0.7868; 0.0058; 0.0360; 0.0026; 0.3140; -0.1357; 0.0030; 0.1892; 17.14; 0.27; 16.71; 13.63; 0.23; 16.29; 0.0000; 0.0000; 0.0000; 1.0000; 0.0000; 0.0000; 0.00; 0.00; 0.00; 0.00; 0.00; 0.00; 65.11; 0.11; 3.48; 0
70; 0.7548; 0.0061; 0.0320; 0.0025; 0.3140; -0.1354; 0.0032; 0.1984; 15.61; 0.24; 14.78; 11.92; 0.20; 14.39; 0.0000; 0.0000; 0.0000; 1.0000; 0.0000; 0.0000; 0.00; 0.00; 0.00; 0.00; 0.00; 0.00; 65.75; 0.10; 3.64; 0
71; 0.7198; 0.0064; 0.0350; 0.0026; 0.3140; -0.1336; 0.0034; 0.2037; 14.31; 0.22; 13.26; 10.44; 0.18; 12.86; 0.0000; 0.0000; 0.0000; 1.0000; 0.0000; 0.0000; 0.00; 0.00; 0.00; 0.00; 0.00; 0.00; 66.41; 0.10; 3.82; 0
72; 0.6770; 0.0066; 0.0428; 0.0029; 0.3140; -0.1349; 0.0037; 0.2127; 13.23; 0.21; 12.01; 9.13; 0.16; 11.55; 0.0000; 0.0000; 0.0000; 1.0000; 0.0000; 0.0000; 0.00; 0.00; 0.00; 0.00; 0.00; 0.00; 67.15; 0.10; 4.03; 0
73; 0.6358; 0.0068; 0.0412; 0.0028; 0.3140; -0.1347; 0.0037; 0.2088; 12.22; 0.19; 10.70; 7.94; 0.15; 10.25; 0.0000; 0.0000; 0.0000; 1.0000; 0.0000; 0.0000; 0.00; 0.00; 0.00; 0.00; 0.00; 0.00; 67.81; 0.10; 4.23; 0
74; 0.5982; 0.0069; 0.0376; 0.0027; 0.3140; -0.1297; 0.0040; 0.2200; 11.25; 0.18; 9.59; 6.89; 0.13; 9.14; 0.0000; 0.0000; 0.0000; 1.0000; 0.0000; 0.0000; 0.00; 0.00; 0.00; 0.00; 0.00; 0.00; 68.39; 0.10; 4.41; 0
75; 0.5592; 0.0070; 0.0390; 0.0027; 0.3140; -0.1297; 0.0042; 0.2213; 10.43; 0.16; 8.66; 5.99; 0.12; 8.20; 0.0000; 0.0000; 0.0000; 1.0000; 0.0000; 0.0000; 0.00; 0.00; 0.00; 0.00; 0.00; 0.00; 68.97; 0.10; 4.61; 0
76; 0.5094; 0.0071; 0.0498; 0.0031; 0.3140; -0.1190; 0.0044; 0.2231; 9.93; 0.16; 8.03; 5.23; 0.11; 7.48; 0.0000; 0.0000; 0.0000; 1.0000; 0.0000; 0.0000; 0.00; 0.00; 0.00; 0.00; 0.00; 0.00; 69.69; 0.10; 4.86; 0
77; 0.4716; 0.0071; 0.0378; 0.0027; 0.3140; -0.1144; 0.0049; 0.2360; 9.34; 0.15; 7.20; 4.57; 0.09; 6.71; 0.0000; 0.0000; 0.0000; 1.0000; 0.0000; 0.0000; 0.00; 0.00; 0.00; 0.00; 0.00; 0.00; 70.21; 0.10; 5.05; 77
78; 0.4322; 0.0070; 0.0394; 0.0028; 0.3140; -0.1223; 0.0051; 0.2371; 8.83; 0.14; 6.54; 3.98; 0.09; 6.06; 0.0000; 0.0000; 0.0000; 1.0000; 0.0000; 0.0000; 0.00; 0.00; 0.00; 0.00; 0.00; 0.00; 70.75; 0.10; 5.25; 77
79; 0.3932; 0.0069; 0.0390; 0.0027; 0.3140; -0.1065; 0.0051; 0.2252; 8.50; 0.14; 6.03; 3.49; 0.08; 5.55; 0.0000; 0.0000; 0.0000; 1.0000; 0.0000; 0.0000; 0.00; 0.00; 0.00; 0.00; 0.00; 0.00; 71.28; 0.10; 5.47; 77
80; 0.3522; 0.0068; 0.0410; 0.0028; 0.3140; -0.1120; 0.0055; 0.2308; 8.21; 0.14; 5.67; 3.05; 0.07; 5.11; 0.0000; 0.0000; 0.0000; 1.0000; 0.0000; 0.0000; 0.00; 0.00; 0.00; 0.00; 0.00; 0.00; 71.83; 0.10; 5.70; 77
81; 0.3192; 0.0066; 0.0330; 0.0025; 0.3140; -0.1223; 0.0060; 0.2392; 7.79; 0.13; 5.27; 2.63; 0.07; 4.65; 0.0000; 0.0000; 0.0000; 1.0000; 0.0000; 0.0000; 0.00; 0.00; 0.00; 0.00; 0.00; 0.00; 72.28; 0.10; 5.90; 77
82; 0.2804; 0.0064; 0.0388; 0.0027; 0.3140; -0.1240; 0.0063; 0.2367; 7.50; 0.13; 4.86; 2.26; 0.06; 4.20; 0.0000; 0.0000; 0.0000; 1.0000; 0.0000; 0.0000; 0.00; 0.00; 0.00; 0.00; 0.00; 0.00; 72.80; 0.10; 6.15; 77
83; 0.2474; 0.0061; 0.0330; 0.0025; 0.3140; -0.1123; 0.0069; 0.2436; 7.27; 0.13; 4.57; 1.94; 0.05; 3.84; 0.0000; 0.0000; 0.0000; 1.0000; 0.0000; 0.0000; 0.00; 0.00; 0.00; 0.00; 0.00; 0.00; 73.25; 0.10; 6.36; 77
84; 0.2180; 0.0058; 0.0294; 0.0024; 0.3140; -0.1075; 0.0079; 0.2601; 7.05; 0.13; 4.44; 1.67; 0.05; 3.55; 0.0000; 0.0000; 0.0000; 1.0000; 0.0000; 0.0000; 0.00; 0.00; 0.00; 0.00; 0.00; 0.00; 73.65; 0.11; 6.57; 77
85; 0.1924; 0.0056; 0.0256; 0.0022; 0.3140; -0.1089; 0.0082; 0.2535; 6.90; 0.14; 4.33; 1.45; 0.05; 3.30; 0.0000; 0.0000; 0.0000; 1.0000; 0.0000; 0.0000; 0.00; 0.00; 0.00; 0.00; 0.00; 0.00; 74.01; 0.11; 6.76; 77
86; 0.1704; 0.0053; 0.0220; 0.0021; 0.3140; -0.0928; 0.0085; 0.2491; 6.78; 0.14; 4.07; 1.26; 0.04; 3.04; 0.0000; 0.0000; 0.0000; 1.0000; 0.0000; 0.0000; 0.00; 0.00; 0.00; 0.00; 0.00; 0.00; 74.33; 0.11; 6.94; 77
87; 0.1512; 0.0051; 0.0192; 0.0019; 0.3140; -0.0824; 0.0090; 0.2464; 6.72; 0.14; 3.84; 1.10; 0.04; 2.83; 0.0000; 0.0000; 0.0000; 1.0000; 0.0000; 0.0000; 0.00; 0.00; 0.00; 0.00; 0.00; 0.00; 74.62; 0.11; 7.12; 77
88; 0.1314; 0.0048; 0.0198; 0.0020; 0.3140; -0.0959; 0.0097; 0.2483; 6.67; 0.14; 3.69; 0.96; 0.04; 2.62; 0.0000; 0.0000; 0.0000; 1.0000; 0.0000; 0.0000; 0.00; 0.00; 0.00; 0.00; 0.00; 0.00; 74.92; 0.11; 7.32; 77
89; 0.1162; 0.0045; 0.0152; 0.0017; 0.3140; -0.1020; 0.0103; 0.2482; 6.50; 0.15; 3.51; 0.83; 0.03; 2.40; 0.0000; 0.0000; 0.0000; 1.0000; 0.0000; 0.0000; 0.00; 0.00; 0.00; 0.00; 0.00; 0.00; 75.16; 0.11; 7.48; 77
90; 0.0994; 0.0042; 0.0168; 0.0018; 0.3140; -0.0918; 0.0113; 0.2528; 6.51; 0.15; 3.41; 0.72; 0.03; 2.23; 0.0000; 0.0000; 0.0000; 1.0000; 0.0000; 0.0000; 0.00; 0.00; 0.00; 0.00; 0.00; 0.00; 75.44; 0.11; 7.68; 77
91; 0.0892; 0.0040; 0.0102; 0.0014; 0.3140; -0.1033; 0.0119; 0.2523; 6.32; 0.16; 3.38; 0.62; 0.03; 2.07; 0.0000; 0.0000; 0.0000; 1.0000; 0.0000; 0.0000; 0.00; 0.00; 0.00; 0.00; 0.00; 0.00; 75.62; 0.12; 7.81; 77
92; 0.0764; 0.0038; 0.0128; 0.0016; 0.3140; -0.0951; 0.0122; 0.2389; 6.26; 0.17; 3.25; 0.53; 0.03; 1.90; 0.0000; 0.0000; 0.0000; 1.0000; 0.0000; 0.0000; 0.00; 0.00; 0.00; 0.00; 0.00; 0.00; 75.84; 0.12; 7.99; 77
93; 0.0684; 0.0036; 0.0080; 0.0013; 0.3140; -0.0994; 0.0143; 0.2642; 6.11; 0.18; 3.28; 0.46; 0.03; 1.78; 0.0000; 0.0000; 0.0000; 1.0000; 0.0000; 0.0000; 0.00; 0.00; 0.00; 0.00; 0.00; 0.00; 75.99; 0.12; 8.11; 77
94; 0.0590; 0.0033; 0.0094; 0.0014; 0.3140; -0.0862; 0.0148; 0.2535; 6.09; 0.19; 3.28; 0.40; 0.02; 1.66; 0.0000; 0.0000; 0.0000; 1.0000; 0.0000; 0.0000; 0.00; 0.00; 0.00; 0.00; 0.00; 0.00; 76.17; 0.12; 8.26; 77
95; 0.0506; 0.0031; 0.0084; 0.0013; 0.3140; -0.0688; 0.0159; 0.2530; 6.21; 0.21; 3.33; 0.35; 0.02; 1.57; 0.0000; 0.0000; 0.0000; 1.0000; 0.0000; 0.0000; 0.00; 0.00; 0.00; 0.00; 0.00; 0.00; 76.34; 0.12; 8.41; 77
96; 0.0444; 0.0029; 0.0062; 0.0011; 0.3140; -0.0645; 0.0175; 0.2612; 6.24; 0.23; 3.39; 0.31; 0.02; 1.48; 0.0000; 0.0000; 0.0000; 1.0000; 0.0000; 0.0000; 0.00; 0.00; 0.00; 0.00; 0.00; 0.00; 76.46; 0.12; 8.53; 77
97; 0.0384; 0.0027; 0.0060; 0.0011; 0.3140; -0.0689; 0.0171; 0.2372; 6.28; 0.24; 3.26; 0.27; 0.02; 1.38; 0.0000; 0.0000; 0.0000; 1.0000; 0.0000; 0.0000; 0.00; 0.00; 0.00; 0.00; 0.00; 0.00; 76.59; 0.12; 8.66; 77
98; 0.0336; 0.0025; 0.0048; 0.0010; 0.3140; -0.1091; 0.0214; 0.2777; 6.14; 0.24; 3.12; 0.23; 0.02; 1.26; 0.0000; 0.0000; 0.0000; 1.0000; 0.0000; 0.0000; 0.00; 0.00; 0.00; 0.00; 0.00; 0.00; 76.70; 0.13; 8.77; 77
99; 0.0292; 0.0024; 0.0044; 0.0009; 0.3140; -0.1256; 0.0217; 0.2621; 5.82; 0.23; 2.81; 0.19; 0.02; 1.10; 0.0000; 0.0000; 0.0000; 1.0000; 0.0000; 0.0000; 0.00; 0.00; 0.00; 0.00; 0.00; 0.00; 76.80; 0.13; 8.88; 77
100; 0.0258; 0.0022; 0.0034; 0.0008; 0.3140; -0.1024; 0.0227; 0.2580; 5.65; 0.24; 2.78; 0.16; 0.01; 1.01; 0.0000; 0.0000; 0.0000; 1.0000; 0.0000; 0.0000; 0.00; 0.00; 0.00; 0.00; 0.00; 0.00; 76.88; 0.13; 8.97; 77
