    Year (Census)
    Proportion of populations extant, SE
    Proportion of populations going extinct for the first time in year, SE
    Deterministic growth, Stochastic growth, SE, SD
    Mean population size (across extant populations), SE, SD
    Mean population size (across all populations), SE, SD
    Population-based model: No genetic data (12 skipped fields)



    Mean time to extinction, SE, SD
    Median time to extinction
Year;PExtant;SE(PExtant);PExtinct;SE(PExtinct);det-r;stoch-r;SE(r);SD(r);N-extant;SE(N-extant);SD(N-extant);N-all;SE(N-all);SD(N-all);GeneDiv;SE(GD);SD(GD);Inbreed;SE(Inbr);SD(Inbr);nAlleles;SE(nAlleles);SD(nAlleles);nLethals;SE(nLethals);SD(nLethals);TE;SE(TE);SD(TE);medianTE
Default Scenario
Population 1: Population1
0; 1.0000; 0.0000; 0.0000; 0.0000; 0.2229;      0;      0;      0; 28298.00; 0.00; 0.00; 28298.00; 0.00; 0.00; 0.0000; 0.0000; 0.0000; 1.0000; 0.0000; 0.0000; 0.00; 0.00; 0.00; 0.00; 0.00; 0.00; 0.00; 0.00; 0.00; 0
1; 1.0000; 0.0000; 0.0000; 0.0000; 0.2229; 0.2197; 0.0012; 0.0841; 28185.08; 37.88; 2678.36; 28185.08; 37.88; 2678.36; 0.0000; 0.0000; 0.0000; 1.0000; 0.0000; 0.0000; 0.00; 0.00; 0.00; 0.00; 0.00; 0.00; 0.00; 0.00; 0.00; 0
2; 1.0000; 0.0000; 0.0000; 0.0000; 0.2229; 0.2212; 0.0012; 0.0845; 28054.20; 38.13; 2696.25; 28054.20; 38.13; 2696.25; 0.0000; 0.0000; 0.0000; 1.0000; 0.0000; 0.0000; 0.00; 0.00; 0.00; 0.00; 0.00; 0.00; 0.00; 0.00; 0.00; 0
3; 1.0000; 0.0000; 0.0000; 0.0000; 0.2229; 0.2183; 0.0012; 0.0846; 28001.49; 37.47; 2649.35; 28001.49; 37.47; 2649.35; 0.0000; 0.0000; 0.0000; 1.0000; 0.0000; 0.0000; 0.00; 0.00; 0.00; 0.00; 0.00; 0.00; 0.00; 0.00; 0.00; 0
4; 1.0000; 0.0000; 0.0000; 0.0000; 0.2229; 0.2204; 0.0012; 0.0846; 28029.46; 37.30; 2637.78; 28029.46; 37.30; 2637.78; 0.0000; 0.0000; 0.0000; 1.0000; 0.0000; 0.0000; 0.00; 0.00; 0.00; 0.00; 0.00; 0.00; 0.00; 0.00; 0.00; 0
5; 1.0000; 0.0000; 0.0000; 0.0000; 0.2229; 0.2222; 0.0012; 0.0850; 28003.44; 37.61; 2659.21; 28003.44; 37.61; 2659.21; 0.0000; 0.0000; 0.0000; 1.0000; 0.0000; 0.0000; 0.00; 0.00; 0.00; 0.00; 0.00; 0.00; 0.00; 0.00; 0.00; 0
6; 1.0000; 0.0000; 0.0000; 0.0000; 0.2229; 0.2194; 0.0012; 0.0853; 27944.22; 37.78; 2671.60; 27944.22; 37.78; 2671.60; 0.0000; 0.0000; 0.0000; 1.0000; 0.0000; 0.0000; 0.00; 0.00; 0.00; 0.00; 0.00; 0.00; 0.00; 0.00; 0.00; 0
7; 1.0000; 0.0000; 0.0000; 0.0000; 0.2229; 0.2195; 0.0012; 0.0847; 28047.68; 37.09; 2622.40; 28047.68; 37.09; 2622.40; 0.0000; 0.0000; 0.0000; 1.0000; 0.0000; 0.0000; 0.00; 0.00; 0.00; 0.00; 0.00; 0.00; 0.00; 0.00; 0.00; 0
8; 1.0000; 0.0000; 0.0000; 0.0000; 0.2229; 0.2211; 0.0012; 0.0841; 27973.98; 37.65; 2662.52; 27973.98; 37.65; 2662.52; 0.0000; 0.0000; 0.0000; 1.0000; 0.0000; 0.0000; 0.00; 0.00; 0.00; 0.00; 0.00; 0.00; 0.00; 0.00; 0.00; 0
9; 1.0000; 0.0000; 0.0000; 0.0000; 0.2229; 0.2201; 0.0012; 0.0866; 28009.49; 37.92; 2681.09; 28009.49; 37.92; 2681.09; 0.0000; 0.0000; 0.0000; 1.0000; 0.0000; 0.0000; 0.00; 0.00; 0.00; 0.00; 0.00; 0.00; 0.00; 0.00; 0.00; 0
10; 1.0000; 0.0000; 0.0000; 0.0000; 0.2229; 0.2234; 0.0012; 0.0845; 28003.55; 37.40; 2644.81; 28003.55; 37.40; 2644.81; 0.0000; 0.0000; 0.0000; 1.0000; 0.0000; 0.0000; 0.00; 0.00; 0.00; 0.00; 0.00; 0.00; 0.00; 0.00; 0.00; 0
11; 1.0000; 0.0000; 0.0000; 0.0000; 0.2229; 0.2209; 0.0012; 0.0845; 27968.49; 37.52; 2653.28; 27968.49; 37.52; 2653.28; 0.0000; 0.0000; 0.0000; 1.0000; 0.0000; 0.0000; 0.00; 0.00; 0.00; 0.00; 0.00; 0.00; 0.00; 0.00; 0.00; 0
12; 1.0000; 0.0000; 0.0000; 0.0000; 0.2229; 0.2214; 0.0012; 0.0850; 28003.07; 38.03; 2688.79; 28003.07; 38.03; 2688.79; 0.0000; 0.0000; 0.0000; 1.0000; 0.0000; 0.0000; 0.00; 0.00; 0.00; 0.00; 0.00; 0.00; 0.00; 0.00; 0.00; 0
13; 1.0000; 0.0000; 0.0000; 0.0000; 0.2229; 0.2207; 0.0012; 0.0851; 27991.55; 37.66; 2662.88; 27991.55; 37.66; 2662.88; 0.0000; 0.0000; 0.0000; 1.0000; 0.0000; 0.0000; 0.00; 0.00; 0.00; 0.00; 0.00; 0.00; 0.00; 0.00; 0.00; 0
14; 1.0000; 0.0000; 0.0000; 0.0000; 0.2229; 0.2182; 0.0012; 0.0844; 27977.11; 37.25; 2633.72; 27977.11; 37.25; 2633.72; 0.0000; 0.0000; 0.0000; 1.0000; 0.0000; 0.0000; 0.00; 0.00; 0.00; 0.00; 0.00; 0.00; 0.00; 0.00; 0.00; 0
15; 1.0000; 0.0000; 0.0000; 0.0000; 0.2229; 0.2214; 0.0012; 0.0855; 27988.04; 36.97; 2614.27; 27988.04; 36.97; 2614.27; 0.0000; 0.0000; 0.0000; 1.0000; 0.0000; 0.0000; 0.00; 0.00; 0.00; 0.00; 0.00; 0.00; 0.00; 0.00; 0.00; 0
16; 1.0000; 0.0000; 0.0000; 0.0000; 0.2229; 0.2195; 0.0012; 0.0842; 27966.25; 37.77; 2671.08; 27966.25; 37.77; 2671.08; 0.0000; 0.0000; 0.0000; 1.0000; 0.0000; 0.0000; 0.00; 0.00; 0.00; 0.00; 0.00; 0.00; 0.00; 0.00; 0.00; 0
17; 1.0000; 0.0000; 0.0000; 0.0000; 0.2229; 0.2209; 0.0012; 0.0841; 28011.04; 37.37; 2642.55; 28011.04; 37.37; 2642.55; 0.0000; 0.0000; 0.0000; 1.0000; 0.0000; 0.0000; 0.00; 0.00; 0.00; 0.00; 0.00; 0.00; 0.00; 0.00; 0.00; 0
18; 1.0000; 0.0000; 0.0000; 0.0000; 0.2229; 0.2214; 0.0012; 0.0836; 28053.62; 37.79; 2672.48; 28053.62; 37.79; 2672.48; 0.0000; 0.0000; 0.0000; 1.0000; 0.0000; 0.0000; 0.00; 0.00; 0.00; 0.00; 0.00; 0.00; 0.00; 0.00; 0.00; 0
19; 1.0000; 0.0000; 0.0000; 0.0000; 0.2229; 0.2211; 0.0012; 0.0832; 28018.30; 37.29; 2636.92; 28018.30; 37.29; 2636.92; 0.0000; 0.0000; 0.0000; 1.0000; 0.0000; 0.0000; 0.00; 0.00; 0.00; 0.00; 0.00; 0.00; 0.00; 0.00; 0.00; 0
20; 1.0000; 0.0000; 0.0000; 0.0000; 0.2229; 0.2224; 0.0012; 0.0844; 27979.43; 37.30; 2637.39; 27979.43; 37.30; 2637.39; 0.0000; 0.0000; 0.0000; 1.0000; 0.0000; 0.0000; 0.00; 0.00; 0.00; 0.00; 0.00; 0.00; 0.00; 0.00; 0.00; 0
21; 1.0000; 0.0000; 0.0000; 0.0000; 0.2229; 0.2193; 0.0012; 0.0865; 28003.69; 38.03; 2689.26; 28003.69; 38.03; 2689.26; 0.0000; 0.0000; 0.0000; 1.0000; 0.0000; 0.0000; 0.00; 0.00; 0.00; 0.00; 0.00; 0.00; 0.00; 0.00; 0.00; 0
22; 1.0000; 0.0000; 0.0000; 0.0000; 0.2229; 0.2208; 0.0012; 0.0853; 28067.83; 36.68; 2593.69; 28067.83; 36.68; 2593.69; 0.0000; 0.0000; 0.0000; 1.0000; 0.0000; 0.0000; 0.00; 0.00; 0.00; 0.00; 0.00; 0.00; 0.00; 0.00; 0.00; 0
23; 1.0000; 0.0000; 0.0000; 0.0000; 0.2229; 0.2206; 0.0012; 0.0862; 28016.57; 37.63; 2660.69; 28016.57; 37.63; 2660.69; 0.0000; 0.0000; 0.0000; 1.0000; 0.0000; 0.0000; 0.00; 0.00; 0.00; 0.00; 0.00; 0.00; 0.00; 0.00; 0.00; 0
24; 1.0000; 0.0000; 0.0000; 0.0000; 0.2229; 0.2214; 0.0012; 0.0877; 28064.76; 38.10; 2694.31; 28064.76; 38.10; 2694.31; 0.0000; 0.0000; 0.0000; 1.0000; 0.0000; 0.0000; 0.00; 0.00; 0.00; 0.00; 0.00; 0.00; 0.00; 0.00; 0.00; 0
25; 1.0000; 0.0000; 0.0000; 0.0000; 0.2229; 0.2197; 0.0012; 0.0857; 27993.75; 37.57; 2656.43; 27993.75; 37.57; 2656.43; 0.0000; 0.0000; 0.0000; 1.0000; 0.0000; 0.0000; 0.00; 0.00; 0.00; 0.00; 0.00; 0.00; 0.00; 0.00; 0.00; 0
26; 1.0000; 0.0000; 0.0000; 0.0000; 0.2229; 0.2188; 0.0012; 0.0850; 27986.27; 37.64; 2661.79; 27986.27; 37.64; 2661.79; 0.0000; 0.0000; 0.0000; 1.0000; 0.0000; 0.0000; 0.00; 0.00; 0.00; 0.00; 0.00; 0.00; 0.00; 0.00; 0.00; 0
27; 1.0000; 0.0000; 0.0000; 0.0000; 0.2229; 0.2213; 0.0012; 0.0852; 27989.78; 37.23; 2632.68; 27989.78; 37.23; 2632.68; 0.0000; 0.0000; 0.0000; 1.0000; 0.0000; 0.0000; 0.00; 0.00; 0.00; 0.00; 0.00; 0.00; 0.00; 0.00; 0.00; 0
28; 1.0000; 0.0000; 0.0000; 0.0000; 0.2229; 0.2197; 0.0012; 0.0851; 27921.84; 37.93; 2682.03; 27921.84; 37.93; 2682.03; 0.0000; 0.0000; 0.0000; 1.0000; 0.0000; 0.0000; 0.00; 0.00; 0.00; 0.00; 0.00; 0.00; 0.00; 0.00; 0.00; 0
29; 1.0000; 0.0000; 0.0000; 0.0000; 0.2229; 0.2194; 0.0012; 0.0860; 28030.75; 37.85; 2676.66; 28030.75; 37.85; 2676.66; 0.0000; 0.0000; 0.0000; 1.0000; 0.0000; 0.0000; 0.00; 0.00; 0.00; 0.00; 0.00; 0.00; 0.00; 0.00; 0.00; 0
30; 1.0000; 0.0000; 0.0000; 0.0000; 0.2229; 0.2199; 0.0012; 0.0861; 27978.03; 37.55; 2655.52; 27978.03; 37.55; 2655.52; 0.0000; 0.0000; 0.0000; 1.0000; 0.0000; 0.0000; 0.00; 0.00; 0.00; 0.00; 0.00; 0.00; 0.00; 0.00; 0.00; 0
31; 1.0000; 0.0000; 0.0000; 0.0000; 0.2229; 0.2218; 0.0012; 0.0848; 27897.27; 37.14; 2625.93; 27897.27; 37.14; 2625.93; 0.0000; 0.0000; 0.0000; 1.0000; 0.0000; 0.0000; 0.00; 0.00; 0.00; 0.00; 0.00; 0.00; 0.00; 0.00; 0.00; 0
32; 1.0000; 0.0000; 0.0000; 0.0000; 0.2229; 0.2193; 0.0012; 0.0851; 27962.13; 37.57; 2656.25; 27962.13; 37.57; 2656.25; 0.0000; 0.0000; 0.0000; 1.0000; 0.0000; 0.0000; 0.00; 0.00; 0.00; 0.00; 0.00; 0.00; 0.00; 0.00; 0.00; 0
33; 1.0000; 0.0000; 0.0000; 0.0000; 0.2229; 0.2201; 0.0012; 0.0851; 28049.59; 36.92; 2610.36; 28049.59; 36.92; 2610.36; 0.0000; 0.0000; 0.0000; 1.0000; 0.0000; 0.0000; 0.00; 0.00; 0.00; 0.00; 0.00; 0.00; 0.00; 0.00; 0.00; 0
34; 1.0000; 0.0000; 0.0000; 0.0000; 0.2229; 0.2198; 0.0012; 0.0865; 28049.90; 37.15; 2626.94; 28049.90; 37.15; 2626.94; 0.0000; 0.0000; 0.0000; 1.0000; 0.0000; 0.0000; 0.00; 0.00; 0.00; 0.00; 0.00; 0.00; 0.00; 0.00; 0.00; 0
35; 1.0000; 0.0000; 0.0000; 0.0000; 0.2229; 0.2201; 0.0012; 0.0849; 28017.38; 37.75; 2669.35; 28017.38; 37.75; 2669.35; 0.0000; 0.0000; 0.0000; 1.0000; 0.0000; 0.0000; 0.00; 0.00; 0.00; 0.00; 0.00; 0.00; 0.00; 0.00; 0.00; 0
36; 1.0000; 0.0000; 0.0000; 0.0000; 0.2229; 0.2204; 0.0012; 0.0853; 27912.66; 37.68; 2664.04; 27912.66; 37.68; 2664.04; 0.0000; 0.0000; 0.0000; 1.0000; 0.0000; 0.0000; 0.00; 0.00; 0.00; 0.00; 0.00; 0.00; 0.00; 0.00; 0.00; 0
37; 1.0000; 0.0000; 0.0000; 0.0000; 0.2229; 0.2212; 0.0012; 0.0840; 27971.85; 37.52; 2652.74; 27971.85; 37.52; 2652.74; 0.0000; 0.0000; 0.0000; 1.0000; 0.0000; 0.0000; 0.00; 0.00; 0.00; 0.00; 0.00; 0.00; 0.00; 0.00; 0.00; 0
38; 1.0000; 0.0000; 0.0000; 0.0000; 0.2229; 0.2201; 0.0012; 0.0832; 27967.65; 37.58; 2657.37; 27967.65; 37.58; 2657.37; 0.0000; 0.0000; 0.0000; 1.0000; 0.0000; 0.0000; 0.00; 0.00; 0.00; 0.00; 0.00; 0.00; 0.00; 0.00; 0.00; 0
39; 1.0000; 0.0000; 0.0000; 0.0000; 0.2229; 0.2207; 0.0012; 0.0853; 27968.91; 37.01; 2616.66; 27968.91; 37.01; 2616.66; 0.0000; 0.0000; 0.0000; 1.0000; 0.0000; 0.0000; 0.00; 0.00; 0.00; 0.00; 0.00; 0.00; 0.00; 0.00; 0.00; 0
40; 1.0000; 0.0000; 0.0000; 0.0000; 0.2229; 0.2196; 0.0012; 0.0853; 28023.73; 37.13; 2625.68; 28023.73; 37.13; 2625.68; 0.0000; 0.0000; 0.0000; 1.0000; 0.0000; 0.0000; 0.00; 0.00; 0.00; 0.00; 0.00; 0.00; 0.00; 0.00; 0.00; 0
41; 1.0000; 0.0000; 0.0000; 0.0000; 0.2229; 0.2192; 0.0012; 0.0842; 27950.64; 37.71; 2666.68; 27950.64; 37.71; 2666.68; 0.0000; 0.0000; 0.0000; 1.0000; 0.0000; 0.0000; 0.00; 0.00; 0.00; 0.00; 0.00; 0.00; 0.00; 0.00; 0.00; 0
42; 1.0000; 0.0000; 0.0000; 0.0000; 0.2229; 0.2230; 0.0012; 0.0856; 28036.98; 37.44; 2647.73; 28036.98; 37.44; 2647.73; 0.0000; 0.0000; 0.0000; 1.0000; 0.0000; 0.0000; 0.00; 0.00; 0.00; 0.00; 0.00; 0.00; 0.00; 0.00; 0.00; 0
43; 1.0000; 0.0000; 0.0000; 0.0000; 0.2229; 0.2198; 0.0012; 0.0853; 28035.25; 37.01; 2616.79; 28035.25; 37.01; 2616.79; 0.0000; 0.0000; 0.0000; 1.0000; 0.0000; 0.0000; 0.00; 0.00; 0.00; 0.00; 0.00; 0.00; 0.00; 0.00; 0.00; 0
44; 1.0000; 0.0000; 0.0000; 0.0000; 0.2229; 0.2221; 0.0012; 0.0841; 27991.30; 37.90; 2679.75; 27991.30; 37.90; 2679.75; 0.0000; 0.0000; 0.0000; 1.0000; 0.0000; 0.0000; 0.00; 0.00; 0.00; 0.00; 0.00; 0.00; 0.00; 0.00; 0.00; 0
45; 1.0000; 0.0000; 0.0000; 0.0000; 0.2229; 0.2192; 0.0012; 0.0875; 27994.62; 37.70; 2665.93; 27994.62; 37.70; 2665.93; 0.0000; 0.0000; 0.0000; 1.0000; 0.0000; 0.0000; 0.00; 0.00; 0.00; 0.00; 0.00; 0.00; 0.00; 0.00; 0.00; 0
46; 1.0000; 0.0000; 0.0000; 0.0000; 0.2229; 0.2208; 0.0012; 0.0868; 27981.75; 37.59; 2657.88; 27981.75; 37.59; 2657.88; 0.0000; 0.0000; 0.0000; 1.0000; 0.0000; 0.0000; 0.00; 0.00; 0.00; 0.00; 0.00; 0.00; 0.00; 0.00; 0.00; 0
47; 1.0000; 0.0000; 0.0000; 0.0000; 0.2229; 0.2204; 0.0012; 0.0857; 27969.94; 38.14; 2697.18; 27969.94; 38.14; 2697.18; 0.0000; 0.0000; 0.0000; 1.0000; 0.0000; 0.0000; 0.00; 0.00; 0.00; 0.00; 0.00; 0.00; 0.00; 0.00; 0.00; 0
48; 1.0000; 0.0000; 0.0000; 0.0000; 0.2229; 0.2211; 0.0012; 0.0837; 27958.50; 37.45; 2648.46; 27958.50; 37.45; 2648.46; 0.0000; 0.0000; 0.0000; 1.0000; 0.0000; 0.0000; 0.00; 0.00; 0.00; 0.00; 0.00; 0.00; 0.00; 0.00; 0.00; 0
49; 1.0000; 0.0000; 0.0000; 0.0000; 0.2229; 0.2208; 0.0012; 0.0860; 27949.77; 37.28; 2636.31; 27949.77; 37.28; 2636.31; 0.0000; 0.0000; 0.0000; 1.0000; 0.0000; 0.0000; 0.00; 0.00; 0.00; 0.00; 0.00; 0.00; 0.00; 0.00; 0.00; 0
50; 1.0000; 0.0000; 0.0000; 0.0000; 0.2229; 0.2195; 0.0012; 0.0858; 28023.62; 37.39; 2644.03; 28023.62; 37.39; 2644.03; 0.0000; 0.0000; 0.0000; 1.0000; 0.0000; 0.0000; 0.00; 0.00; 0.00; 0.00; 0.00; 0.00; 0.00; 0.00; 0.00; 0
51; 1.0000; 0.0000; 0.0000; 0.0000; 0.2229; 0.2221; 0.0012; 0.0858; 27972.68; 37.31; 2638.27; 27972.68; 37.31; 2638.27; 0.0000; 0.0000; 0.0000; 1.0000; 0.0000; 0.0000; 0.00; 0.00; 0.00; 0.00; 0.00; 0.00; 0.00; 0.00; 0.00; 0
52; 1.0000; 0.0000; 0.0000; 0.0000; 0.2229; 0.2206; 0.0012; 0.0849; 28011.94; 37.90; 2679.92; 28011.94; 37.90; 2679.92; 0.0000; 0.0000; 0.0000; 1.0000; 0.0000; 0.0000; 0.00; 0.00; 0.00; 0.00; 0.00; 0.00; 0.00; 0.00; 0.00; 0
53; 1.0000; 0.0000; 0.0000; 0.0000; 0.2229; 0.2217; 0.0012; 0.0846; 28070.73; 37.64; 2661.47; 28070.73; 37.64; 2661.47; 0.0000; 0.0000; 0.0000; 1.0000; 0.0000; 0.0000; 0.00; 0.00; 0.00; 0.00; 0.00; 0.00; 0.00; 0.00; 0.00; 0
54; 1.0000; 0.0000; 0.0000; 0.0000; 0.2229; 0.2219; 0.0012; 0.0835; 27975.53; 38.18; 2699.81; 27975.53; 38.18; 2699.81; 0.0000; 0.0000; 0.0000; 1.0000; 0.0000; 0.0000; 0.00; 0.00; 0.00; 0.00; 0.00; 0.00; 0.00; 0.00; 0.00; 0
55; 1.0000; 0.0000; 0.0000; 0.0000; 0.2229; 0.2197; 0.0012; 0.0857; 27935.75; 37.26; 2634.73; 27935.75; 37.26; 2634.73; 0.0000; 0.0000; 0.0000; 1.0000; 0.0000; 0.0000; 0.00; 0.00; 0.00; 0.00; 0.00; 0.00; 0.00; 0.00; 0.00; 0
56; 1.0000; 0.0000; 0.0000; 0.0000; 0.2229; 0.2205; 0.0012; 0.0858; 27973.73; 38.44; 2718.19; 27973.73; 38.44; 2718.19; 0.0000; 0.0000; 0.0000; 1.0000; 0.0000; 0.0000; 0.00; 0.00; 0.00; 0.00; 0.00; 0.00; 0.00; 0.00; 0.00; 0
57; 1.0000; 0.0000; 0.0000; 0.0000; 0.2229; 0.2202; 0.0012; 0.0851; 27965.07; 37.34; 2640.08; 27965.07; 37.34; 2640.08; 0.0000; 0.0000; 0.0000; 1.0000; 0.0000; 0.0000; 0.00; 0.00; 0.00; 0.00; 0.00; 0.00; 0.00; 0.00; 0.00; 0
58; 1.0000; 0.0000; 0.0000; 0.0000; 0.2229; 0.2218; 0.0012; 0.0853; 27930.41; 37.07; 2621.07; 27930.41; 37.07; 2621.07; 0.0000; 0.0000; 0.0000; 1.0000; 0.0000; 0.0000; 0.00; 0.00; 0.00; 0.00; 0.00; 0.00; 0.00; 0.00; 0.00; 0
59; 1.0000; 0.0000; 0.0000; 0.0000; 0.2229; 0.2202; 0.0012; 0.0855; 28010.85; 37.21; 2630.93; 28010.85; 37.21; 2630.93; 0.0000; 0.0000; 0.0000; 1.0000; 0.0000; 0.0000; 0.00; 0.00; 0.00; 0.00; 0.00; 0.00; 0.00; 0.00; 0.00; 0
60; 1.0000; 0.0000; 0.0000; 0.0000; 0.2229; 0.2200; 0.0012; 0.0851; 27975.05; 37.26; 2634.88; 27975.05; 37.26; 2634.88; 0.0000; 0.0000; 0.0000; 1.0000; 0.0000; 0.0000; 0.00; 0.00; 0.00; 0.00; 0.00; 0.00; 0.00; 0.00; 0.00; 0
61; 1.0000; 0.0000; 0.0000; 0.0000; 0.2229; 0.2200; 0.0012; 0.0844; 28002.60; 37.37; 2642.72; 28002.60; 37.37; 2642.72; 0.0000; 0.0000; 0.0000; 1.0000; 0.0000; 0.0000; 0.00; 0.00; 0.00; 0.00; 0.00; 0.00; 0.00; 0.00; 0.00; 0
62; 1.0000; 0.0000; 0.0000; 0.0000; 0.2229; 0.2198; 0.0012; 0.0847; 28007.86; 37.13; 2625.76; 28007.86; 37.13; 2625.76; 0.0000; 0.0000; 0.0000; 1.0000; 0.0000; 0.0000; 0.00; 0.00; 0.00; 0.00; 0.00; 0.00; 0.00; 0.00; 0.00; 0
63; 1.0000; 0.0000; 0.0000; 0.0000; 0.2229; 0.2207; 0.0012; 0.0853; 27965.61; 37.22; 2631.61; 27965.61; 37.22; 2631.61; 0.0000; 0.0000; 0.0000; 1.0000; 0.0000; 0.0000; 0.00; 0.00; 0.00; 0.00; 0.00; 0.00; 0.00; 0.00; 0.00; 0
64; 1.0000; 0.0000; 0.0000; 0.0000; 0.2229; 0.2213; 0.0012; 0.0841; 28010.36; 37.78; 2671.33; 28010.36; 37.78; 2671.33; 0.0000; 0.0000; 0.0000; 1.0000; 0.0000; 0.0000; 0.00; 0.00; 0.00; 0.00; 0.00; 0.00; 0.00; 0.00; 0.00; 0
65; 1.0000; 0.0000; 0.0000; 0.0000; 0.2229; 0.2177; 0.0012; 0.0848; 27981.22; 37.63; 2660.75; 27981.22; 37.63; 2660.75; 0.0000; 0.0000; 0.0000; 1.0000; 0.0000; 0.0000; 0.00; 0.00; 0.00; 0.00; 0.00; 0.00; 0.00; 0.00; 0.00; 0
66; 1.0000; 0.0000; 0.0000; 0.0000; 0.2229; 0.2206; 0.0012; 0.0847; 27989.52; 37.37; 2642.55; 27989.52; 37.37; 2642.55; 0.0000; 0.0000; 0.0000; 1.0000; 0.0000; 0.0000; 0.00; 0.00; 0.00; 0.00; 0.00; 0.00; 0.00; 0.00; 0.00; 0
67; 1.0000; 0.0000; 0.0000; 0.0000; 0.2229; 0.2222; 0.0012; 0.0862; 27977.67; 38.11; 2694.50; 27977.67; 38.11; 2694.50; 0.0000; 0.0000; 0.0000; 1.0000; 0.0000; 0.0000; 0.00; 0.00; 0.00; 0.00; 0.00; 0.00; 0.00; 0.00; 0.00; 0
68; 1.0000; 0.0000; 0.0000; 0.0000; 0.2229; 0.2198; 0.0012; 0.0845; 27930.61; 37.29; 2637.15; 27930.61; 37.29; 2637.15; 0.0000; 0.0000; 0.0000; 1.0000; 0.0000; 0.0000; 0.00; 0.00; 0.00; 0.00; 0.00; 0.00; 0.00; 0.00; 0.00; 0
69; 1.0000; 0.0000; 0.0000; 0.0000; 0.2229; 0.2196; 0.0012; 0.0868; 27975.31; 36.67; 2592.81; 27975.31; 36.67; 2592.81; 0.0000; 0.0000; 0.0000; 1.0000; 0.0000; 0.0000; 0.00; 0.00; 0.00; 0.00; 0.00; 0.00; 0.00; 0.00; 0.00; 0
70; 1.0000; 0.0000; 0.0000; 0.0000; 0.2229; 0.2205; 0.0012; 0.0852; 27996.37; 37.40; 2644.50; 27996.37; 37.40; 2644.50; 0.0000; 0.0000; 0.0000; 1.0000; 0.0000; 0.0000; 0.00; 0.00; 0.00; 0.00; 0.00; 0.00; 0.00; 0.00; 0.00; 0
71; 1.0000; 0.0000; 0.0000; 0.0000; 0.2229; 0.2216; 0.0012; 0.0858; 27960.17; 37.54; 2654.79; 27960.17; 37.54; 2654.79; 0.0000; 0.0000; 0.0000; 1.0000; 0.0000; 0.0000; 0.00; 0.00; 0.00; 0.00; 0.00; 0.00; 0.00; 0.00; 0.00; 0
72; 1.0000; 0.0000; 0.0000; 0.0000; 0.2229; 0.2205; 0.0012; 0.0842; 27988.98; 37.60; 2658.86; 27988.98; 37.60; 2658.86; 0.0000; 0.0000; 0.0000; 1.0000; 0.0000; 0.0000; 0.00; 0.00; 0.00; 0.00; 0.00; 0.00; 0.00; 0.00; 0.00; 0
73; 1.0000; 0.0000; 0.0000; 0.0000; 0.2229; 0.2201; 0.0012; 0.0860; 28002.30; 37.35; 2640.83; 28002.30; 37.35; 2640.83; 0.0000; 0.0000; 0.0000; 1.0000; 0.0000; 0.0000; 0.00; 0.00; 0.00; 0.00; 0.00; 0.00; 0.00; 0.00; 0.00; 0
74; 1.0000; 0.0000; 0.0000; 0.0000; 0.2229; 0.2204; 0.0012; 0.0848; 27934.52; 37.22; 2632.18; 27934.52; 37.22; 2632.18; 0.0000; 0.0000; 0.0000; 1.0000; 0.0000; 0.0000; 0.00; 0.00; 0.00; 0.00; 0.00; 0.00; 0.00; 0.00; 0.00; 0
75; 1.0000; 0.0000; 0.0000; 0.0000; 0.2229; 0.2202; 0.0012; 0.0849; 28026.32; 37.30; 2637.48; 28026.32; 37.30; 2637.48; 0.0000; 0.0000; 0.0000; 1.0000; 0.0000; 0.0000; 0.00; 0.00; 0.00; 0.00; 0.00; 0.00; 0.00; 0.00; 0.00; 0
76; 1.0000; 0.0000; 0.0000; 0.0000; 0.2229; 0.2201; 0.0012; 0.0844; 27981.28; 36.84; 2604.72; 27981.28; 36.84; 2604.72; 0.0000; 0.0000; 0.0000; 1.0000; 0.0000; 0.0000; 0.00; 0.00; 0.00; 0.00; 0.00; 0.00; 0.00; 0.00; 0.00; 0
77; 1.0000; 0.0000; 0.0000; 0.0000; 0.2229; 0.2208; 0.0012; 0.0853; 28028.61; 36.99; 2615.72; 28028.61; 36.99; 2615.72; 0.0000; 0.0000; 0.0000; 1.0000; 0.0000; 0.0000; 0.00; 0.00; 0.00; 0.00; 0.00; 0.00; 0.00; 0.00; 0.00; 0
78; 1.0000; 0.0000; 0.0000; 0.0000; 0.2229; 0.2181; 0.0012; 0.0848; 27962.85; 37.84; 2675.60; 27962.85; 37.84; 2675.60; 0.0000; 0.0000; 0.0000; 1.0000; 0.0000; 0.0000; 0.00; 0.00; 0.00; 0.00; 0.00; 0.00; 0.00; 0.00; 0.00; 0
79; 1.0000; 0.0000; 0.0000; 0.0000; 0.2229; 0.2208; 0.0012; 0.0854; 27936.52; 37.15; 2627.15; 27936.52; 37.15; 2627.15; 0.0000; 0.0000; 0.0000; 1.0000; 0.0000; 0.0000; 0.00; 0.00; 0.00; 0.00; 0.00; 0.00; 0.00; 0.00; 0.00; 0
80; 1.0000; 0.0000; 0.0000; 0.0000; 0.2229; 0.2163; 0.0012; 0.0865; 28007.08; 37.55; 2655.03; 28007.08; 37.55; 2655.03; 0.0000; 0.0000; 0.0000; 1.0000; 0.0000; 0.0000; 0.00; 0.00; 0.00; 0.00; 0.00; 0.00; 0.00; 0.00; 0.00; 0
81; 1.0000; 0.0000; 0.0000; 0.0000; 0.2229; 0.2228; 0.0012; 0.0851; 27977.59; 36.51; 2581.44; 27977.59; 36.51; 2581.44; 0.0000; 0.0000; 0.0000; 1.0000; 0.0000; 0.0000; 0.00; 0.00; 0.00; 0.00; 0.00; 0.00; 0.00; 0.00; 0.00; 0
82; 1.0000; 0.0000; 0.0000; 0.0000; 0.2229; 0.2193; 0.0012; 0.0873; 28045.96; 37.63; 2660.67; 28045.96; 37.63; 2660.67; 0.0000; 0.0000; 0.0000; 1.0000; 0.0000; 0.0000; 0.00; 0.00; 0.00; 0.00; 0.00; 0.00; 0.00; 0.00; 0.00; 0
83; 1.0000; 0.0000; 0.0000; 0.0000; 0.2229; 0.2201; 0.0012; 0.0864; 27953.18; 37.40; 2644.50; 27953.18; 37.40; 2644.50; 0.0000; 0.0000; 0.0000; 1.0000; 0.0000; 0.0000; 0.00; 0.00; 0.00; 0.00; 0.00; 0.00; 0.00; 0.00; 0.00; 0
84; 1.0000; 0.0000; 0.0000; 0.0000; 0.2229; 0.2201; 0.0012; 0.0847; 28015.23; 37.69; 2665.27; 28015.23; 37.69; 2665.27; 0.0000; 0.0000; 0.0000; 1.0000; 0.0000; 0.0000; 0.00; 0.00; 0.00; 0.00; 0.00; 0.00; 0.00; 0.00; 0.00; 0
85; 1.0000; 0.0000; 0.0000; 0.0000; 0.2229; 0.2195; 0.0012; 0.0836; 28011.24; 37.63; 2660.68; 28011.24; 37.63; 2660.68; 0.0000; 0.0000; 0.0000; 1.0000; 0.0000; 0.0000; 0.00; 0.00; 0.00; 0.00; 0.00; 0.00; 0.00; 0.00; 0.00; 0
86; 1.0000; 0.0000; 0.0000; 0.0000; 0.2229; 0.2192; 0.0012; 0.0842; 28018.81; 37.54; 2654.48; 28018.81; 37.54; 2654.48; 0.0000; 0.0000; 0.0000; 1.0000; 0.0000; 0.0000; 0.00; 0.00; 0.00; 0.00; 0.00; 0.00; 0.00; 0.00; 0.00; 0
87; 1.0000; 0.0000; 0.0000; 0.0000; 0.2229; 0.2202; 0.0012; 0.0858; 27946.52; 37.88; 2678.82; 27946.52; 37.88; 2678.82; 0.0000; 0.0000; 0.0000; 1.0000; 0.0000; 0.0000; 0.00; 0.00; 0.00; 0.00; 0.00; 0.00; 0.00; 0.00; 0.00; 0
88; 1.0000; 0.0000; 0.0000; 0.0000; 0.2229; 0.2191; 0.0012; 0.0846; 28019.77; 37.99; 2686.12; 28019.77; 37.99; 2686.12; 0.0000; 0.0000; 0.0000; 1.0000; 0.0000; 0.0000; 0.00; 0.00; 0.00; 0.00; 0.00; 0.00; 0.00; 0.00; 0.00; 0
89; 1.0000; 0.0000; 0.0000; 0.0000; 0.2229; 0.2192; 0.0012; 0.0852; 27969.81; 36.83; 2604.43; 27969.81; 36.83; 2604.43; 0.0000; 0.0000; 0.0000; 1.0000; 0.0000; 0.0000; 0.00; 0.00; 0.00; 0.00; 0.00; 0.00; 0.00; 0.00; 0.00; 0
90; 1.0000; 0.0000; 0.0000; 0.0000; 0.2229; 0.2218; 0.0012; 0.0857; 28002.98; 37.84; 2676.00; 28002.98; 37.84; 2676.00; 0.0000; 0.0000; 0.0000; 1.0000; 0.0000; 0.0000; 0.00; 0.00; 0.00; 0.00; 0.00; 0.00; 0.00; 0.00; 0.00; 0
91; 1.0000; 0.0000; 0.0000; 0.0000; 0.2229; 0.2183; 0.0012; 0.0859; 27957.92; 37.75; 2669.40; 27957.92; 37.75; 2669.40; 0.0000; 0.0000; 0.0000; 1.0000; 0.0000; 0.0000; 0.00; 0.00; 0.00; 0.00; 0.00; 0.00; 0.00; 0.00; 0.00; 0
92; 1.0000; 0.0000; 0.0000; 0.0000; 0.2229; 0.2214; 0.0012; 0.0858; 27915.46; 37.24; 2633.14; 27915.46; 37.24; 2633.14; 0.0000; 0.0000; 0.0000; 1.0000; 0.0000; 0.0000; 0.00; 0.00; 0.00; 0.00; 0.00; 0.00; 0.00; 0.00; 0.00; 0
93; 1.0000; 0.0000; 0.0000; 0.0000; 0.2229; 0.2209; 0.0012; 0.0855; 27983.11; 37.40; 2644.41; 27983.11; 37.40; 2644.41; 0.0000; 0.0000; 0.0000; 1.0000; 0.0000; 0.0000; 0.00; 0.00; 0.00; 0.00; 0.00; 0.00; 0.00; 0.00; 0.00; 0
94; 1.0000; 0.0000; 0.0000; 0.0000; 0.2229; 0.2204; 0.0012; 0.0872; 27943.07; 37.98; 2685.90; 27943.07; 37.98; 2685.90; 0.0000; 0.0000; 0.0000; 1.0000; 0.0000; 0.0000; 0.00; 0.00; 0.00; 0.00; 0.00; 0.00; 0.00; 0.00; 0.00; 0
95; 1.0000; 0.0000; 0.0000; 0.0000; 0.2229; 0.2215; 0.0012; 0.0852; 27985.30; 38.04; 2689.49; 27985.30; 38.04; 2689.49; 0.0000; 0.0000; 0.0000; 1.0000; 0.0000; 0.0000; 0.00; 0.00; 0.00; 0.00; 0.00; 0.00; 0.00; 0.00; 0.00; 0
96; 1.0000; 0.0000; 0.0000; 0.0000; 0.2229; 0.2185; 0.0012; 0.0846; 28002.39; 37.06; 2620.30; 28002.39; 37.06; 2620.30; 0.0000; 0.0000; 0.0000; 1.0000; 0.0000; 0.0000; 0.00; 0.00; 0.00; 0.00; 0.00; 0.00; 0.00; 0.00; 0.00; 0
97; 1.0000; 0.0000; 0.0000; 0.0000; 0.2229; 0.2197; 0.0012; 0.0868; 28075.50; 36.64; 2590.89; 28075.50; 36.64; 2590.89; 0.0000; 0.0000; 0.0000; 1.0000; 0.0000; 0.0000; 0.00; 0.00; 0.00; 0.00; 0.00; 0.00; 0.00; 0.00; 0.00; 0
98; 1.0000; 0.0000; 0.0000; 0.0000; 0.2229; 0.2218; 0.0012; 0.0844; 28025.72; 37.57; 2656.66; 28025.72; 37.57; 2656.66; 0.0000; 0.0000; 0.0000; 1.0000; 0.0000; 0.0000; 0.00; 0.00; 0.00; 0.00; 0.00; 0.00; 0.00; 0.00; 0.00; 0
99; 1.0000; 0.0000; 0.0000; 0.0000; 0.2229; 0.2202; 0.0012; 0.0869; 27961.36; 37.47; 2649.68; 27961.36; 37.47; 2649.68; 0.0000; 0.0000; 0.0000; 1.0000; 0.0000; 0.0000; 0.00; 0.00; 0.00; 0.00; 0.00; 0.00; 0.00; 0.00; 0.00; 0
100; 1.0000; 0.0000; 0.0000; 0.0000; 0.2229; 0.2214; 0.0012; 0.0849; 28047.83; 37.65; 2661.97; 28047.83; 37.65; 2661.97; 0.0000; 0.0000; 0.0000; 1.0000; 0.0000; 0.0000; 0.00; 0.00; 0.00; 0.00; 0.00; 0.00; 0.00; 0.00; 0.00; 0
