    Year (Census)
    Proportion of populations extant, SE
    Proportion of populations going extinct for the first time in year, SE
    Deterministic growth, Stochastic growth, SE, SD
    Mean population size (across extant populations), SE, SD
    Mean population size (across all populations), SE, SD
    Population-based model: No genetic data (12 skipped fields)



    Mean time to extinction, SE, SD
    Median time to extinction
Year;PExtant;SE(PExtant);PExtinct;SE(PExtinct);det-r;stoch-r;SE(r);SD(r);N-extant;SE(N-extant);SD(N-extant);N-all;SE(N-all);SD(N-all);GeneDiv;SE(GD);SD(GD);Inbreed;SE(Inbr);SD(Inbr);nAlleles;SE(nAlleles);SD(nAlleles);nLethals;SE(nLethals);SD(nLethals);TE;SE(TE);SD(TE);medianTE
Default Scenario
Population 1: Population1
0; 1.0000; 0.0000; 0.0000; 0.0000; 0.4151;      0;      0;      0; 128501.00; 0.00; 0.00; 128501.00; 0.00; 0.00; 0.0000; 0.0000; 0.0000; 1.0000; 0.0000; 0.0000; 0.00; 0.00; 0.00; 0.00; 0.00; 0.00; 0.00; 0.00; 0.00; 0
1; 1.0000; 0.0000; 0.0000; 0.0000; 0.4151; 0.4119; 0.0015; 0.1036; 128824.49; 183.79; 12996.17; 128824.49; 183.79; 12996.17; 0.0000; 0.0000; 0.0000; 1.0000; 0.0000; 0.0000; 0.00; 0.00; 0.00; 0.00; 0.00; 0.00; 0.00; 0.00; 0.00; 0
2; 1.0000; 0.0000; 0.0000; 0.0000; 0.4151; 0.4085; 0.0015; 0.1030; 128322.92; 179.10; 12664.60; 128322.92; 179.10; 12664.60; 0.0000; 0.0000; 0.0000; 1.0000; 0.0000; 0.0000; 0.00; 0.00; 0.00; 0.00; 0.00; 0.00; 0.00; 0.00; 0.00; 0
3; 1.0000; 0.0000; 0.0000; 0.0000; 0.4151; 0.4082; 0.0015; 0.1058; 128515.07; 182.66; 12915.78; 128515.07; 182.66; 12915.78; 0.0000; 0.0000; 0.0000; 1.0000; 0.0000; 0.0000; 0.00; 0.00; 0.00; 0.00; 0.00; 0.00; 0.00; 0.00; 0.00; 0
4; 1.0000; 0.0000; 0.0000; 0.0000; 0.4151; 0.4110; 0.0015; 0.1037; 128289.38; 178.90; 12650.27; 128289.38; 178.90; 12650.27; 0.0000; 0.0000; 0.0000; 1.0000; 0.0000; 0.0000; 0.00; 0.00; 0.00; 0.00; 0.00; 0.00; 0.00; 0.00; 0.00; 0
5; 1.0000; 0.0000; 0.0000; 0.0000; 0.4151; 0.4064; 0.0015; 0.1037; 128546.54; 180.80; 12784.48; 128546.54; 180.80; 12784.48; 0.0000; 0.0000; 0.0000; 1.0000; 0.0000; 0.0000; 0.00; 0.00; 0.00; 0.00; 0.00; 0.00; 0.00; 0.00; 0.00; 0
6; 1.0000; 0.0000; 0.0000; 0.0000; 0.4151; 0.4124; 0.0015; 0.1039; 128159.69; 182.18; 12882.19; 128159.69; 182.18; 12882.19; 0.0000; 0.0000; 0.0000; 1.0000; 0.0000; 0.0000; 0.00; 0.00; 0.00; 0.00; 0.00; 0.00; 0.00; 0.00; 0.00; 0
7; 1.0000; 0.0000; 0.0000; 0.0000; 0.4151; 0.4083; 0.0015; 0.1030; 128243.99; 183.22; 12955.61; 128243.99; 183.22; 12955.61; 0.0000; 0.0000; 0.0000; 1.0000; 0.0000; 0.0000; 0.00; 0.00; 0.00; 0.00; 0.00; 0.00; 0.00; 0.00; 0.00; 0
8; 1.0000; 0.0000; 0.0000; 0.0000; 0.4151; 0.4074; 0.0015; 0.1032; 128508.30; 180.24; 12745.02; 128508.30; 180.24; 12745.02; 0.0000; 0.0000; 0.0000; 1.0000; 0.0000; 0.0000; 0.00; 0.00; 0.00; 0.00; 0.00; 0.00; 0.00; 0.00; 0.00; 0
9; 1.0000; 0.0000; 0.0000; 0.0000; 0.4151; 0.4111; 0.0014; 0.1020; 128157.58; 178.13; 12595.51; 128157.58; 178.13; 12595.51; 0.0000; 0.0000; 0.0000; 1.0000; 0.0000; 0.0000; 0.00; 0.00; 0.00; 0.00; 0.00; 0.00; 0.00; 0.00; 0.00; 0
10; 1.0000; 0.0000; 0.0000; 0.0000; 0.4151; 0.4114; 0.0014; 0.1024; 128272.86; 178.61; 12629.30; 128272.86; 178.61; 12629.30; 0.0000; 0.0000; 0.0000; 1.0000; 0.0000; 0.0000; 0.00; 0.00; 0.00; 0.00; 0.00; 0.00; 0.00; 0.00; 0.00; 0
11; 1.0000; 0.0000; 0.0000; 0.0000; 0.4151; 0.4092; 0.0015; 0.1032; 128177.45; 178.39; 12613.97; 128177.45; 178.39; 12613.97; 0.0000; 0.0000; 0.0000; 1.0000; 0.0000; 0.0000; 0.00; 0.00; 0.00; 0.00; 0.00; 0.00; 0.00; 0.00; 0.00; 0
12; 1.0000; 0.0000; 0.0000; 0.0000; 0.4151; 0.4108; 0.0015; 0.1049; 128425.73; 180.44; 12759.11; 128425.73; 180.44; 12759.11; 0.0000; 0.0000; 0.0000; 1.0000; 0.0000; 0.0000; 0.00; 0.00; 0.00; 0.00; 0.00; 0.00; 0.00; 0.00; 0.00; 0
13; 1.0000; 0.0000; 0.0000; 0.0000; 0.4151; 0.4094; 0.0015; 0.1055; 128354.88; 180.16; 12739.24; 128354.88; 180.16; 12739.24; 0.0000; 0.0000; 0.0000; 1.0000; 0.0000; 0.0000; 0.00; 0.00; 0.00; 0.00; 0.00; 0.00; 0.00; 0.00; 0.00; 0
14; 1.0000; 0.0000; 0.0000; 0.0000; 0.4151; 0.4101; 0.0014; 0.1019; 128034.08; 181.90; 12862.02; 128034.08; 181.90; 12862.02; 0.0000; 0.0000; 0.0000; 1.0000; 0.0000; 0.0000; 0.00; 0.00; 0.00; 0.00; 0.00; 0.00; 0.00; 0.00; 0.00; 0
15; 1.0000; 0.0000; 0.0000; 0.0000; 0.4151; 0.4088; 0.0015; 0.1042; 128513.81; 177.48; 12550.05; 128513.81; 177.48; 12550.05; 0.0000; 0.0000; 0.0000; 1.0000; 0.0000; 0.0000; 0.00; 0.00; 0.00; 0.00; 0.00; 0.00; 0.00; 0.00; 0.00; 0
16; 1.0000; 0.0000; 0.0000; 0.0000; 0.4151; 0.4091; 0.0015; 0.1062; 128543.02; 179.88; 12719.54; 128543.02; 179.88; 12719.54; 0.0000; 0.0000; 0.0000; 1.0000; 0.0000; 0.0000; 0.00; 0.00; 0.00; 0.00; 0.00; 0.00; 0.00; 0.00; 0.00; 0
17; 1.0000; 0.0000; 0.0000; 0.0000; 0.4151; 0.4098; 0.0014; 0.1024; 128599.72; 176.95; 12512.27; 128599.72; 176.95; 12512.27; 0.0000; 0.0000; 0.0000; 1.0000; 0.0000; 0.0000; 0.00; 0.00; 0.00; 0.00; 0.00; 0.00; 0.00; 0.00; 0.00; 0
18; 1.0000; 0.0000; 0.0000; 0.0000; 0.4151; 0.4091; 0.0014; 0.1012; 128173.92; 180.68; 12776.27; 128173.92; 180.68; 12776.27; 0.0000; 0.0000; 0.0000; 1.0000; 0.0000; 0.0000; 0.00; 0.00; 0.00; 0.00; 0.00; 0.00; 0.00; 0.00; 0.00; 0
19; 1.0000; 0.0000; 0.0000; 0.0000; 0.4151; 0.4096; 0.0015; 0.1051; 128459.74; 181.21; 12813.35; 128459.74; 181.21; 12813.35; 0.0000; 0.0000; 0.0000; 1.0000; 0.0000; 0.0000; 0.00; 0.00; 0.00; 0.00; 0.00; 0.00; 0.00; 0.00; 0.00; 0
20; 1.0000; 0.0000; 0.0000; 0.0000; 0.4151; 0.4054; 0.0015; 0.1053; 128541.44; 178.31; 12608.63; 128541.44; 178.31; 12608.63; 0.0000; 0.0000; 0.0000; 1.0000; 0.0000; 0.0000; 0.00; 0.00; 0.00; 0.00; 0.00; 0.00; 0.00; 0.00; 0.00; 0
21; 1.0000; 0.0000; 0.0000; 0.0000; 0.4151; 0.4081; 0.0015; 0.1063; 128489.39; 181.74; 12851.16; 128489.39; 181.74; 12851.16; 0.0000; 0.0000; 0.0000; 1.0000; 0.0000; 0.0000; 0.00; 0.00; 0.00; 0.00; 0.00; 0.00; 0.00; 0.00; 0.00; 0
22; 1.0000; 0.0000; 0.0000; 0.0000; 0.4151; 0.4092; 0.0015; 0.1042; 128372.19; 179.52; 12693.65; 128372.19; 179.52; 12693.65; 0.0000; 0.0000; 0.0000; 1.0000; 0.0000; 0.0000; 0.00; 0.00; 0.00; 0.00; 0.00; 0.00; 0.00; 0.00; 0.00; 0
23; 1.0000; 0.0000; 0.0000; 0.0000; 0.4151; 0.4088; 0.0015; 0.1040; 128078.47; 181.54; 12836.77; 128078.47; 181.54; 12836.77; 0.0000; 0.0000; 0.0000; 1.0000; 0.0000; 0.0000; 0.00; 0.00; 0.00; 0.00; 0.00; 0.00; 0.00; 0.00; 0.00; 0
24; 1.0000; 0.0000; 0.0000; 0.0000; 0.4151; 0.4078; 0.0015; 0.1052; 128166.68; 177.78; 12571.28; 128166.68; 177.78; 12571.28; 0.0000; 0.0000; 0.0000; 1.0000; 0.0000; 0.0000; 0.00; 0.00; 0.00; 0.00; 0.00; 0.00; 0.00; 0.00; 0.00; 0
25; 1.0000; 0.0000; 0.0000; 0.0000; 0.4151; 0.4088; 0.0015; 0.1050; 128247.08; 178.76; 12640.26; 128247.08; 178.76; 12640.26; 0.0000; 0.0000; 0.0000; 1.0000; 0.0000; 0.0000; 0.00; 0.00; 0.00; 0.00; 0.00; 0.00; 0.00; 0.00; 0.00; 0
26; 1.0000; 0.0000; 0.0000; 0.0000; 0.4151; 0.4095; 0.0015; 0.1064; 128110.95; 177.28; 12535.83; 128110.95; 177.28; 12535.83; 0.0000; 0.0000; 0.0000; 1.0000; 0.0000; 0.0000; 0.00; 0.00; 0.00; 0.00; 0.00; 0.00; 0.00; 0.00; 0.00; 0
27; 1.0000; 0.0000; 0.0000; 0.0000; 0.4151; 0.4119; 0.0015; 0.1035; 128231.47; 177.84; 12575.52; 128231.47; 177.84; 12575.52; 0.0000; 0.0000; 0.0000; 1.0000; 0.0000; 0.0000; 0.00; 0.00; 0.00; 0.00; 0.00; 0.00; 0.00; 0.00; 0.00; 0
28; 1.0000; 0.0000; 0.0000; 0.0000; 0.4151; 0.4068; 0.0015; 0.1052; 128543.17; 181.22; 12814.01; 128543.17; 181.22; 12814.01; 0.0000; 0.0000; 0.0000; 1.0000; 0.0000; 0.0000; 0.00; 0.00; 0.00; 0.00; 0.00; 0.00; 0.00; 0.00; 0.00; 0
29; 1.0000; 0.0000; 0.0000; 0.0000; 0.4151; 0.4091; 0.0015; 0.1049; 128264.93; 178.82; 12644.46; 128264.93; 178.82; 12644.46; 0.0000; 0.0000; 0.0000; 1.0000; 0.0000; 0.0000; 0.00; 0.00; 0.00; 0.00; 0.00; 0.00; 0.00; 0.00; 0.00; 0
30; 1.0000; 0.0000; 0.0000; 0.0000; 0.4151; 0.4121; 0.0015; 0.1041; 128299.00; 179.48; 12691.01; 128299.00; 179.48; 12691.01; 0.0000; 0.0000; 0.0000; 1.0000; 0.0000; 0.0000; 0.00; 0.00; 0.00; 0.00; 0.00; 0.00; 0.00; 0.00; 0.00; 0
31; 1.0000; 0.0000; 0.0000; 0.0000; 0.4151; 0.4086; 0.0015; 0.1062; 128340.46; 181.25; 12816.16; 128340.46; 181.25; 12816.16; 0.0000; 0.0000; 0.0000; 1.0000; 0.0000; 0.0000; 0.00; 0.00; 0.00; 0.00; 0.00; 0.00; 0.00; 0.00; 0.00; 0
32; 1.0000; 0.0000; 0.0000; 0.0000; 0.4151; 0.4100; 0.0015; 0.1055; 128283.06; 178.97; 12655.36; 128283.06; 178.97; 12655.36; 0.0000; 0.0000; 0.0000; 1.0000; 0.0000; 0.0000; 0.00; 0.00; 0.00; 0.00; 0.00; 0.00; 0.00; 0.00; 0.00; 0
33; 1.0000; 0.0000; 0.0000; 0.0000; 0.4151; 0.4097; 0.0015; 0.1054; 128183.27; 181.23; 12815.16; 128183.27; 181.23; 12815.16; 0.0000; 0.0000; 0.0000; 1.0000; 0.0000; 0.0000; 0.00; 0.00; 0.00; 0.00; 0.00; 0.00; 0.00; 0.00; 0.00; 0
34; 1.0000; 0.0000; 0.0000; 0.0000; 0.4151; 0.4072; 0.0015; 0.1048; 128236.41; 178.04; 12589.35; 128236.41; 178.04; 12589.35; 0.0000; 0.0000; 0.0000; 1.0000; 0.0000; 0.0000; 0.00; 0.00; 0.00; 0.00; 0.00; 0.00; 0.00; 0.00; 0.00; 0
35; 1.0000; 0.0000; 0.0000; 0.0000; 0.4151; 0.4105; 0.0014; 0.1018; 128788.32; 176.16; 12456.35; 128788.32; 176.16; 12456.35; 0.0000; 0.0000; 0.0000; 1.0000; 0.0000; 0.0000; 0.00; 0.00; 0.00; 0.00; 0.00; 0.00; 0.00; 0.00; 0.00; 0
36; 1.0000; 0.0000; 0.0000; 0.0000; 0.4151; 0.4085; 0.0015; 0.1046; 128144.41; 178.07; 12591.25; 128144.41; 178.07; 12591.25; 0.0000; 0.0000; 0.0000; 1.0000; 0.0000; 0.0000; 0.00; 0.00; 0.00; 0.00; 0.00; 0.00; 0.00; 0.00; 0.00; 0
37; 1.0000; 0.0000; 0.0000; 0.0000; 0.4151; 0.4118; 0.0015; 0.1029; 128196.56; 179.92; 12722.61; 128196.56; 179.92; 12722.61; 0.0000; 0.0000; 0.0000; 1.0000; 0.0000; 0.0000; 0.00; 0.00; 0.00; 0.00; 0.00; 0.00; 0.00; 0.00; 0.00; 0
38; 1.0000; 0.0000; 0.0000; 0.0000; 0.4151; 0.4087; 0.0015; 0.1049; 128296.37; 178.51; 12622.56; 128296.37; 178.51; 12622.56; 0.0000; 0.0000; 0.0000; 1.0000; 0.0000; 0.0000; 0.00; 0.00; 0.00; 0.00; 0.00; 0.00; 0.00; 0.00; 0.00; 0
39; 1.0000; 0.0000; 0.0000; 0.0000; 0.4151; 0.4132; 0.0015; 0.1039; 128178.57; 178.84; 12645.92; 128178.57; 178.84; 12645.92; 0.0000; 0.0000; 0.0000; 1.0000; 0.0000; 0.0000; 0.00; 0.00; 0.00; 0.00; 0.00; 0.00; 0.00; 0.00; 0.00; 0
40; 1.0000; 0.0000; 0.0000; 0.0000; 0.4151; 0.4075; 0.0015; 0.1081; 128374.30; 179.57; 12697.69; 128374.30; 179.57; 12697.69; 0.0000; 0.0000; 0.0000; 1.0000; 0.0000; 0.0000; 0.00; 0.00; 0.00; 0.00; 0.00; 0.00; 0.00; 0.00; 0.00; 0
41; 1.0000; 0.0000; 0.0000; 0.0000; 0.4151; 0.4107; 0.0015; 0.1027; 128166.42; 176.84; 12504.40; 128166.42; 176.84; 12504.40; 0.0000; 0.0000; 0.0000; 1.0000; 0.0000; 0.0000; 0.00; 0.00; 0.00; 0.00; 0.00; 0.00; 0.00; 0.00; 0.00; 0
42; 1.0000; 0.0000; 0.0000; 0.0000; 0.4151; 0.4101; 0.0015; 0.1041; 128600.08; 178.29; 12607.10; 128600.08; 178.29; 12607.10; 0.0000; 0.0000; 0.0000; 1.0000; 0.0000; 0.0000; 0.00; 0.00; 0.00; 0.00; 0.00; 0.00; 0.00; 0.00; 0.00; 0
43; 1.0000; 0.0000; 0.0000; 0.0000; 0.4151; 0.4085; 0.0015; 0.1053; 128417.08; 179.00; 12657.14; 128417.08; 179.00; 12657.14; 0.0000; 0.0000; 0.0000; 1.0000; 0.0000; 0.0000; 0.00; 0.00; 0.00; 0.00; 0.00; 0.00; 0.00; 0.00; 0.00; 0
44; 1.0000; 0.0000; 0.0000; 0.0000; 0.4151; 0.4088; 0.0015; 0.1031; 128356.27; 180.14; 12737.48; 128356.27; 180.14; 12737.48; 0.0000; 0.0000; 0.0000; 1.0000; 0.0000; 0.0000; 0.00; 0.00; 0.00; 0.00; 0.00; 0.00; 0.00; 0.00; 0.00; 0
45; 1.0000; 0.0000; 0.0000; 0.0000; 0.4151; 0.4098; 0.0015; 0.1049; 127955.64; 178.12; 12595.23; 127955.64; 178.12; 12595.23; 0.0000; 0.0000; 0.0000; 1.0000; 0.0000; 0.0000; 0.00; 0.00; 0.00; 0.00; 0.00; 0.00; 0.00; 0.00; 0.00; 0
46; 1.0000; 0.0000; 0.0000; 0.0000; 0.4151; 0.4088; 0.0015; 0.1049; 128447.37; 176.63; 12489.71; 128447.37; 176.63; 12489.71; 0.0000; 0.0000; 0.0000; 1.0000; 0.0000; 0.0000; 0.00; 0.00; 0.00; 0.00; 0.00; 0.00; 0.00; 0.00; 0.00; 0
47; 1.0000; 0.0000; 0.0000; 0.0000; 0.4151; 0.4067; 0.0015; 0.1045; 128454.19; 177.08; 12521.34; 128454.19; 177.08; 12521.34; 0.0000; 0.0000; 0.0000; 1.0000; 0.0000; 0.0000; 0.00; 0.00; 0.00; 0.00; 0.00; 0.00; 0.00; 0.00; 0.00; 0
48; 1.0000; 0.0000; 0.0000; 0.0000; 0.4151; 0.4110; 0.0015; 0.1057; 128014.44; 177.55; 12554.60; 128014.44; 177.55; 12554.60; 0.0000; 0.0000; 0.0000; 1.0000; 0.0000; 0.0000; 0.00; 0.00; 0.00; 0.00; 0.00; 0.00; 0.00; 0.00; 0.00; 0
49; 1.0000; 0.0000; 0.0000; 0.0000; 0.4151; 0.4100; 0.0015; 0.1061; 128021.07; 182.23; 12885.51; 128021.07; 182.23; 12885.51; 0.0000; 0.0000; 0.0000; 1.0000; 0.0000; 0.0000; 0.00; 0.00; 0.00; 0.00; 0.00; 0.00; 0.00; 0.00; 0.00; 0
50; 1.0000; 0.0000; 0.0000; 0.0000; 0.4151; 0.4090; 0.0015; 0.1037; 128268.29; 180.71; 12778.10; 128268.29; 180.71; 12778.10; 0.0000; 0.0000; 0.0000; 1.0000; 0.0000; 0.0000; 0.00; 0.00; 0.00; 0.00; 0.00; 0.00; 0.00; 0.00; 0.00; 0
51; 1.0000; 0.0000; 0.0000; 0.0000; 0.4151; 0.4101; 0.0014; 0.1025; 128454.70; 179.00; 12657.54; 128454.70; 179.00; 12657.54; 0.0000; 0.0000; 0.0000; 1.0000; 0.0000; 0.0000; 0.00; 0.00; 0.00; 0.00; 0.00; 0.00; 0.00; 0.00; 0.00; 0
52; 1.0000; 0.0000; 0.0000; 0.0000; 0.4151; 0.4124; 0.0015; 0.1038; 128224.68; 180.38; 12754.82; 128224.68; 180.38; 12754.82; 0.0000; 0.0000; 0.0000; 1.0000; 0.0000; 0.0000; 0.00; 0.00; 0.00; 0.00; 0.00; 0.00; 0.00; 0.00; 0.00; 0
53; 1.0000; 0.0000; 0.0000; 0.0000; 0.4151; 0.4097; 0.0015; 0.1043; 127990.14; 179.05; 12660.78; 127990.14; 179.05; 12660.78; 0.0000; 0.0000; 0.0000; 1.0000; 0.0000; 0.0000; 0.00; 0.00; 0.00; 0.00; 0.00; 0.00; 0.00; 0.00; 0.00; 0
54; 1.0000; 0.0000; 0.0000; 0.0000; 0.4151; 0.4094; 0.0015; 0.1034; 128385.44; 176.44; 12476.00; 128385.44; 176.44; 12476.00; 0.0000; 0.0000; 0.0000; 1.0000; 0.0000; 0.0000; 0.00; 0.00; 0.00; 0.00; 0.00; 0.00; 0.00; 0.00; 0.00; 0
55; 1.0000; 0.0000; 0.0000; 0.0000; 0.4151; 0.4091; 0.0015; 0.1059; 128605.77; 180.38; 12754.47; 128605.77; 180.38; 12754.47; 0.0000; 0.0000; 0.0000; 1.0000; 0.0000; 0.0000; 0.00; 0.00; 0.00; 0.00; 0.00; 0.00; 0.00; 0.00; 0.00; 0
56; 1.0000; 0.0000; 0.0000; 0.0000; 0.4151; 0.4081; 0.0015; 0.1059; 128510.21; 178.45; 12618.38; 128510.21; 178.45; 12618.38; 0.0000; 0.0000; 0.0000; 1.0000; 0.0000; 0.0000; 0.00; 0.00; 0.00; 0.00; 0.00; 0.00; 0.00; 0.00; 0.00; 0
57; 1.0000; 0.0000; 0.0000; 0.0000; 0.4151; 0.4092; 0.0015; 0.1046; 128421.84; 178.03; 12588.68; 128421.84; 178.03; 12588.68; 0.0000; 0.0000; 0.0000; 1.0000; 0.0000; 0.0000; 0.00; 0.00; 0.00; 0.00; 0.00; 0.00; 0.00; 0.00; 0.00; 0
58; 1.0000; 0.0000; 0.0000; 0.0000; 0.4151; 0.4117; 0.0015; 0.1035; 128110.76; 181.30; 12819.67; 128110.76; 181.30; 12819.67; 0.0000; 0.0000; 0.0000; 1.0000; 0.0000; 0.0000; 0.00; 0.00; 0.00; 0.00; 0.00; 0.00; 0.00; 0.00; 0.00; 0
59; 1.0000; 0.0000; 0.0000; 0.0000; 0.4151; 0.4088; 0.0015; 0.1049; 128399.11; 178.86; 12647.57; 128399.11; 178.86; 12647.57; 0.0000; 0.0000; 0.0000; 1.0000; 0.0000; 0.0000; 0.00; 0.00; 0.00; 0.00; 0.00; 0.00; 0.00; 0.00; 0.00; 0
60; 1.0000; 0.0000; 0.0000; 0.0000; 0.4151; 0.4096; 0.0015; 0.1045; 127818.75; 176.24; 12462.40; 127818.75; 176.24; 12462.40; 0.0000; 0.0000; 0.0000; 1.0000; 0.0000; 0.0000; 0.00; 0.00; 0.00; 0.00; 0.00; 0.00; 0.00; 0.00; 0.00; 0
61; 1.0000; 0.0000; 0.0000; 0.0000; 0.4151; 0.4111; 0.0015; 0.1035; 128345.18; 179.63; 12701.74; 128345.18; 179.63; 12701.74; 0.0000; 0.0000; 0.0000; 1.0000; 0.0000; 0.0000; 0.00; 0.00; 0.00; 0.00; 0.00; 0.00; 0.00; 0.00; 0.00; 0
62; 1.0000; 0.0000; 0.0000; 0.0000; 0.4151; 0.4102; 0.0014; 0.1016; 128375.28; 178.08; 12592.06; 128375.28; 178.08; 12592.06; 0.0000; 0.0000; 0.0000; 1.0000; 0.0000; 0.0000; 0.00; 0.00; 0.00; 0.00; 0.00; 0.00; 0.00; 0.00; 0.00; 0
63; 1.0000; 0.0000; 0.0000; 0.0000; 0.4151; 0.4125; 0.0015; 0.1049; 128010.69; 179.95; 12724.40; 128010.69; 179.95; 12724.40; 0.0000; 0.0000; 0.0000; 1.0000; 0.0000; 0.0000; 0.00; 0.00; 0.00; 0.00; 0.00; 0.00; 0.00; 0.00; 0.00; 0
64; 1.0000; 0.0000; 0.0000; 0.0000; 0.4151; 0.4084; 0.0015; 0.1040; 128533.98; 175.89; 12437.24; 128533.98; 175.89; 12437.24; 0.0000; 0.0000; 0.0000; 1.0000; 0.0000; 0.0000; 0.00; 0.00; 0.00; 0.00; 0.00; 0.00; 0.00; 0.00; 0.00; 0
65; 1.0000; 0.0000; 0.0000; 0.0000; 0.4151; 0.4075; 0.0015; 0.1053; 128281.60; 179.73; 12708.74; 128281.60; 179.73; 12708.74; 0.0000; 0.0000; 0.0000; 1.0000; 0.0000; 0.0000; 0.00; 0.00; 0.00; 0.00; 0.00; 0.00; 0.00; 0.00; 0.00; 0
66; 1.0000; 0.0000; 0.0000; 0.0000; 0.4151; 0.4079; 0.0015; 0.1048; 128262.77; 180.51; 12764.22; 128262.77; 180.51; 12764.22; 0.0000; 0.0000; 0.0000; 1.0000; 0.0000; 0.0000; 0.00; 0.00; 0.00; 0.00; 0.00; 0.00; 0.00; 0.00; 0.00; 0
67; 1.0000; 0.0000; 0.0000; 0.0000; 0.4151; 0.4098; 0.0015; 0.1035; 128544.18; 181.33; 12822.10; 128544.18; 181.33; 12822.10; 0.0000; 0.0000; 0.0000; 1.0000; 0.0000; 0.0000; 0.00; 0.00; 0.00; 0.00; 0.00; 0.00; 0.00; 0.00; 0.00; 0
68; 1.0000; 0.0000; 0.0000; 0.0000; 0.4151; 0.4093; 0.0015; 0.1054; 128442.03; 181.84; 12857.84; 128442.03; 181.84; 12857.84; 0.0000; 0.0000; 0.0000; 1.0000; 0.0000; 0.0000; 0.00; 0.00; 0.00; 0.00; 0.00; 0.00; 0.00; 0.00; 0.00; 0
69; 1.0000; 0.0000; 0.0000; 0.0000; 0.4151; 0.4080; 0.0015; 0.1059; 128283.78; 181.23; 12814.94; 128283.78; 181.23; 12814.94; 0.0000; 0.0000; 0.0000; 1.0000; 0.0000; 0.0000; 0.00; 0.00; 0.00; 0.00; 0.00; 0.00; 0.00; 0.00; 0.00; 0
70; 1.0000; 0.0000; 0.0000; 0.0000; 0.4151; 0.4082; 0.0015; 0.1046; 128514.22; 179.41; 12685.99; 128514.22; 179.41; 12685.99; 0.0000; 0.0000; 0.0000; 1.0000; 0.0000; 0.0000; 0.00; 0.00; 0.00; 0.00; 0.00; 0.00; 0.00; 0.00; 0.00; 0
71; 1.0000; 0.0000; 0.0000; 0.0000; 0.4151; 0.4092; 0.0015; 0.1052; 128340.47; 175.40; 12402.63; 128340.47; 175.40; 12402.63; 0.0000; 0.0000; 0.0000; 1.0000; 0.0000; 0.0000; 0.00; 0.00; 0.00; 0.00; 0.00; 0.00; 0.00; 0.00; 0.00; 0
72; 1.0000; 0.0000; 0.0000; 0.0000; 0.4151; 0.4109; 0.0015; 0.1026; 128231.93; 179.98; 12726.79; 128231.93; 179.98; 12726.79; 0.0000; 0.0000; 0.0000; 1.0000; 0.0000; 0.0000; 0.00; 0.00; 0.00; 0.00; 0.00; 0.00; 0.00; 0.00; 0.00; 0
73; 1.0000; 0.0000; 0.0000; 0.0000; 0.4151; 0.4096; 0.0015; 0.1045; 128494.93; 176.52; 12482.11; 128494.93; 176.52; 12482.11; 0.0000; 0.0000; 0.0000; 1.0000; 0.0000; 0.0000; 0.00; 0.00; 0.00; 0.00; 0.00; 0.00; 0.00; 0.00; 0.00; 0
74; 1.0000; 0.0000; 0.0000; 0.0000; 0.4151; 0.4085; 0.0015; 0.1052; 128381.63; 180.10; 12735.32; 128381.63; 180.10; 12735.32; 0.0000; 0.0000; 0.0000; 1.0000; 0.0000; 0.0000; 0.00; 0.00; 0.00; 0.00; 0.00; 0.00; 0.00; 0.00; 0.00; 0
75; 1.0000; 0.0000; 0.0000; 0.0000; 0.4151; 0.4087; 0.0015; 0.1044; 128515.53; 180.82; 12786.05; 128515.53; 180.82; 12786.05; 0.0000; 0.0000; 0.0000; 1.0000; 0.0000; 0.0000; 0.00; 0.00; 0.00; 0.00; 0.00; 0.00; 0.00; 0.00; 0.00; 0
76; 1.0000; 0.0000; 0.0000; 0.0000; 0.4151; 0.4059; 0.0015; 0.1049; 128278.50; 176.82; 12502.95; 128278.50; 176.82; 12502.95; 0.0000; 0.0000; 0.0000; 1.0000; 0.0000; 0.0000; 0.00; 0.00; 0.00; 0.00; 0.00; 0.00; 0.00; 0.00; 0.00; 0
77; 1.0000; 0.0000; 0.0000; 0.0000; 0.4151; 0.4084; 0.0015; 0.1039; 128275.77; 180.77; 12782.05; 128275.77; 180.77; 12782.05; 0.0000; 0.0000; 0.0000; 1.0000; 0.0000; 0.0000; 0.00; 0.00; 0.00; 0.00; 0.00; 0.00; 0.00; 0.00; 0.00; 0
78; 1.0000; 0.0000; 0.0000; 0.0000; 0.4151; 0.4084; 0.0015; 0.1047; 128242.76; 180.89; 12790.71; 128242.76; 180.89; 12790.71; 0.0000; 0.0000; 0.0000; 1.0000; 0.0000; 0.0000; 0.00; 0.00; 0.00; 0.00; 0.00; 0.00; 0.00; 0.00; 0.00; 0
79; 1.0000; 0.0000; 0.0000; 0.0000; 0.4151; 0.4080; 0.0015; 0.1054; 128254.20; 179.19; 12670.70; 128254.20; 179.19; 12670.70; 0.0000; 0.0000; 0.0000; 1.0000; 0.0000; 0.0000; 0.00; 0.00; 0.00; 0.00; 0.00; 0.00; 0.00; 0.00; 0.00; 0
80; 1.0000; 0.0000; 0.0000; 0.0000; 0.4151; 0.4076; 0.0015; 0.1048; 128346.52; 176.78; 12500.45; 128346.52; 176.78; 12500.45; 0.0000; 0.0000; 0.0000; 1.0000; 0.0000; 0.0000; 0.00; 0.00; 0.00; 0.00; 0.00; 0.00; 0.00; 0.00; 0.00; 0
81; 1.0000; 0.0000; 0.0000; 0.0000; 0.4151; 0.4092; 0.0015; 0.1038; 128559.33; 180.20; 12741.84; 128559.33; 180.20; 12741.84; 0.0000; 0.0000; 0.0000; 1.0000; 0.0000; 0.0000; 0.00; 0.00; 0.00; 0.00; 0.00; 0.00; 0.00; 0.00; 0.00; 0
82; 1.0000; 0.0000; 0.0000; 0.0000; 0.4151; 0.4081; 0.0015; 0.1034; 128453.24; 178.97; 12655.38; 128453.24; 178.97; 12655.38; 0.0000; 0.0000; 0.0000; 1.0000; 0.0000; 0.0000; 0.00; 0.00; 0.00; 0.00; 0.00; 0.00; 0.00; 0.00; 0.00; 0
83; 1.0000; 0.0000; 0.0000; 0.0000; 0.4151; 0.4105; 0.0015; 0.1048; 128403.22; 181.26; 12816.87; 128403.22; 181.26; 12816.87; 0.0000; 0.0000; 0.0000; 1.0000; 0.0000; 0.0000; 0.00; 0.00; 0.00; 0.00; 0.00; 0.00; 0.00; 0.00; 0.00; 0
84; 1.0000; 0.0000; 0.0000; 0.0000; 0.4151; 0.4087; 0.0015; 0.1042; 128506.63; 179.16; 12668.47; 128506.63; 179.16; 12668.47; 0.0000; 0.0000; 0.0000; 1.0000; 0.0000; 0.0000; 0.00; 0.00; 0.00; 0.00; 0.00; 0.00; 0.00; 0.00; 0.00; 0
85; 1.0000; 0.0000; 0.0000; 0.0000; 0.4151; 0.4108; 0.0015; 0.1034; 128284.60; 181.61; 12841.50; 128284.60; 181.61; 12841.50; 0.0000; 0.0000; 0.0000; 1.0000; 0.0000; 0.0000; 0.00; 0.00; 0.00; 0.00; 0.00; 0.00; 0.00; 0.00; 0.00; 0
86; 1.0000; 0.0000; 0.0000; 0.0000; 0.4151; 0.4070; 0.0015; 0.1052; 128397.01; 177.38; 12542.82; 128397.01; 177.38; 12542.82; 0.0000; 0.0000; 0.0000; 1.0000; 0.0000; 0.0000; 0.00; 0.00; 0.00; 0.00; 0.00; 0.00; 0.00; 0.00; 0.00; 0
87; 1.0000; 0.0000; 0.0000; 0.0000; 0.4151; 0.4107; 0.0015; 0.1053; 128394.37; 182.22; 12884.67; 128394.37; 182.22; 12884.67; 0.0000; 0.0000; 0.0000; 1.0000; 0.0000; 0.0000; 0.00; 0.00; 0.00; 0.00; 0.00; 0.00; 0.00; 0.00; 0.00; 0
88; 1.0000; 0.0000; 0.0000; 0.0000; 0.4151; 0.4090; 0.0015; 0.1055; 128501.37; 177.67; 12562.89; 128501.37; 177.67; 12562.89; 0.0000; 0.0000; 0.0000; 1.0000; 0.0000; 0.0000; 0.00; 0.00; 0.00; 0.00; 0.00; 0.00; 0.00; 0.00; 0.00; 0
89; 1.0000; 0.0000; 0.0000; 0.0000; 0.4151; 0.4106; 0.0015; 0.1028; 128546.36; 177.17; 12527.87; 128546.36; 177.17; 12527.87; 0.0000; 0.0000; 0.0000; 1.0000; 0.0000; 0.0000; 0.00; 0.00; 0.00; 0.00; 0.00; 0.00; 0.00; 0.00; 0.00; 0
90; 1.0000; 0.0000; 0.0000; 0.0000; 0.4151; 0.4104; 0.0015; 0.1050; 128278.12; 178.08; 12592.34; 128278.12; 178.08; 12592.34; 0.0000; 0.0000; 0.0000; 1.0000; 0.0000; 0.0000; 0.00; 0.00; 0.00; 0.00; 0.00; 0.00; 0.00; 0.00; 0.00; 0
91; 1.0000; 0.0000; 0.0000; 0.0000; 0.4151; 0.4123; 0.0015; 0.1046; 128380.97; 181.24; 12815.86; 128380.97; 181.24; 12815.86; 0.0000; 0.0000; 0.0000; 1.0000; 0.0000; 0.0000; 0.00; 0.00; 0.00; 0.00; 0.00; 0.00; 0.00; 0.00; 0.00; 0
92; 1.0000; 0.0000; 0.0000; 0.0000; 0.4151; 0.4085; 0.0015; 0.1045; 128076.09; 179.61; 12700.17; 128076.09; 179.61; 12700.17; 0.0000; 0.0000; 0.0000; 1.0000; 0.0000; 0.0000; 0.00; 0.00; 0.00; 0.00; 0.00; 0.00; 0.00; 0.00; 0.00; 0
93; 1.0000; 0.0000; 0.0000; 0.0000; 0.4151; 0.4086; 0.0015; 0.1047; 128440.39; 178.63; 12631.01; 128440.39; 178.63; 12631.01; 0.0000; 0.0000; 0.0000; 1.0000; 0.0000; 0.0000; 0.00; 0.00; 0.00; 0.00; 0.00; 0.00; 0.00; 0.00; 0.00; 0
94; 1.0000; 0.0000; 0.0000; 0.0000; 0.4151; 0.4084; 0.0015; 0.1042; 128172.15; 178.03; 12588.75; 128172.15; 178.03; 12588.75; 0.0000; 0.0000; 0.0000; 1.0000; 0.0000; 0.0000; 0.00; 0.00; 0.00; 0.00; 0.00; 0.00; 0.00; 0.00; 0.00; 0
95; 1.0000; 0.0000; 0.0000; 0.0000; 0.4151; 0.4082; 0.0015; 0.1052; 128226.47; 179.79; 12712.99; 128226.47; 179.79; 12712.99; 0.0000; 0.0000; 0.0000; 1.0000; 0.0000; 0.0000; 0.00; 0.00; 0.00; 0.00; 0.00; 0.00; 0.00; 0.00; 0.00; 0
96; 1.0000; 0.0000; 0.0000; 0.0000; 0.4151; 0.4094; 0.0015; 0.1040; 128400.92; 176.89; 12508.10; 128400.92; 176.89; 12508.10; 0.0000; 0.0000; 0.0000; 1.0000; 0.0000; 0.0000; 0.00; 0.00; 0.00; 0.00; 0.00; 0.00; 0.00; 0.00; 0.00; 0
97; 1.0000; 0.0000; 0.0000; 0.0000; 0.4151; 0.4125; 0.0015; 0.1032; 127979.65; 182.00; 12869.62; 127979.65; 182.00; 12869.62; 0.0000; 0.0000; 0.0000; 1.0000; 0.0000; 0.0000; 0.00; 0.00; 0.00; 0.00; 0.00; 0.00; 0.00; 0.00; 0.00; 0
98; 1.0000; 0.0000; 0.0000; 0.0000; 0.4151; 0.4095; 0.0015; 0.1045; 128492.40; 179.37; 12683.68; 128492.40; 179.37; 12683.68; 0.0000; 0.0000; 0.0000; 1.0000; 0.0000; 0.0000; 0.00; 0.00; 0.00; 0.00; 0.00; 0.00; 0.00; 0.00; 0.00; 0
99; 1.0000; 0.0000; 0.0000; 0.0000; 0.4151; 0.4080; 0.0015; 0.1047; 128439.61; 178.59; 12628.39; 128439.61; 178.59; 12628.39; 0.0000; 0.0000; 0.0000; 1.0000; 0.0000; 0.0000; 0.00; 0.00; 0.00; 0.00; 0.00; 0.00; 0.00; 0.00; 0.00; 0
100; 1.0000; 0.0000; 0.0000; 0.0000; 0.4151; 0.4097; 0.0015; 0.1043; 128389.30; 184.66; 13057.43; 128389.30; 184.66; 13057.43; 0.0000; 0.0000; 0.0000; 1.0000; 0.0000; 0.0000; 0.00; 0.00; 0.00; 0.00; 0.00; 0.00; 0.00; 0.00; 0.00; 0
