    Year (Census)
    Proportion of populations extant, SE
    Proportion of populations going extinct for the first time in year, SE
    Deterministic growth, Stochastic growth, SE, SD
    Mean population size (across extant populations), SE, SD
    Mean population size (across all populations), SE, SD
    Population-based model: No genetic data (12 skipped fields)



    Mean time to extinction, SE, SD
    Median time to extinction
Year;PExtant;SE(PExtant);PExtinct;SE(PExtinct);det-r;stoch-r;SE(r);SD(r);N-extant;SE(N-extant);SD(N-extant);N-all;SE(N-all);SD(N-all);GeneDiv;SE(GD);SD(GD);Inbreed;SE(Inbr);SD(Inbr);nAlleles;SE(nAlleles);SD(nAlleles);nLethals;SE(nLethals);SD(nLethals);TE;SE(TE);SD(TE);medianTE
Default Scenario
Population 1: Population1
0; 1.0000; 0.0000; 0.0000; 0.0000; 0.4497;      0;      0;      0; 282860.00; 0.00; 0.00; 282860.00; 0.00; 0.00; 0.0000; 0.0000; 0.0000; 1.0000; 0.0000; 0.0000; 0.00; 0.00; 0.00; 0.00; 0.00; 0.00; 0.00; 0.00; 0.00; 0
1; 1.0000; 0.0000; 0.0000; 0.0000; 0.4497; 0.4464; 0.0014; 0.0995; 282432.02; 391.15; 27658.44; 282432.02; 391.15; 27658.44; 0.0000; 0.0000; 0.0000; 1.0000; 0.0000; 0.0000; 0.00; 0.00; 0.00; 0.00; 0.00; 0.00; 0.00; 0.00; 0.00; 0
2; 1.0000; 0.0000; 0.0000; 0.0000; 0.4497; 0.4443; 0.0014; 0.0999; 283065.35; 395.78; 27986.13; 283065.35; 395.78; 27986.13; 0.0000; 0.0000; 0.0000; 1.0000; 0.0000; 0.0000; 0.00; 0.00; 0.00; 0.00; 0.00; 0.00; 0.00; 0.00; 0.00; 0
3; 1.0000; 0.0000; 0.0000; 0.0000; 0.4497; 0.4469; 0.0014; 0.1014; 281776.12; 401.54; 28393.10; 281776.12; 401.54; 28393.10; 0.0000; 0.0000; 0.0000; 1.0000; 0.0000; 0.0000; 0.00; 0.00; 0.00; 0.00; 0.00; 0.00; 0.00; 0.00; 0.00; 0
4; 1.0000; 0.0000; 0.0000; 0.0000; 0.4497; 0.4464; 0.0014; 0.1003; 282082.91; 396.80; 28057.91; 282082.91; 396.80; 28057.91; 0.0000; 0.0000; 0.0000; 1.0000; 0.0000; 0.0000; 0.00; 0.00; 0.00; 0.00; 0.00; 0.00; 0.00; 0.00; 0.00; 0
5; 1.0000; 0.0000; 0.0000; 0.0000; 0.4497; 0.4445; 0.0014; 0.1007; 282629.50; 398.90; 28206.64; 282629.50; 398.90; 28206.64; 0.0000; 0.0000; 0.0000; 1.0000; 0.0000; 0.0000; 0.00; 0.00; 0.00; 0.00; 0.00; 0.00; 0.00; 0.00; 0.00; 0
6; 1.0000; 0.0000; 0.0000; 0.0000; 0.4497; 0.4434; 0.0014; 0.0999; 282210.28; 390.88; 27639.10; 282210.28; 390.88; 27639.10; 0.0000; 0.0000; 0.0000; 1.0000; 0.0000; 0.0000; 0.00; 0.00; 0.00; 0.00; 0.00; 0.00; 0.00; 0.00; 0.00; 0
7; 1.0000; 0.0000; 0.0000; 0.0000; 0.4497; 0.4455; 0.0014; 0.1016; 283099.15; 396.96; 28069.34; 283099.15; 396.96; 28069.34; 0.0000; 0.0000; 0.0000; 1.0000; 0.0000; 0.0000; 0.00; 0.00; 0.00; 0.00; 0.00; 0.00; 0.00; 0.00; 0.00; 0
8; 1.0000; 0.0000; 0.0000; 0.0000; 0.4497; 0.4455; 0.0014; 0.1018; 282705.49; 402.74; 28477.83; 282705.49; 402.74; 28477.83; 0.0000; 0.0000; 0.0000; 1.0000; 0.0000; 0.0000; 0.00; 0.00; 0.00; 0.00; 0.00; 0.00; 0.00; 0.00; 0.00; 0
9; 1.0000; 0.0000; 0.0000; 0.0000; 0.4497; 0.4455; 0.0014; 0.1013; 281890.09; 401.53; 28392.45; 281890.09; 401.53; 28392.45; 0.0000; 0.0000; 0.0000; 1.0000; 0.0000; 0.0000; 0.00; 0.00; 0.00; 0.00; 0.00; 0.00; 0.00; 0.00; 0.00; 0
10; 1.0000; 0.0000; 0.0000; 0.0000; 0.4497; 0.4433; 0.0014; 0.1014; 282659.45; 394.49; 27894.46; 282659.45; 394.49; 27894.46; 0.0000; 0.0000; 0.0000; 1.0000; 0.0000; 0.0000; 0.00; 0.00; 0.00; 0.00; 0.00; 0.00; 0.00; 0.00; 0.00; 0
11; 1.0000; 0.0000; 0.0000; 0.0000; 0.4497; 0.4451; 0.0014; 0.0994; 283223.13; 391.74; 27700.11; 283223.13; 391.74; 27700.11; 0.0000; 0.0000; 0.0000; 1.0000; 0.0000; 0.0000; 0.00; 0.00; 0.00; 0.00; 0.00; 0.00; 0.00; 0.00; 0.00; 0
12; 1.0000; 0.0000; 0.0000; 0.0000; 0.4497; 0.4459; 0.0014; 0.1015; 282689.04; 394.02; 27861.18; 282689.04; 394.02; 27861.18; 0.0000; 0.0000; 0.0000; 1.0000; 0.0000; 0.0000; 0.00; 0.00; 0.00; 0.00; 0.00; 0.00; 0.00; 0.00; 0.00; 0
13; 1.0000; 0.0000; 0.0000; 0.0000; 0.4497; 0.4456; 0.0014; 0.1014; 282778.31; 394.91; 27924.46; 282778.31; 394.91; 27924.46; 0.0000; 0.0000; 0.0000; 1.0000; 0.0000; 0.0000; 0.00; 0.00; 0.00; 0.00; 0.00; 0.00; 0.00; 0.00; 0.00; 0
14; 1.0000; 0.0000; 0.0000; 0.0000; 0.4497; 0.4462; 0.0014; 0.1007; 282320.39; 400.08; 28290.27; 282320.39; 400.08; 28290.27; 0.0000; 0.0000; 0.0000; 1.0000; 0.0000; 0.0000; 0.00; 0.00; 0.00; 0.00; 0.00; 0.00; 0.00; 0.00; 0.00; 0
15; 1.0000; 0.0000; 0.0000; 0.0000; 0.4497; 0.4449; 0.0014; 0.1017; 282788.60; 397.05; 28075.67; 282788.60; 397.05; 28075.67; 0.0000; 0.0000; 0.0000; 1.0000; 0.0000; 0.0000; 0.00; 0.00; 0.00; 0.00; 0.00; 0.00; 0.00; 0.00; 0.00; 0
16; 1.0000; 0.0000; 0.0000; 0.0000; 0.4497; 0.4455; 0.0014; 0.1010; 282421.22; 399.14; 28223.45; 282421.22; 399.14; 28223.45; 0.0000; 0.0000; 0.0000; 1.0000; 0.0000; 0.0000; 0.00; 0.00; 0.00; 0.00; 0.00; 0.00; 0.00; 0.00; 0.00; 0
17; 1.0000; 0.0000; 0.0000; 0.0000; 0.4497; 0.4438; 0.0015; 0.1026; 282887.47; 394.77; 27914.14; 282887.47; 394.77; 27914.14; 0.0000; 0.0000; 0.0000; 1.0000; 0.0000; 0.0000; 0.00; 0.00; 0.00; 0.00; 0.00; 0.00; 0.00; 0.00; 0.00; 0
18; 1.0000; 0.0000; 0.0000; 0.0000; 0.4497; 0.4458; 0.0014; 0.1018; 282366.59; 405.69; 28686.96; 282366.59; 405.69; 28686.96; 0.0000; 0.0000; 0.0000; 1.0000; 0.0000; 0.0000; 0.00; 0.00; 0.00; 0.00; 0.00; 0.00; 0.00; 0.00; 0.00; 0
19; 1.0000; 0.0000; 0.0000; 0.0000; 0.4497; 0.4427; 0.0014; 0.1003; 282978.38; 395.56; 27970.00; 282978.38; 395.56; 27970.00; 0.0000; 0.0000; 0.0000; 1.0000; 0.0000; 0.0000; 0.00; 0.00; 0.00; 0.00; 0.00; 0.00; 0.00; 0.00; 0.00; 0
20; 1.0000; 0.0000; 0.0000; 0.0000; 0.4497; 0.4456; 0.0014; 0.1014; 282184.04; 396.16; 28013.01; 282184.04; 396.16; 28013.01; 0.0000; 0.0000; 0.0000; 1.0000; 0.0000; 0.0000; 0.00; 0.00; 0.00; 0.00; 0.00; 0.00; 0.00; 0.00; 0.00; 0
21; 1.0000; 0.0000; 0.0000; 0.0000; 0.4497; 0.4463; 0.0014; 0.1002; 281809.00; 395.20; 27944.53; 281809.00; 395.20; 27944.53; 0.0000; 0.0000; 0.0000; 1.0000; 0.0000; 0.0000; 0.00; 0.00; 0.00; 0.00; 0.00; 0.00; 0.00; 0.00; 0.00; 0
22; 1.0000; 0.0000; 0.0000; 0.0000; 0.4497; 0.4424; 0.0015; 0.1037; 282620.12; 391.59; 27689.39; 282620.12; 391.59; 27689.39; 0.0000; 0.0000; 0.0000; 1.0000; 0.0000; 0.0000; 0.00; 0.00; 0.00; 0.00; 0.00; 0.00; 0.00; 0.00; 0.00; 0
23; 1.0000; 0.0000; 0.0000; 0.0000; 0.4497; 0.4450; 0.0014; 0.0999; 282473.59; 400.06; 28288.55; 282473.59; 400.06; 28288.55; 0.0000; 0.0000; 0.0000; 1.0000; 0.0000; 0.0000; 0.00; 0.00; 0.00; 0.00; 0.00; 0.00; 0.00; 0.00; 0.00; 0
24; 1.0000; 0.0000; 0.0000; 0.0000; 0.4497; 0.4450; 0.0014; 0.1013; 282974.04; 391.91; 27712.53; 282974.04; 391.91; 27712.53; 0.0000; 0.0000; 0.0000; 1.0000; 0.0000; 0.0000; 0.00; 0.00; 0.00; 0.00; 0.00; 0.00; 0.00; 0.00; 0.00; 0
25; 1.0000; 0.0000; 0.0000; 0.0000; 0.4497; 0.4451; 0.0014; 0.1005; 282402.54; 393.83; 27848.12; 282402.54; 393.83; 27848.12; 0.0000; 0.0000; 0.0000; 1.0000; 0.0000; 0.0000; 0.00; 0.00; 0.00; 0.00; 0.00; 0.00; 0.00; 0.00; 0.00; 0
26; 1.0000; 0.0000; 0.0000; 0.0000; 0.4497; 0.4444; 0.0014; 0.1022; 282329.49; 395.40; 27959.23; 282329.49; 395.40; 27959.23; 0.0000; 0.0000; 0.0000; 1.0000; 0.0000; 0.0000; 0.00; 0.00; 0.00; 0.00; 0.00; 0.00; 0.00; 0.00; 0.00; 0
27; 1.0000; 0.0000; 0.0000; 0.0000; 0.4497; 0.4457; 0.0014; 0.1014; 282318.40; 400.76; 28338.15; 282318.40; 400.76; 28338.15; 0.0000; 0.0000; 0.0000; 1.0000; 0.0000; 0.0000; 0.00; 0.00; 0.00; 0.00; 0.00; 0.00; 0.00; 0.00; 0.00; 0
28; 1.0000; 0.0000; 0.0000; 0.0000; 0.4497; 0.4430; 0.0015; 0.1039; 282956.57; 393.76; 27843.25; 282956.57; 393.76; 27843.25; 0.0000; 0.0000; 0.0000; 1.0000; 0.0000; 0.0000; 0.00; 0.00; 0.00; 0.00; 0.00; 0.00; 0.00; 0.00; 0.00; 0
29; 1.0000; 0.0000; 0.0000; 0.0000; 0.4497; 0.4449; 0.0014; 0.1021; 283160.77; 407.99; 28849.24; 283160.77; 407.99; 28849.24; 0.0000; 0.0000; 0.0000; 1.0000; 0.0000; 0.0000; 0.00; 0.00; 0.00; 0.00; 0.00; 0.00; 0.00; 0.00; 0.00; 0
30; 1.0000; 0.0000; 0.0000; 0.0000; 0.4497; 0.4442; 0.0014; 0.1022; 283736.30; 397.45; 28104.27; 283736.30; 397.45; 28104.27; 0.0000; 0.0000; 0.0000; 1.0000; 0.0000; 0.0000; 0.00; 0.00; 0.00; 0.00; 0.00; 0.00; 0.00; 0.00; 0.00; 0
31; 1.0000; 0.0000; 0.0000; 0.0000; 0.4497; 0.4457; 0.0014; 0.1023; 282759.45; 392.58; 27759.50; 282759.45; 392.58; 27759.50; 0.0000; 0.0000; 0.0000; 1.0000; 0.0000; 0.0000; 0.00; 0.00; 0.00; 0.00; 0.00; 0.00; 0.00; 0.00; 0.00; 0
32; 1.0000; 0.0000; 0.0000; 0.0000; 0.4497; 0.4462; 0.0014; 0.1015; 282984.86; 399.44; 28244.68; 282984.86; 399.44; 28244.68; 0.0000; 0.0000; 0.0000; 1.0000; 0.0000; 0.0000; 0.00; 0.00; 0.00; 0.00; 0.00; 0.00; 0.00; 0.00; 0.00; 0
33; 1.0000; 0.0000; 0.0000; 0.0000; 0.4497; 0.4429; 0.0014; 0.1008; 282783.89; 395.45; 27962.65; 282783.89; 395.45; 27962.65; 0.0000; 0.0000; 0.0000; 1.0000; 0.0000; 0.0000; 0.00; 0.00; 0.00; 0.00; 0.00; 0.00; 0.00; 0.00; 0.00; 0
34; 1.0000; 0.0000; 0.0000; 0.0000; 0.4497; 0.4431; 0.0014; 0.1025; 282714.03; 397.20; 28086.02; 282714.03; 397.20; 28086.02; 0.0000; 0.0000; 0.0000; 1.0000; 0.0000; 0.0000; 0.00; 0.00; 0.00; 0.00; 0.00; 0.00; 0.00; 0.00; 0.00; 0
35; 1.0000; 0.0000; 0.0000; 0.0000; 0.4497; 0.4440; 0.0015; 0.1037; 283038.58; 402.75; 28478.59; 283038.58; 402.75; 28478.59; 0.0000; 0.0000; 0.0000; 1.0000; 0.0000; 0.0000; 0.00; 0.00; 0.00; 0.00; 0.00; 0.00; 0.00; 0.00; 0.00; 0
36; 1.0000; 0.0000; 0.0000; 0.0000; 0.4497; 0.4450; 0.0014; 0.0997; 282696.62; 394.94; 27926.66; 282696.62; 394.94; 27926.66; 0.0000; 0.0000; 0.0000; 1.0000; 0.0000; 0.0000; 0.00; 0.00; 0.00; 0.00; 0.00; 0.00; 0.00; 0.00; 0.00; 0
37; 1.0000; 0.0000; 0.0000; 0.0000; 0.4497; 0.4459; 0.0014; 0.1014; 282207.90; 392.74; 27771.04; 282207.90; 392.74; 27771.04; 0.0000; 0.0000; 0.0000; 1.0000; 0.0000; 0.0000; 0.00; 0.00; 0.00; 0.00; 0.00; 0.00; 0.00; 0.00; 0.00; 0
38; 1.0000; 0.0000; 0.0000; 0.0000; 0.4497; 0.4459; 0.0014; 0.1000; 282104.94; 399.78; 28268.46; 282104.94; 399.78; 28268.46; 0.0000; 0.0000; 0.0000; 1.0000; 0.0000; 0.0000; 0.00; 0.00; 0.00; 0.00; 0.00; 0.00; 0.00; 0.00; 0.00; 0
39; 1.0000; 0.0000; 0.0000; 0.0000; 0.4497; 0.4462; 0.0014; 0.1005; 282215.81; 404.57; 28607.15; 282215.81; 404.57; 28607.15; 0.0000; 0.0000; 0.0000; 1.0000; 0.0000; 0.0000; 0.00; 0.00; 0.00; 0.00; 0.00; 0.00; 0.00; 0.00; 0.00; 0
40; 1.0000; 0.0000; 0.0000; 0.0000; 0.4497; 0.4441; 0.0014; 0.1005; 282598.03; 396.60; 28043.82; 282598.03; 396.60; 28043.82; 0.0000; 0.0000; 0.0000; 1.0000; 0.0000; 0.0000; 0.00; 0.00; 0.00; 0.00; 0.00; 0.00; 0.00; 0.00; 0.00; 0
41; 1.0000; 0.0000; 0.0000; 0.0000; 0.4497; 0.4453; 0.0014; 0.1005; 282495.55; 403.21; 28511.09; 282495.55; 403.21; 28511.09; 0.0000; 0.0000; 0.0000; 1.0000; 0.0000; 0.0000; 0.00; 0.00; 0.00; 0.00; 0.00; 0.00; 0.00; 0.00; 0.00; 0
42; 1.0000; 0.0000; 0.0000; 0.0000; 0.4497; 0.4457; 0.0014; 0.1003; 282346.16; 387.47; 27398.46; 282346.16; 387.47; 27398.46; 0.0000; 0.0000; 0.0000; 1.0000; 0.0000; 0.0000; 0.00; 0.00; 0.00; 0.00; 0.00; 0.00; 0.00; 0.00; 0.00; 0
43; 1.0000; 0.0000; 0.0000; 0.0000; 0.4497; 0.4461; 0.0014; 0.1019; 282140.97; 396.78; 28056.60; 282140.97; 396.78; 28056.60; 0.0000; 0.0000; 0.0000; 1.0000; 0.0000; 0.0000; 0.00; 0.00; 0.00; 0.00; 0.00; 0.00; 0.00; 0.00; 0.00; 0
44; 1.0000; 0.0000; 0.0000; 0.0000; 0.4497; 0.4447; 0.0014; 0.0998; 282800.43; 397.10; 28079.36; 282800.43; 397.10; 28079.36; 0.0000; 0.0000; 0.0000; 1.0000; 0.0000; 0.0000; 0.00; 0.00; 0.00; 0.00; 0.00; 0.00; 0.00; 0.00; 0.00; 0
45; 1.0000; 0.0000; 0.0000; 0.0000; 0.4497; 0.4446; 0.0014; 0.1001; 283369.40; 390.73; 27628.69; 283369.40; 390.73; 27628.69; 0.0000; 0.0000; 0.0000; 1.0000; 0.0000; 0.0000; 0.00; 0.00; 0.00; 0.00; 0.00; 0.00; 0.00; 0.00; 0.00; 0
46; 1.0000; 0.0000; 0.0000; 0.0000; 0.4497; 0.4446; 0.0014; 0.1007; 282749.58; 392.03; 27720.95; 282749.58; 392.03; 27720.95; 0.0000; 0.0000; 0.0000; 1.0000; 0.0000; 0.0000; 0.00; 0.00; 0.00; 0.00; 0.00; 0.00; 0.00; 0.00; 0.00; 0
47; 1.0000; 0.0000; 0.0000; 0.0000; 0.4497; 0.4451; 0.0014; 0.1011; 282983.39; 394.70; 27909.51; 282983.39; 394.70; 27909.51; 0.0000; 0.0000; 0.0000; 1.0000; 0.0000; 0.0000; 0.00; 0.00; 0.00; 0.00; 0.00; 0.00; 0.00; 0.00; 0.00; 0
48; 1.0000; 0.0000; 0.0000; 0.0000; 0.4497; 0.4430; 0.0014; 0.1004; 282112.58; 401.06; 28358.90; 282112.58; 401.06; 28358.90; 0.0000; 0.0000; 0.0000; 1.0000; 0.0000; 0.0000; 0.00; 0.00; 0.00; 0.00; 0.00; 0.00; 0.00; 0.00; 0.00; 0
49; 1.0000; 0.0000; 0.0000; 0.0000; 0.4497; 0.4441; 0.0015; 0.1027; 282061.88; 396.57; 28041.50; 282061.88; 396.57; 28041.50; 0.0000; 0.0000; 0.0000; 1.0000; 0.0000; 0.0000; 0.00; 0.00; 0.00; 0.00; 0.00; 0.00; 0.00; 0.00; 0.00; 0
50; 1.0000; 0.0000; 0.0000; 0.0000; 0.4497; 0.4447; 0.0015; 0.1027; 282966.84; 392.94; 27785.28; 282966.84; 392.94; 27785.28; 0.0000; 0.0000; 0.0000; 1.0000; 0.0000; 0.0000; 0.00; 0.00; 0.00; 0.00; 0.00; 0.00; 0.00; 0.00; 0.00; 0
51; 1.0000; 0.0000; 0.0000; 0.0000; 0.4497; 0.4429; 0.0014; 0.1019; 282109.28; 397.75; 28125.22; 282109.28; 397.75; 28125.22; 0.0000; 0.0000; 0.0000; 1.0000; 0.0000; 0.0000; 0.00; 0.00; 0.00; 0.00; 0.00; 0.00; 0.00; 0.00; 0.00; 0
52; 1.0000; 0.0000; 0.0000; 0.0000; 0.4497; 0.4446; 0.0014; 0.1007; 282627.37; 392.16; 27730.11; 282627.37; 392.16; 27730.11; 0.0000; 0.0000; 0.0000; 1.0000; 0.0000; 0.0000; 0.00; 0.00; 0.00; 0.00; 0.00; 0.00; 0.00; 0.00; 0.00; 0
53; 1.0000; 0.0000; 0.0000; 0.0000; 0.4497; 0.4441; 0.0014; 0.1012; 281979.64; 397.53; 28109.83; 281979.64; 397.53; 28109.83; 0.0000; 0.0000; 0.0000; 1.0000; 0.0000; 0.0000; 0.00; 0.00; 0.00; 0.00; 0.00; 0.00; 0.00; 0.00; 0.00; 0
54; 1.0000; 0.0000; 0.0000; 0.0000; 0.4497; 0.4462; 0.0015; 0.1028; 282515.45; 397.31; 28094.14; 282515.45; 397.31; 28094.14; 0.0000; 0.0000; 0.0000; 1.0000; 0.0000; 0.0000; 0.00; 0.00; 0.00; 0.00; 0.00; 0.00; 0.00; 0.00; 0.00; 0
55; 1.0000; 0.0000; 0.0000; 0.0000; 0.4497; 0.4450; 0.0014; 0.1016; 281945.38; 398.27; 28161.99; 281945.38; 398.27; 28161.99; 0.0000; 0.0000; 0.0000; 1.0000; 0.0000; 0.0000; 0.00; 0.00; 0.00; 0.00; 0.00; 0.00; 0.00; 0.00; 0.00; 0
56; 1.0000; 0.0000; 0.0000; 0.0000; 0.4497; 0.4450; 0.0014; 0.1016; 282172.63; 394.43; 27890.27; 282172.63; 394.43; 27890.27; 0.0000; 0.0000; 0.0000; 1.0000; 0.0000; 0.0000; 0.00; 0.00; 0.00; 0.00; 0.00; 0.00; 0.00; 0.00; 0.00; 0
57; 1.0000; 0.0000; 0.0000; 0.0000; 0.4497; 0.4444; 0.0014; 0.1006; 282625.69; 389.35; 27530.95; 282625.69; 389.35; 27530.95; 0.0000; 0.0000; 0.0000; 1.0000; 0.0000; 0.0000; 0.00; 0.00; 0.00; 0.00; 0.00; 0.00; 0.00; 0.00; 0.00; 0
58; 1.0000; 0.0000; 0.0000; 0.0000; 0.4497; 0.4415; 0.0014; 0.1017; 283161.54; 397.54; 28110.24; 283161.54; 397.54; 28110.24; 0.0000; 0.0000; 0.0000; 1.0000; 0.0000; 0.0000; 0.00; 0.00; 0.00; 0.00; 0.00; 0.00; 0.00; 0.00; 0.00; 0
59; 1.0000; 0.0000; 0.0000; 0.0000; 0.4497; 0.4446; 0.0015; 0.1033; 282278.18; 395.89; 27993.74; 282278.18; 395.89; 27993.74; 0.0000; 0.0000; 0.0000; 1.0000; 0.0000; 0.0000; 0.00; 0.00; 0.00; 0.00; 0.00; 0.00; 0.00; 0.00; 0.00; 0
60; 1.0000; 0.0000; 0.0000; 0.0000; 0.4497; 0.4458; 0.0014; 0.1004; 282163.93; 395.08; 27936.42; 282163.93; 395.08; 27936.42; 0.0000; 0.0000; 0.0000; 1.0000; 0.0000; 0.0000; 0.00; 0.00; 0.00; 0.00; 0.00; 0.00; 0.00; 0.00; 0.00; 0
61; 1.0000; 0.0000; 0.0000; 0.0000; 0.4497; 0.4410; 0.0014; 0.1024; 282882.44; 394.08; 27865.62; 282882.44; 394.08; 27865.62; 0.0000; 0.0000; 0.0000; 1.0000; 0.0000; 0.0000; 0.00; 0.00; 0.00; 0.00; 0.00; 0.00; 0.00; 0.00; 0.00; 0
62; 1.0000; 0.0000; 0.0000; 0.0000; 0.4497; 0.4471; 0.0014; 0.0987; 282292.31; 398.27; 28161.85; 282292.31; 398.27; 28161.85; 0.0000; 0.0000; 0.0000; 1.0000; 0.0000; 0.0000; 0.00; 0.00; 0.00; 0.00; 0.00; 0.00; 0.00; 0.00; 0.00; 0
63; 1.0000; 0.0000; 0.0000; 0.0000; 0.4497; 0.4461; 0.0014; 0.0996; 282863.11; 397.51; 28108.00; 282863.11; 397.51; 28108.00; 0.0000; 0.0000; 0.0000; 1.0000; 0.0000; 0.0000; 0.00; 0.00; 0.00; 0.00; 0.00; 0.00; 0.00; 0.00; 0.00; 0
64; 1.0000; 0.0000; 0.0000; 0.0000; 0.4497; 0.4459; 0.0014; 0.1003; 282680.10; 396.89; 28064.29; 282680.10; 396.89; 28064.29; 0.0000; 0.0000; 0.0000; 1.0000; 0.0000; 0.0000; 0.00; 0.00; 0.00; 0.00; 0.00; 0.00; 0.00; 0.00; 0.00; 0
65; 1.0000; 0.0000; 0.0000; 0.0000; 0.4497; 0.4438; 0.0015; 0.1039; 282408.05; 402.60; 28468.20; 282408.05; 402.60; 28468.20; 0.0000; 0.0000; 0.0000; 1.0000; 0.0000; 0.0000; 0.00; 0.00; 0.00; 0.00; 0.00; 0.00; 0.00; 0.00; 0.00; 0
66; 1.0000; 0.0000; 0.0000; 0.0000; 0.4497; 0.4447; 0.0014; 0.1016; 282941.27; 402.49; 28460.11; 282941.27; 402.49; 28460.11; 0.0000; 0.0000; 0.0000; 1.0000; 0.0000; 0.0000; 0.00; 0.00; 0.00; 0.00; 0.00; 0.00; 0.00; 0.00; 0.00; 0
67; 1.0000; 0.0000; 0.0000; 0.0000; 0.4497; 0.4437; 0.0014; 0.1020; 282514.84; 399.67; 28260.60; 282514.84; 399.67; 28260.60; 0.0000; 0.0000; 0.0000; 1.0000; 0.0000; 0.0000; 0.00; 0.00; 0.00; 0.00; 0.00; 0.00; 0.00; 0.00; 0.00; 0
68; 1.0000; 0.0000; 0.0000; 0.0000; 0.4497; 0.4458; 0.0014; 0.1005; 282893.34; 395.00; 27930.55; 282893.34; 395.00; 27930.55; 0.0000; 0.0000; 0.0000; 1.0000; 0.0000; 0.0000; 0.00; 0.00; 0.00; 0.00; 0.00; 0.00; 0.00; 0.00; 0.00; 0
69; 1.0000; 0.0000; 0.0000; 0.0000; 0.4497; 0.4430; 0.0014; 0.1011; 282372.52; 395.12; 27939.10; 282372.52; 395.12; 27939.10; 0.0000; 0.0000; 0.0000; 1.0000; 0.0000; 0.0000; 0.00; 0.00; 0.00; 0.00; 0.00; 0.00; 0.00; 0.00; 0.00; 0
70; 1.0000; 0.0000; 0.0000; 0.0000; 0.4497; 0.4429; 0.0014; 0.1012; 282861.53; 402.42; 28455.53; 282861.53; 402.42; 28455.53; 0.0000; 0.0000; 0.0000; 1.0000; 0.0000; 0.0000; 0.00; 0.00; 0.00; 0.00; 0.00; 0.00; 0.00; 0.00; 0.00; 0
71; 1.0000; 0.0000; 0.0000; 0.0000; 0.4497; 0.4469; 0.0014; 0.0999; 282852.62; 396.83; 28059.79; 282852.62; 396.83; 28059.79; 0.0000; 0.0000; 0.0000; 1.0000; 0.0000; 0.0000; 0.00; 0.00; 0.00; 0.00; 0.00; 0.00; 0.00; 0.00; 0.00; 0
72; 1.0000; 0.0000; 0.0000; 0.0000; 0.4497; 0.4428; 0.0014; 0.1007; 282511.25; 395.68; 27978.63; 282511.25; 395.68; 27978.63; 0.0000; 0.0000; 0.0000; 1.0000; 0.0000; 0.0000; 0.00; 0.00; 0.00; 0.00; 0.00; 0.00; 0.00; 0.00; 0.00; 0
73; 1.0000; 0.0000; 0.0000; 0.0000; 0.4497; 0.4454; 0.0014; 0.1017; 282511.03; 399.21; 28228.09; 282511.03; 399.21; 28228.09; 0.0000; 0.0000; 0.0000; 1.0000; 0.0000; 0.0000; 0.00; 0.00; 0.00; 0.00; 0.00; 0.00; 0.00; 0.00; 0.00; 0
74; 1.0000; 0.0000; 0.0000; 0.0000; 0.4497; 0.4429; 0.0014; 0.1018; 282851.32; 400.06; 28288.34; 282851.32; 400.06; 28288.34; 0.0000; 0.0000; 0.0000; 1.0000; 0.0000; 0.0000; 0.00; 0.00; 0.00; 0.00; 0.00; 0.00; 0.00; 0.00; 0.00; 0
75; 1.0000; 0.0000; 0.0000; 0.0000; 0.4497; 0.4443; 0.0014; 0.1014; 282089.32; 398.62; 28187.01; 282089.32; 398.62; 28187.01; 0.0000; 0.0000; 0.0000; 1.0000; 0.0000; 0.0000; 0.00; 0.00; 0.00; 0.00; 0.00; 0.00; 0.00; 0.00; 0.00; 0
76; 1.0000; 0.0000; 0.0000; 0.0000; 0.4497; 0.4448; 0.0015; 0.1032; 282409.37; 407.54; 28817.52; 282409.37; 407.54; 28817.52; 0.0000; 0.0000; 0.0000; 1.0000; 0.0000; 0.0000; 0.00; 0.00; 0.00; 0.00; 0.00; 0.00; 0.00; 0.00; 0.00; 0
77; 1.0000; 0.0000; 0.0000; 0.0000; 0.4497; 0.4449; 0.0014; 0.1020; 282580.48; 394.81; 27917.07; 282580.48; 394.81; 27917.07; 0.0000; 0.0000; 0.0000; 1.0000; 0.0000; 0.0000; 0.00; 0.00; 0.00; 0.00; 0.00; 0.00; 0.00; 0.00; 0.00; 0
78; 1.0000; 0.0000; 0.0000; 0.0000; 0.4497; 0.4421; 0.0014; 0.1005; 283147.21; 391.45; 27679.87; 283147.21; 391.45; 27679.87; 0.0000; 0.0000; 0.0000; 1.0000; 0.0000; 0.0000; 0.00; 0.00; 0.00; 0.00; 0.00; 0.00; 0.00; 0.00; 0.00; 0
79; 1.0000; 0.0000; 0.0000; 0.0000; 0.4497; 0.4456; 0.0014; 0.1013; 282397.51; 389.91; 27570.62; 282397.51; 389.91; 27570.62; 0.0000; 0.0000; 0.0000; 1.0000; 0.0000; 0.0000; 0.00; 0.00; 0.00; 0.00; 0.00; 0.00; 0.00; 0.00; 0.00; 0
80; 1.0000; 0.0000; 0.0000; 0.0000; 0.4497; 0.4462; 0.0014; 0.1003; 282581.83; 392.69; 27767.62; 282581.83; 392.69; 27767.62; 0.0000; 0.0000; 0.0000; 1.0000; 0.0000; 0.0000; 0.00; 0.00; 0.00; 0.00; 0.00; 0.00; 0.00; 0.00; 0.00; 0
81; 1.0000; 0.0000; 0.0000; 0.0000; 0.4497; 0.4421; 0.0014; 0.1020; 282300.80; 403.00; 28496.39; 282300.80; 403.00; 28496.39; 0.0000; 0.0000; 0.0000; 1.0000; 0.0000; 0.0000; 0.00; 0.00; 0.00; 0.00; 0.00; 0.00; 0.00; 0.00; 0.00; 0
82; 1.0000; 0.0000; 0.0000; 0.0000; 0.4497; 0.4423; 0.0015; 0.1026; 282223.39; 392.51; 27754.79; 282223.39; 392.51; 27754.79; 0.0000; 0.0000; 0.0000; 1.0000; 0.0000; 0.0000; 0.00; 0.00; 0.00; 0.00; 0.00; 0.00; 0.00; 0.00; 0.00; 0
83; 1.0000; 0.0000; 0.0000; 0.0000; 0.4497; 0.4435; 0.0014; 0.1015; 282665.32; 401.28; 28375.06; 282665.32; 401.28; 28375.06; 0.0000; 0.0000; 0.0000; 1.0000; 0.0000; 0.0000; 0.00; 0.00; 0.00; 0.00; 0.00; 0.00; 0.00; 0.00; 0.00; 0
84; 1.0000; 0.0000; 0.0000; 0.0000; 0.4497; 0.4430; 0.0014; 0.1000; 282403.41; 391.35; 27672.50; 282403.41; 391.35; 27672.50; 0.0000; 0.0000; 0.0000; 1.0000; 0.0000; 0.0000; 0.00; 0.00; 0.00; 0.00; 0.00; 0.00; 0.00; 0.00; 0.00; 0
85; 1.0000; 0.0000; 0.0000; 0.0000; 0.4497; 0.4461; 0.0015; 0.1033; 282644.41; 402.02; 28426.79; 282644.41; 402.02; 28426.79; 0.0000; 0.0000; 0.0000; 1.0000; 0.0000; 0.0000; 0.00; 0.00; 0.00; 0.00; 0.00; 0.00; 0.00; 0.00; 0.00; 0
86; 1.0000; 0.0000; 0.0000; 0.0000; 0.4497; 0.4456; 0.0014; 0.1008; 283194.37; 394.66; 27906.57; 283194.37; 394.66; 27906.57; 0.0000; 0.0000; 0.0000; 1.0000; 0.0000; 0.0000; 0.00; 0.00; 0.00; 0.00; 0.00; 0.00; 0.00; 0.00; 0.00; 0
87; 1.0000; 0.0000; 0.0000; 0.0000; 0.4497; 0.4416; 0.0014; 0.1025; 282924.81; 392.40; 27747.18; 282924.81; 392.40; 27747.18; 0.0000; 0.0000; 0.0000; 1.0000; 0.0000; 0.0000; 0.00; 0.00; 0.00; 0.00; 0.00; 0.00; 0.00; 0.00; 0.00; 0
88; 1.0000; 0.0000; 0.0000; 0.0000; 0.4497; 0.4458; 0.0014; 0.1008; 283001.90; 401.63; 28399.60; 283001.90; 401.63; 28399.60; 0.0000; 0.0000; 0.0000; 1.0000; 0.0000; 0.0000; 0.00; 0.00; 0.00; 0.00; 0.00; 0.00; 0.00; 0.00; 0.00; 0
89; 1.0000; 0.0000; 0.0000; 0.0000; 0.4497; 0.4413; 0.0015; 0.1030; 283236.95; 385.26; 27241.71; 283236.95; 385.26; 27241.71; 0.0000; 0.0000; 0.0000; 1.0000; 0.0000; 0.0000; 0.00; 0.00; 0.00; 0.00; 0.00; 0.00; 0.00; 0.00; 0.00; 0
90; 1.0000; 0.0000; 0.0000; 0.0000; 0.4497; 0.4446; 0.0014; 0.1010; 282349.73; 391.06; 27651.87; 282349.73; 391.06; 27651.87; 0.0000; 0.0000; 0.0000; 1.0000; 0.0000; 0.0000; 0.00; 0.00; 0.00; 0.00; 0.00; 0.00; 0.00; 0.00; 0.00; 0
91; 1.0000; 0.0000; 0.0000; 0.0000; 0.4497; 0.4457; 0.0014; 0.1008; 282202.35; 391.99; 27718.01; 282202.35; 391.99; 27718.01; 0.0000; 0.0000; 0.0000; 1.0000; 0.0000; 0.0000; 0.00; 0.00; 0.00; 0.00; 0.00; 0.00; 0.00; 0.00; 0.00; 0
92; 1.0000; 0.0000; 0.0000; 0.0000; 0.4497; 0.4423; 0.0014; 0.0999; 282176.14; 400.34; 28307.97; 282176.14; 400.34; 28307.97; 0.0000; 0.0000; 0.0000; 1.0000; 0.0000; 0.0000; 0.00; 0.00; 0.00; 0.00; 0.00; 0.00; 0.00; 0.00; 0.00; 0
93; 1.0000; 0.0000; 0.0000; 0.0000; 0.4497; 0.4433; 0.0014; 0.1021; 282752.80; 392.92; 27783.48; 282752.80; 392.92; 27783.48; 0.0000; 0.0000; 0.0000; 1.0000; 0.0000; 0.0000; 0.00; 0.00; 0.00; 0.00; 0.00; 0.00; 0.00; 0.00; 0.00; 0
94; 1.0000; 0.0000; 0.0000; 0.0000; 0.4497; 0.4446; 0.0014; 0.0994; 282567.48; 397.12; 28080.31; 282567.48; 397.12; 28080.31; 0.0000; 0.0000; 0.0000; 1.0000; 0.0000; 0.0000; 0.00; 0.00; 0.00; 0.00; 0.00; 0.00; 0.00; 0.00; 0.00; 0
95; 1.0000; 0.0000; 0.0000; 0.0000; 0.4497; 0.4459; 0.0014; 0.1009; 282791.75; 401.28; 28374.62; 282791.75; 401.28; 28374.62; 0.0000; 0.0000; 0.0000; 1.0000; 0.0000; 0.0000; 0.00; 0.00; 0.00; 0.00; 0.00; 0.00; 0.00; 0.00; 0.00; 0
96; 1.0000; 0.0000; 0.0000; 0.0000; 0.4497; 0.4453; 0.0014; 0.1003; 282978.10; 395.51; 27966.73; 282978.10; 395.51; 27966.73; 0.0000; 0.0000; 0.0000; 1.0000; 0.0000; 0.0000; 0.00; 0.00; 0.00; 0.00; 0.00; 0.00; 0.00; 0.00; 0.00; 0
97; 1.0000; 0.0000; 0.0000; 0.0000; 0.4497; 0.4429; 0.0014; 0.1023; 283088.57; 399.04; 28216.38; 283088.57; 399.04; 28216.38; 0.0000; 0.0000; 0.0000; 1.0000; 0.0000; 0.0000; 0.00; 0.00; 0.00; 0.00; 0.00; 0.00; 0.00; 0.00; 0.00; 0
98; 1.0000; 0.0000; 0.0000; 0.0000; 0.4497; 0.4460; 0.0014; 0.0996; 282961.46; 393.05; 27792.98; 282961.46; 393.05; 27792.98; 0.0000; 0.0000; 0.0000; 1.0000; 0.0000; 0.0000; 0.00; 0.00; 0.00; 0.00; 0.00; 0.00; 0.00; 0.00; 0.00; 0
99; 1.0000; 0.0000; 0.0000; 0.0000; 0.4497; 0.4426; 0.0015; 0.1028; 282846.33; 401.81; 28412.37; 282846.33; 401.81; 28412.37; 0.0000; 0.0000; 0.0000; 1.0000; 0.0000; 0.0000; 0.00; 0.00; 0.00; 0.00; 0.00; 0.00; 0.00; 0.00; 0.00; 0
100; 1.0000; 0.0000; 0.0000; 0.0000; 0.4497; 0.4446; 0.0014; 0.1019; 282622.90; 395.32; 27953.03; 282622.90; 395.32; 27953.03; 0.0000; 0.0000; 0.0000; 1.0000; 0.0000; 0.0000; 0.00; 0.00; 0.00; 0.00; 0.00; 0.00; 0.00; 0.00; 0.00; 0
