    Year (Census)
    Proportion of populations extant, SE
    Proportion of populations going extinct for the first time in year, SE
    Deterministic growth, Stochastic growth, SE, SD
    Mean population size (across extant populations), SE, SD
    Mean population size (across all populations), SE, SD
    Population-based model: No genetic data (12 skipped fields)



    Mean time to extinction, SE, SD
    Median time to extinction
Year;PExtant;SE(PExtant);PExtinct;SE(PExtinct);det-r;stoch-r;SE(r);SD(r);N-extant;SE(N-extant);SD(N-extant);N-all;SE(N-all);SD(N-all);GeneDiv;SE(GD);SD(GD);Inbreed;SE(Inbr);SD(Inbr);nAlleles;SE(nAlleles);SD(nAlleles);nLethals;SE(nLethals);SD(nLethals);TE;SE(TE);SD(TE);medianTE
Default Scenario
Population 1: Population1
0; 1.0000; 0.0000; 0.0000; 0.0000; 0.2517;      0;      0;      0; 72531.00; 0.00; 0.00; 72531.00; 0.00; 0.00; 0.0000; 0.0000; 0.0000; 1.0000; 0.0000; 0.0000; 0.00; 0.00; 0.00; 0.00; 0.00; 0.00; 0.00; 0.00; 0.00; 0
1; 1.0000; 0.0000; 0.0000; 0.0000; 0.2517; 0.2487; 0.0011; 0.0794; 72392.16; 98.66; 6976.38; 72392.16; 98.66; 6976.38; 0.0000; 0.0000; 0.0000; 1.0000; 0.0000; 0.0000; 0.00; 0.00; 0.00; 0.00; 0.00; 0.00; 0.00; 0.00; 0.00; 0
2; 1.0000; 0.0000; 0.0000; 0.0000; 0.2517; -0.3526; 0.0012; 0.0838; 50989.07; 91.91; 6498.75; 50989.07; 91.91; 6498.75; 0.0000; 0.0000; 0.0000; 1.0000; 0.0000; 0.0000; 0.00; 0.00; 0.00; 0.00; 0.00; 0.00; 0.00; 0.00; 0.00; 0
3; 1.0000; 0.0000; 0.0000; 0.0000; 0.2517; -0.6390; 0.0011; 0.0761; 26891.52; 46.08; 3258.11; 26891.52; 46.08; 3258.11; 0.0000; 0.0000; 0.0000; 1.0000; 0.0000; 0.0000; 0.00; 0.00; 0.00; 0.00; 0.00; 0.00; 0.00; 0.00; 0.00; 0
4; 1.0000; 0.0000; 0.0000; 0.0000; 0.2517; -0.3485; 0.0014; 0.0958; 19077.50; 42.76; 3023.29; 19077.50; 42.76; 3023.29; 0.0000; 0.0000; 0.0000; 1.0000; 0.0000; 0.0000; 0.00; 0.00; 0.00; 0.00; 0.00; 0.00; 0.00; 0.00; 0.00; 0
5; 1.0000; 0.0000; 0.0000; 0.0000; 0.2517; -0.6435; 0.0013; 0.0909; 9997.82; 19.94; 1410.06; 9997.82; 19.94; 1410.06; 0.0000; 0.0000; 0.0000; 1.0000; 0.0000; 0.0000; 0.00; 0.00; 0.00; 0.00; 0.00; 0.00; 0.00; 0.00; 0.00; 0
6; 1.0000; 0.0000; 0.0000; 0.0000; 0.2517; -0.3419; 0.0015; 0.1069; 7150.33; 18.51; 1308.97; 7150.33; 18.51; 1308.97; 0.0000; 0.0000; 0.0000; 1.0000; 0.0000; 0.0000; 0.00; 0.00; 0.00; 0.00; 0.00; 0.00; 0.00; 0.00; 0.00; 0
7; 1.0000; 0.0000; 0.0000; 0.0000; 0.2517; -0.6494; 0.0015; 0.1038; 3720.20; 8.36; 591.15; 3720.20; 8.36; 591.15; 0.0000; 0.0000; 0.0000; 1.0000; 0.0000; 0.0000; 0.00; 0.00; 0.00; 0.00; 0.00; 0.00; 0.00; 0.00; 0.00; 0
8; 1.0000; 0.0000; 0.0000; 0.0000; 0.2517; -0.3391; 0.0017; 0.1212; 2672.58; 7.79; 550.59; 2672.58; 7.79; 550.59; 0.0000; 0.0000; 0.0000; 1.0000; 0.0000; 0.0000; 0.00; 0.00; 0.00; 0.00; 0.00; 0.00; 0.00; 0.00; 0.00; 0
9; 1.0000; 0.0000; 0.0000; 0.0000; 0.2517; -0.6530; 0.0017; 0.1171; 1382.90; 3.40; 240.19; 1382.90; 3.40; 240.19; 0.0000; 0.0000; 0.0000; 1.0000; 0.0000; 0.0000; 0.00; 0.00; 0.00; 0.00; 0.00; 0.00; 0.00; 0.00; 0.00; 0
10; 1.0000; 0.0000; 0.0000; 0.0000; 0.2517; -0.3355; 0.0019; 0.1334; 999.04; 3.22; 227.72; 999.04; 3.22; 227.72; 0.0000; 0.0000; 0.0000; 1.0000; 0.0000; 0.0000; 0.00; 0.00; 0.00; 0.00; 0.00; 0.00; 0.00; 0.00; 0.00; 0
11; 1.0000; 0.0000; 0.0000; 0.0000; 0.2517; -0.6571; 0.0018; 0.1286; 513.81; 1.36; 96.51; 513.81; 1.36; 96.51; 0.0000; 0.0000; 0.0000; 1.0000; 0.0000; 0.0000; 0.00; 0.00; 0.00; 0.00; 0.00; 0.00; 0.00; 0.00; 0.00; 0
12; 1.0000; 0.0000; 0.0000; 0.0000; 0.2517; -0.3289; 0.0021; 0.1464; 374.67; 1.34; 94.64; 374.67; 1.34; 94.64; 0.0000; 0.0000; 0.0000; 1.0000; 0.0000; 0.0000; 0.00; 0.00; 0.00; 0.00; 0.00; 0.00; 0.00; 0.00; 0.00; 0
13; 1.0000; 0.0000; 0.0000; 0.0000; 0.2517; -0.6604; 0.0019; 0.1368; 191.66; 0.56; 39.41; 191.66; 0.56; 39.41; 0.0000; 0.0000; 0.0000; 1.0000; 0.0000; 0.0000; 0.00; 0.00; 0.00; 0.00; 0.00; 0.00; 0.00; 0.00; 0.00; 0
14; 1.0000; 0.0000; 0.0000; 0.0000; 0.2517; -0.3251; 0.0022; 0.1560; 140.66; 0.55; 39.14; 140.66; 0.55; 39.14; 0.0000; 0.0000; 0.0000; 1.0000; 0.0000; 0.0000; 0.00; 0.00; 0.00; 0.00; 0.00; 0.00; 0.00; 0.00; 0.00; 0
15; 1.0000; 0.0000; 0.0000; 0.0000; 0.2517; -0.6646; 0.0021; 0.1498; 71.49; 0.23; 15.95; 71.49; 0.23; 15.95; 0.0000; 0.0000; 0.0000; 1.0000; 0.0000; 0.0000; 0.00; 0.00; 0.00; 0.00; 0.00; 0.00; 0.00; 0.00; 0.00; 0
16; 1.0000; 0.0000; 0.0000; 0.0000; 0.2517; -0.3214; 0.0024; 0.1690; 52.81; 0.23; 16.02; 52.81; 0.23; 16.02; 0.0000; 0.0000; 0.0000; 1.0000; 0.0000; 0.0000; 0.00; 0.00; 0.00; 0.00; 0.00; 0.00; 0.00; 0.00; 0.00; 0
17; 1.0000; 0.0000; 0.0000; 0.0000; 0.2517; -0.6741; 0.0024; 0.1701; 26.60; 0.09; 6.69; 26.60; 0.09; 6.69; 0.0000; 0.0000; 0.0000; 1.0000; 0.0000; 0.0000; 0.00; 0.00; 0.00; 0.00; 0.00; 0.00; 0.00; 0.00; 0.00; 0
18; 1.0000; 0.0000; 0.0000; 0.0000; 0.2517; -0.3115; 0.0030; 0.2089; 19.98; 0.10; 6.84; 19.98; 0.10; 6.84; 0.0000; 0.0000; 0.0000; 1.0000; 0.0000; 0.0000; 0.00; 0.00; 0.00; 0.00; 0.00; 0.00; 0.00; 0.00; 0.00; 0
19; 0.9898; 0.0014; 0.0102; 0.0014; 0.2517; -0.7136; 0.0032; 0.2280; 9.80; 0.04; 3.11; 9.74; 0.04; 3.15; 0.0000; 0.0000; 0.0000; 1.0000; 0.0000; 0.0000; 0.00; 0.00; 0.00; 0.00; 0.00; 0.00; 19.00; 0.00; 0.00; 0
20; 0.9516; 0.0030; 0.0382; 0.0027; 0.2517; -0.2512; 0.0048; 0.3304; 8.02; 0.05; 3.34; 7.77; 0.05; 3.46; 0.0000; 0.0000; 0.0000; 1.0000; 0.0000; 0.0000; 0.00; 0.00; 0.00; 0.00; 0.00; 0.00; 19.79; 0.03; 0.41; 0
21; 0.7730; 0.0059; 0.1786; 0.0054; 0.2517; -0.7031; 0.0060; 0.3703; 4.22; 0.03; 1.60; 3.71; 0.02; 1.75; 0.0000; 0.0000; 0.0000; 1.0000; 0.0000; 0.0000; 0.00; 0.00; 0.00; 0.00; 0.00; 0.00; 20.74; 0.02; 0.53; 0
22; 0.6316; 0.0068; 0.1414; 0.0049; 0.2517; -0.0557; 0.0067; 0.3761; 4.21; 0.03; 1.78; 3.13; 0.03; 2.06; 0.0000; 0.0000; 0.0000; 1.0000; 0.0000; 0.0000; 0.00; 0.00; 0.00; 0.00; 0.00; 0.00; 21.22; 0.02; 0.74; 0
23; 0.3226; 0.0066; 0.3090; 0.0065; 0.2517; -0.5207; 0.0109; 0.4387; 2.75; 0.02; 0.91; 1.55; 0.02; 1.16; 0.0000; 0.0000; 0.0000; 1.0000; 0.0000; 0.0000; 0.00; 0.00; 0.00; 0.00; 0.00; 0.00; 22.03; 0.02; 1.04; 23
24; 0.2250; 0.0059; 0.0976; 0.0042; 0.2517; 0.0825; 0.0094; 0.3164; 3.06; 0.03; 1.10; 1.20; 0.02; 1.28; 0.0000; 0.0000; 0.0000; 1.0000; 0.0000; 0.0000; 0.00; 0.00; 0.00; 0.00; 0.00; 0.00; 22.28; 0.02; 1.17; 23
25; 0.0764; 0.0038; 0.1486; 0.0050; 0.2517; -0.2998; 0.0204; 0.3985; 2.42; 0.04; 0.70; 0.62; 0.01; 0.81; 0.0000; 0.0000; 0.0000; 1.0000; 0.0000; 0.0000; 0.00; 0.00; 0.00; 0.00; 0.00; 0.00; 22.72; 0.02; 1.47; 23
26; 0.0488; 0.0030; 0.0276; 0.0023; 0.2517; 0.0932; 0.0207; 0.3231; 2.70; 0.05; 0.85; 0.42; 0.01; 0.74; 0.0000; 0.0000; 0.0000; 1.0000; 0.0000; 0.0000; 0.00; 0.00; 0.00; 0.00; 0.00; 0.00; 22.81; 0.02; 1.55; 23
27; 0.0148; 0.0017; 0.0340; 0.0026; 0.2517; -0.1589; 0.0422; 0.3628; 2.35; 0.08; 0.65; 0.23; 0.01; 0.50; 0.0000; 0.0000; 0.0000; 1.0000; 0.0000; 0.0000; 0.00; 0.00; 0.00; 0.00; 0.00; 0.00; 22.96; 0.02; 1.70; 23
28; 0.0070; 0.0012; 0.0078; 0.0012; 0.2517; 0.1637; 0.0538; 0.3181; 2.74; 0.16; 0.92; 0.14; 0.01; 0.40; 0.0000; 0.0000; 0.0000; 1.0000; 0.0000; 0.0000; 0.00; 0.00; 0.00; 0.00; 0.00; 0.00; 23.00; 0.02; 1.75; 23
29; 0.0020; 0.0006; 0.0050; 0.0010; 0.2517; -0.2197; 0.1123; 0.3552; 2.20; 0.13; 0.42; 0.08; 0.00; 0.28; 0.0000; 0.0000; 0.0000; 1.0000; 0.0000; 0.0000; 0.00; 0.00; 0.00; 0.00; 0.00; 0.00; 23.03; 0.03; 1.80; 23
30; 0.0016; 0.0006; 0.0004; 0.0003; 0.2517; 0.0866; 0.1157; 0.3272; 2.38; 0.26; 0.74; 0.04; 0.00; 0.22; 0.0000; 0.0000; 0.0000; 1.0000; 0.0000; 0.0000; 0.00; 0.00; 0.00; 0.00; 0.00; 0.00; 23.03; 0.03; 1.80; 23
31; 0.0004; 0.0003; 0.0012; 0.0005; 0.2517; -0.3466; 0.3466; 0.4901; 2.00; 0.00; 0.00; 0.03; 0.00; 0.17; 0.0000; 0.0000; 0.0000; 1.0000; 0.0000; 0.0000; 0.00; 0.00; 0.00; 0.00; 0.00; 0.00; 23.04; 0.03; 1.82; 23
32; 0.0002; 0.0002; 0.0002; 0.0002; 0.2517; 0.0000; 0.0000; 0.0000; 2.00; 0.00; 0.00; 0.02; 0.00; 0.12; 0.0000; 0.0000; 0.0000; 1.0000; 0.0000; 0.0000; 0.00; 0.00; 0.00; 0.00; 0.00; 0.00; 23.04; 0.03; 1.83; 23
33; 0.0000; 0.0000; 0.0002; 0.0002; 0.2517;      0;      0;      0; 0.00; 0.00; 0.00; 0.01; 0.00; 0.10; 0.0000; 0.0000; 0.0000; 1.0000; 0.0000; 0.0000; 0.00; 0.00; 0.00; 0.00; 0.00; 0.00; 23.04; 0.03; 1.83; 23
34; 0.0000; 0.0000; 0.0000; 0.0000; 0.2517;      0;      0;      0; 0.00; 0.00; 0.00; 0.01; 0.00; 0.08; 0.0000; 0.0000; 0.0000; 1.0000; 0.0000; 0.0000; 0.00; 0.00; 0.00; 0.00; 0.00; 0.00; 23.04; 0.03; 1.83; 23
35; 0.0000; 0.0000; 0.0000; 0.0000; 0.2517;      0;      0;      0; 0.00; 0.00; 0.00; 0.00; 0.00; 0.06; 0.0000; 0.0000; 0.0000; 1.0000; 0.0000; 0.0000; 0.00; 0.00; 0.00; 0.00; 0.00; 0.00; 23.04; 0.03; 1.83; 23
36; 0.0000; 0.0000; 0.0000; 0.0000; 0.2517;      0;      0;      0; 0.00; 0.00; 0.00; 0.00; 0.00; 0.05; 0.0000; 0.0000; 0.0000; 1.0000; 0.0000; 0.0000; 0.00; 0.00; 0.00; 0.00; 0.00; 0.00; 23.04; 0.03; 1.83; 23
37; 0.0000; 0.0000; 0.0000; 0.0000; 0.2517;      0;      0;      0; 0.00; 0.00; 0.00; 0.00; 0.00; 0.04; 0.0000; 0.0000; 0.0000; 1.0000; 0.0000; 0.0000; 0.00; 0.00; 0.00; 0.00; 0.00; 0.00; 23.04; 0.03; 1.83; 23
38; 0.0000; 0.0000; 0.0000; 0.0000; 0.2517;      0;      0;      0; 0.00; 0.00; 0.00; 0.00; 0.00; 0.03; 0.0000; 0.0000; 0.0000; 1.0000; 0.0000; 0.0000; 0.00; 0.00; 0.00; 0.00; 0.00; 0.00; 23.04; 0.03; 1.83; 23
39; 0.0000; 0.0000; 0.0000; 0.0000; 0.2517;      0;      0;      0; 0.00; 0.00; 0.00; 0.00; 0.00; 0.03; 0.0000; 0.0000; 0.0000; 1.0000; 0.0000; 0.0000; 0.00; 0.00; 0.00; 0.00; 0.00; 0.00; 23.04; 0.03; 1.83; 23
40; 0.0000; 0.0000; 0.0000; 0.0000; 0.2517;      0;      0;      0; 0.00; 0.00; 0.00; 0.00; 0.00; 0.02; 0.0000; 0.0000; 0.0000; 1.0000; 0.0000; 0.0000; 0.00; 0.00; 0.00; 0.00; 0.00; 0.00; 23.04; 0.03; 1.83; 23
41; 0.0000; 0.0000; 0.0000; 0.0000; 0.2517;      0;      0;      0; 0.00; 0.00; 0.00; 0.00; 0.00; 0.02; 0.0000; 0.0000; 0.0000; 1.0000; 0.0000; 0.0000; 0.00; 0.00; 0.00; 0.00; 0.00; 0.00; 23.04; 0.03; 1.83; 23
42; 0.0000; 0.0000; 0.0000; 0.0000; 0.2517;      0;      0;      0; 0.00; 0.00; 0.00; 0.00; 0.00; 0.01; 0.0000; 0.0000; 0.0000; 1.0000; 0.0000; 0.0000; 0.00; 0.00; 0.00; 0.00; 0.00; 0.00; 23.04; 0.03; 1.83; 23
43; 0.0000; 0.0000; 0.0000; 0.0000; 0.2517;      0;      0;      0; 0.00; 0.00; 0.00; 0.00; 0.00; 0.00; 0.0000; 0.0000; 0.0000; 1.0000; 0.0000; 0.0000; 0.00; 0.00; 0.00; 0.00; 0.00; 0.00; 23.04; 0.03; 1.83; 23
44; 0.0000; 0.0000; 0.0000; 0.0000; 0.2517;      0;      0;      0; 0.00; 0.00; 0.00; 0.00; 0.00; 0.00; 0.0000; 0.0000; 0.0000; 1.0000; 0.0000; 0.0000; 0.00; 0.00; 0.00; 0.00; 0.00; 0.00; 23.04; 0.03; 1.83; 23
45; 0.0000; 0.0000; 0.0000; 0.0000; 0.2517;      0;      0;      0; 0.00; 0.00; 0.00; 0.00; 0.00; 0.00; 0.0000; 0.0000; 0.0000; 1.0000; 0.0000; 0.0000; 0.00; 0.00; 0.00; 0.00; 0.00; 0.00; 23.04; 0.03; 1.83; 23
46; 0.0000; 0.0000; 0.0000; 0.0000; 0.2517;      0;      0;      0; 0.00; 0.00; 0.00; 0.00; 0.00; 0.00; 0.0000; 0.0000; 0.0000; 1.0000; 0.0000; 0.0000; 0.00; 0.00; 0.00; 0.00; 0.00; 0.00; 23.04; 0.03; 1.83; 23
47; 0.0000; 0.0000; 0.0000; 0.0000; 0.2517;      0;      0;      0; 0.00; 0.00; 0.00; 0.00; 0.00; 0.00; 0.0000; 0.0000; 0.0000; 1.0000; 0.0000; 0.0000; 0.00; 0.00; 0.00; 0.00; 0.00; 0.00; 23.04; 0.03; 1.83; 23
48; 0.0000; 0.0000; 0.0000; 0.0000; 0.2517;      0;      0;      0; 0.00; 0.00; 0.00; 0.00; 0.00; 0.00; 0.0000; 0.0000; 0.0000; 1.0000; 0.0000; 0.0000; 0.00; 0.00; 0.00; 0.00; 0.00; 0.00; 23.04; 0.03; 1.83; 23
49; 0.0000; 0.0000; 0.0000; 0.0000; 0.2517;      0;      0;      0; 0.00; 0.00; 0.00; 0.00; 0.00; 0.00; 0.0000; 0.0000; 0.0000; 1.0000; 0.0000; 0.0000; 0.00; 0.00; 0.00; 0.00; 0.00; 0.00; 23.04; 0.03; 1.83; 23
50; 0.0000; 0.0000; 0.0000; 0.0000; 0.2517;      0;      0;      0; 0.00; 0.00; 0.00; 0.00; 0.00; 0.00; 0.0000; 0.0000; 0.0000; 1.0000; 0.0000; 0.0000; 0.00; 0.00; 0.00; 0.00; 0.00; 0.00; 23.04; 0.03; 1.83; 23
51; 0.0000; 0.0000; 0.0000; 0.0000; 0.2517;      0;      0;      0; 0.00; 0.00; 0.00; 0.00; 0.00; 0.00; 0.0000; 0.0000; 0.0000; 1.0000; 0.0000; 0.0000; 0.00; 0.00; 0.00; 0.00; 0.00; 0.00; 23.04; 0.03; 1.83; 23
52; 0.0000; 0.0000; 0.0000; 0.0000; 0.2517;      0;      0;      0; 0.00; 0.00; 0.00; 0.00; 0.00; 0.00; 0.0000; 0.0000; 0.0000; 1.0000; 0.0000; 0.0000; 0.00; 0.00; 0.00; 0.00; 0.00; 0.00; 23.04; 0.03; 1.83; 23
53; 0.0000; 0.0000; 0.0000; 0.0000; 0.2517;      0;      0;      0; 0.00; 0.00; 0.00; 0.00; 0.00; 0.00; 0.0000; 0.0000; 0.0000; 1.0000; 0.0000; 0.0000; 0.00; 0.00; 0.00; 0.00; 0.00; 0.00; 23.04; 0.03; 1.83; 23
54; 0.0000; 0.0000; 0.0000; 0.0000; 0.2517;      0;      0;      0; 0.00; 0.00; 0.00; 0.00; 0.00; 0.00; 0.0000; 0.0000; 0.0000; 1.0000; 0.0000; 0.0000; 0.00; 0.00; 0.00; 0.00; 0.00; 0.00; 23.04; 0.03; 1.83; 23
55; 0.0000; 0.0000; 0.0000; 0.0000; 0.2517;      0;      0;      0; 0.00; 0.00; 0.00; 0.00; 0.00; 0.00; 0.0000; 0.0000; 0.0000; 1.0000; 0.0000; 0.0000; 0.00; 0.00; 0.00; 0.00; 0.00; 0.00; 23.04; 0.03; 1.83; 23
56; 0.0000; 0.0000; 0.0000; 0.0000; 0.2517;      0;      0;      0; 0.00; 0.00; 0.00; 0.00; 0.00; 0.00; 0.0000; 0.0000; 0.0000; 1.0000; 0.0000; 0.0000; 0.00; 0.00; 0.00; 0.00; 0.00; 0.00; 23.04; 0.03; 1.83; 23
57; 0.0000; 0.0000; 0.0000; 0.0000; 0.2517;      0;      0;      0; 0.00; 0.00; 0.00; 0.00; 0.00; 0.00; 0.0000; 0.0000; 0.0000; 1.0000; 0.0000; 0.0000; 0.00; 0.00; 0.00; 0.00; 0.00; 0.00; 23.04; 0.03; 1.83; 23
58; 0.0000; 0.0000; 0.0000; 0.0000; 0.2517;      0;      0;      0; 0.00; 0.00; 0.00; 0.00; 0.00; 0.00; 0.0000; 0.0000; 0.0000; 1.0000; 0.0000; 0.0000; 0.00; 0.00; 0.00; 0.00; 0.00; 0.00; 23.04; 0.03; 1.83; 23
59; 0.0000; 0.0000; 0.0000; 0.0000; 0.2517;      0;      0;      0; 0.00; 0.00; 0.00; 0.00; 0.00; 0.00; 0.0000; 0.0000; 0.0000; 1.0000; 0.0000; 0.0000; 0.00; 0.00; 0.00; 0.00; 0.00; 0.00; 23.04; 0.03; 1.83; 23
60; 0.0000; 0.0000; 0.0000; 0.0000; 0.2517;      0;      0;      0; 0.00; 0.00; 0.00; 0.00; 0.00; 0.00; 0.0000; 0.0000; 0.0000; 1.0000; 0.0000; 0.0000; 0.00; 0.00; 0.00; 0.00; 0.00; 0.00; 23.04; 0.03; 1.83; 23
61; 0.0000; 0.0000; 0.0000; 0.0000; 0.2517;      0;      0;      0; 0.00; 0.00; 0.00; 0.00; 0.00; 0.00; 0.0000; 0.0000; 0.0000; 1.0000; 0.0000; 0.0000; 0.00; 0.00; 0.00; 0.00; 0.00; 0.00; 23.04; 0.03; 1.83; 23
62; 0.0000; 0.0000; 0.0000; 0.0000; 0.2517;      0;      0;      0; 0.00; 0.00; 0.00; 0.00; 0.00; 0.00; 0.0000; 0.0000; 0.0000; 1.0000; 0.0000; 0.0000; 0.00; 0.00; 0.00; 0.00; 0.00; 0.00; 23.04; 0.03; 1.83; 23
63; 0.0000; 0.0000; 0.0000; 0.0000; 0.2517;      0;      0;      0; 0.00; 0.00; 0.00; 0.00; 0.00; 0.00; 0.0000; 0.0000; 0.0000; 1.0000; 0.0000; 0.0000; 0.00; 0.00; 0.00; 0.00; 0.00; 0.00; 23.04; 0.03; 1.83; 23
64; 0.0000; 0.0000; 0.0000; 0.0000; 0.2517;      0;      0;      0; 0.00; 0.00; 0.00; 0.00; 0.00; 0.00; 0.0000; 0.0000; 0.0000; 1.0000; 0.0000; 0.0000; 0.00; 0.00; 0.00; 0.00; 0.00; 0.00; 23.04; 0.03; 1.83; 23
65; 0.0000; 0.0000; 0.0000; 0.0000; 0.2517;      0;      0;      0; 0.00; 0.00; 0.00; 0.00; 0.00; 0.00; 0.0000; 0.0000; 0.0000; 1.0000; 0.0000; 0.0000; 0.00; 0.00; 0.00; 0.00; 0.00; 0.00; 23.04; 0.03; 1.83; 23
66; 0.0000; 0.0000; 0.0000; 0.0000; 0.2517;      0;      0;      0; 0.00; 0.00; 0.00; 0.00; 0.00; 0.00; 0.0000; 0.0000; 0.0000; 1.0000; 0.0000; 0.0000; 0.00; 0.00; 0.00; 0.00; 0.00; 0.00; 23.04; 0.03; 1.83; 23
67; 0.0000; 0.0000; 0.0000; 0.0000; 0.2517;      0;      0;      0; 0.00; 0.00; 0.00; 0.00; 0.00; 0.00; 0.0000; 0.0000; 0.0000; 1.0000; 0.0000; 0.0000; 0.00; 0.00; 0.00; 0.00; 0.00; 0.00; 23.04; 0.03; 1.83; 23
68; 0.0000; 0.0000; 0.0000; 0.0000; 0.2517;      0;      0;      0; 0.00; 0.00; 0.00; 0.00; 0.00; 0.00; 0.0000; 0.0000; 0.0000; 1.0000; 0.0000; 0.0000; 0.00; 0.00; 0.00; 0.00; 0.00; 0.00; 23.04; 0.03; 1.83; 23
69; 0.0000; 0.0000; 0.0000; 0.0000; 0.2517;      0;      0;      0; 0.00; 0.00; 0.00; 0.00; 0.00; 0.00; 0.0000; 0.0000; 0.0000; 1.0000; 0.0000; 0.0000; 0.00; 0.00; 0.00; 0.00; 0.00; 0.00; 23.04; 0.03; 1.83; 23
70; 0.0000; 0.0000; 0.0000; 0.0000; 0.2517;      0;      0;      0; 0.00; 0.00; 0.00; 0.00; 0.00; 0.00; 0.0000; 0.0000; 0.0000; 1.0000; 0.0000; 0.0000; 0.00; 0.00; 0.00; 0.00; 0.00; 0.00; 23.04; 0.03; 1.83; 23
71; 0.0000; 0.0000; 0.0000; 0.0000; 0.2517;      0;      0;      0; 0.00; 0.00; 0.00; 0.00; 0.00; 0.00; 0.0000; 0.0000; 0.0000; 1.0000; 0.0000; 0.0000; 0.00; 0.00; 0.00; 0.00; 0.00; 0.00; 23.04; 0.03; 1.83; 23
72; 0.0000; 0.0000; 0.0000; 0.0000; 0.2517;      0;      0;      0; 0.00; 0.00; 0.00; 0.00; 0.00; 0.00; 0.0000; 0.0000; 0.0000; 1.0000; 0.0000; 0.0000; 0.00; 0.00; 0.00; 0.00; 0.00; 0.00; 23.04; 0.03; 1.83; 23
73; 0.0000; 0.0000; 0.0000; 0.0000; 0.2517;      0;      0;      0; 0.00; 0.00; 0.00; 0.00; 0.00; 0.00; 0.0000; 0.0000; 0.0000; 1.0000; 0.0000; 0.0000; 0.00; 0.00; 0.00; 0.00; 0.00; 0.00; 23.04; 0.03; 1.83; 23
74; 0.0000; 0.0000; 0.0000; 0.0000; 0.2517;      0;      0;      0; 0.00; 0.00; 0.00; 0.00; 0.00; 0.00; 0.0000; 0.0000; 0.0000; 1.0000; 0.0000; 0.0000; 0.00; 0.00; 0.00; 0.00; 0.00; 0.00; 23.04; 0.03; 1.83; 23
75; 0.0000; 0.0000; 0.0000; 0.0000; 0.2517;      0;      0;      0; 0.00; 0.00; 0.00; 0.00; 0.00; 0.00; 0.0000; 0.0000; 0.0000; 1.0000; 0.0000; 0.0000; 0.00; 0.00; 0.00; 0.00; 0.00; 0.00; 23.04; 0.03; 1.83; 23
76; 0.0000; 0.0000; 0.0000; 0.0000; 0.2517;      0;      0;      0; 0.00; 0.00; 0.00; 0.00; 0.00; 0.00; 0.0000; 0.0000; 0.0000; 1.0000; 0.0000; 0.0000; 0.00; 0.00; 0.00; 0.00; 0.00; 0.00; 23.04; 0.03; 1.83; 23
77; 0.0000; 0.0000; 0.0000; 0.0000; 0.2517;      0;      0;      0; 0.00; 0.00; 0.00; 0.00; 0.00; 0.00; 0.0000; 0.0000; 0.0000; 1.0000; 0.0000; 0.0000; 0.00; 0.00; 0.00; 0.00; 0.00; 0.00; 23.04; 0.03; 1.83; 23
78; 0.0000; 0.0000; 0.0000; 0.0000; 0.2517;      0;      0;      0; 0.00; 0.00; 0.00; 0.00; 0.00; 0.00; 0.0000; 0.0000; 0.0000; 1.0000; 0.0000; 0.0000; 0.00; 0.00; 0.00; 0.00; 0.00; 0.00; 23.04; 0.03; 1.83; 23
79; 0.0000; 0.0000; 0.0000; 0.0000; 0.2517;      0;      0;      0; 0.00; 0.00; 0.00; 0.00; 0.00; 0.00; 0.0000; 0.0000; 0.0000; 1.0000; 0.0000; 0.0000; 0.00; 0.00; 0.00; 0.00; 0.00; 0.00; 23.04; 0.03; 1.83; 23
80; 0.0000; 0.0000; 0.0000; 0.0000; 0.2517;      0;      0;      0; 0.00; 0.00; 0.00; 0.00; 0.00; 0.00; 0.0000; 0.0000; 0.0000; 1.0000; 0.0000; 0.0000; 0.00; 0.00; 0.00; 0.00; 0.00; 0.00; 23.04; 0.03; 1.83; 23
81; 0.0000; 0.0000; 0.0000; 0.0000; 0.2517;      0;      0;      0; 0.00; 0.00; 0.00; 0.00; 0.00; 0.00; 0.0000; 0.0000; 0.0000; 1.0000; 0.0000; 0.0000; 0.00; 0.00; 0.00; 0.00; 0.00; 0.00; 23.04; 0.03; 1.83; 23
82; 0.0000; 0.0000; 0.0000; 0.0000; 0.2517;      0;      0;      0; 0.00; 0.00; 0.00; 0.00; 0.00; 0.00; 0.0000; 0.0000; 0.0000; 1.0000; 0.0000; 0.0000; 0.00; 0.00; 0.00; 0.00; 0.00; 0.00; 23.04; 0.03; 1.83; 23
83; 0.0000; 0.0000; 0.0000; 0.0000; 0.2517;      0;      0;      0; 0.00; 0.00; 0.00; 0.00; 0.00; 0.00; 0.0000; 0.0000; 0.0000; 1.0000; 0.0000; 0.0000; 0.00; 0.00; 0.00; 0.00; 0.00; 0.00; 23.04; 0.03; 1.83; 23
84; 0.0000; 0.0000; 0.0000; 0.0000; 0.2517;      0;      0;      0; 0.00; 0.00; 0.00; 0.00; 0.00; 0.00; 0.0000; 0.0000; 0.0000; 1.0000; 0.0000; 0.0000; 0.00; 0.00; 0.00; 0.00; 0.00; 0.00; 23.04; 0.03; 1.83; 23
85; 0.0000; 0.0000; 0.0000; 0.0000; 0.2517;      0;      0;      0; 0.00; 0.00; 0.00; 0.00; 0.00; 0.00; 0.0000; 0.0000; 0.0000; 1.0000; 0.0000; 0.0000; 0.00; 0.00; 0.00; 0.00; 0.00; 0.00; 23.04; 0.03; 1.83; 23
86; 0.0000; 0.0000; 0.0000; 0.0000; 0.2517;      0;      0;      0; 0.00; 0.00; 0.00; 0.00; 0.00; 0.00; 0.0000; 0.0000; 0.0000; 1.0000; 0.0000; 0.0000; 0.00; 0.00; 0.00; 0.00; 0.00; 0.00; 23.04; 0.03; 1.83; 23
87; 0.0000; 0.0000; 0.0000; 0.0000; 0.2517;      0;      0;      0; 0.00; 0.00; 0.00; 0.00; 0.00; 0.00; 0.0000; 0.0000; 0.0000; 1.0000; 0.0000; 0.0000; 0.00; 0.00; 0.00; 0.00; 0.00; 0.00; 23.04; 0.03; 1.83; 23
88; 0.0000; 0.0000; 0.0000; 0.0000; 0.2517;      0;      0;      0; 0.00; 0.00; 0.00; 0.00; 0.00; 0.00; 0.0000; 0.0000; 0.0000; 1.0000; 0.0000; 0.0000; 0.00; 0.00; 0.00; 0.00; 0.00; 0.00; 23.04; 0.03; 1.83; 23
89; 0.0000; 0.0000; 0.0000; 0.0000; 0.2517;      0;      0;      0; 0.00; 0.00; 0.00; 0.00; 0.00; 0.00; 0.0000; 0.0000; 0.0000; 1.0000; 0.0000; 0.0000; 0.00; 0.00; 0.00; 0.00; 0.00; 0.00; 23.04; 0.03; 1.83; 23
90; 0.0000; 0.0000; 0.0000; 0.0000; 0.2517;      0;      0;      0; 0.00; 0.00; 0.00; 0.00; 0.00; 0.00; 0.0000; 0.0000; 0.0000; 1.0000; 0.0000; 0.0000; 0.00; 0.00; 0.00; 0.00; 0.00; 0.00; 23.04; 0.03; 1.83; 23
91; 0.0000; 0.0000; 0.0000; 0.0000; 0.2517;      0;      0;      0; 0.00; 0.00; 0.00; 0.00; 0.00; 0.00; 0.0000; 0.0000; 0.0000; 1.0000; 0.0000; 0.0000; 0.00; 0.00; 0.00; 0.00; 0.00; 0.00; 23.04; 0.03; 1.83; 23
92; 0.0000; 0.0000; 0.0000; 0.0000; 0.2517;      0;      0;      0; 0.00; 0.00; 0.00; 0.00; 0.00; 0.00; 0.0000; 0.0000; 0.0000; 1.0000; 0.0000; 0.0000; 0.00; 0.00; 0.00; 0.00; 0.00; 0.00; 23.04; 0.03; 1.83; 23
93; 0.0000; 0.0000; 0.0000; 0.0000; 0.2517;      0;      0;      0; 0.00; 0.00; 0.00; 0.00; 0.00; 0.00; 0.0000; 0.0000; 0.0000; 1.0000; 0.0000; 0.0000; 0.00; 0.00; 0.00; 0.00; 0.00; 0.00; 23.04; 0.03; 1.83; 23
94; 0.0000; 0.0000; 0.0000; 0.0000; 0.2517;      0;      0;      0; 0.00; 0.00; 0.00; 0.00; 0.00; 0.00; 0.0000; 0.0000; 0.0000; 1.0000; 0.0000; 0.0000; 0.00; 0.00; 0.00; 0.00; 0.00; 0.00; 23.04; 0.03; 1.83; 23
95; 0.0000; 0.0000; 0.0000; 0.0000; 0.2517;      0;      0;      0; 0.00; 0.00; 0.00; 0.00; 0.00; 0.00; 0.0000; 0.0000; 0.0000; 1.0000; 0.0000; 0.0000; 0.00; 0.00; 0.00; 0.00; 0.00; 0.00; 23.04; 0.03; 1.83; 23
96; 0.0000; 0.0000; 0.0000; 0.0000; 0.2517;      0;      0;      0; 0.00; 0.00; 0.00; 0.00; 0.00; 0.00; 0.0000; 0.0000; 0.0000; 1.0000; 0.0000; 0.0000; 0.00; 0.00; 0.00; 0.00; 0.00; 0.00; 23.04; 0.03; 1.83; 23
97; 0.0000; 0.0000; 0.0000; 0.0000; 0.2517;      0;      0;      0; 0.00; 0.00; 0.00; 0.00; 0.00; 0.00; 0.0000; 0.0000; 0.0000; 1.0000; 0.0000; 0.0000; 0.00; 0.00; 0.00; 0.00; 0.00; 0.00; 23.04; 0.03; 1.83; 23
98; 0.0000; 0.0000; 0.0000; 0.0000; 0.2517;      0;      0;      0; 0.00; 0.00; 0.00; 0.00; 0.00; 0.00; 0.0000; 0.0000; 0.0000; 1.0000; 0.0000; 0.0000; 0.00; 0.00; 0.00; 0.00; 0.00; 0.00; 23.04; 0.03; 1.83; 23
99; 0.0000; 0.0000; 0.0000; 0.0000; 0.2517;      0;      0;      0; 0.00; 0.00; 0.00; 0.00; 0.00; 0.00; 0.0000; 0.0000; 0.0000; 1.0000; 0.0000; 0.0000; 0.00; 0.00; 0.00; 0.00; 0.00; 0.00; 23.04; 0.03; 1.83; 23
100; 0.0000; 0.0000; 0.0000; 0.0000; 0.2517;      0;      0;      0; 0.00; 0.00; 0.00; 0.00; 0.00; 0.00; 0.0000; 0.0000; 0.0000; 1.0000; 0.0000; 0.0000; 0.00; 0.00; 0.00; 0.00; 0.00; 0.00; 23.04; 0.03; 1.83; 23
