    Year (Census)
    Proportion of populations extant, SE
    Proportion of populations going extinct for the first time in year, SE
    Deterministic growth, Stochastic growth, SE, SD
    Mean population size (across extant populations), SE, SD
    Mean population size (across all populations), SE, SD
    Population-based model: No genetic data (12 skipped fields)



    Mean time to extinction, SE, SD
    Median time to extinction
Year;PExtant;SE(PExtant);PExtinct;SE(PExtinct);det-r;stoch-r;SE(r);SD(r);N-extant;SE(N-extant);SD(N-extant);N-all;SE(N-all);SD(N-all);GeneDiv;SE(GD);SD(GD);Inbreed;SE(Inbr);SD(Inbr);nAlleles;SE(nAlleles);SD(nAlleles);nLethals;SE(nLethals);SD(nLethals);TE;SE(TE);SD(TE);medianTE
Default Scenario
Population 1: Population1
0; 1.0000; 0.0000; 0.0000; 0.0000; 0.3140;      0;      0;      0; 117768.00; 0.00; 0.00; 117768.00; 0.00; 0.00; 0.0000; 0.0000; 0.0000; 1.0000; 0.0000; 0.0000; 0.00; 0.00; 0.00; 0.00; 0.00; 0.00; 0.00; 0.00; 0.00; 0
1; 1.0000; 0.0000; 0.0000; 0.0000; 0.3140; 0.3084; 0.0016; 0.1153; 117171.22; 162.04; 11457.63; 117171.22; 162.04; 11457.63; 0.0000; 0.0000; 0.0000; 1.0000; 0.0000; 0.0000; 0.00; 0.00; 0.00; 0.00; 0.00; 0.00; 0.00; 0.00; 0.00; 0
2; 1.0000; 0.0000; 0.0000; 0.0000; 0.3140; -0.0103; 0.0023; 0.1619; 106540.79; 204.57; 14465.58; 106540.79; 204.57; 14465.58; 0.0000; 0.0000; 0.0000; 1.0000; 0.0000; 0.0000; 0.00; 0.00; 0.00; 0.00; 0.00; 0.00; 0.00; 0.00; 0.00; 0
3; 1.0000; 0.0000; 0.0000; 0.0000; 0.3140; -0.0556; 0.0027; 0.1877; 97032.26; 273.10; 19310.74; 97032.26; 273.10; 19310.74; 0.0000; 0.0000; 0.0000; 1.0000; 0.0000; 0.0000; 0.00; 0.00; 0.00; 0.00; 0.00; 0.00; 0.00; 0.00; 0.00; 0
4; 0.9956; 0.0009; 0.0044; 0.0009; 0.3140; -0.1195; 0.0037; 0.2637; 87095.52; 356.93; 25183.36; 86712.30; 364.59; 25780.75; 0.0000; 0.0000; 0.0000; 1.0000; 0.0000; 0.0000; 0.00; 0.00; 0.00; 0.00; 0.00; 0.00; 4.00; 0.00; 0.00; 0
5; 0.9648; 0.0026; 0.0308; 0.0024; 0.3140; -0.2182; 0.0060; 0.4174; 77073.74; 435.37; 30238.89; 74360.74; 465.61; 32923.83; 0.0000; 0.0000; 0.0000; 1.0000; 0.0000; 0.0000; 0.00; 0.00; 0.00; 0.00; 0.00; 0.00; 4.88; 0.03; 0.33; 0
6; 0.8664; 0.0048; 0.0984; 0.0042; 0.3140; -0.3003; 0.0079; 0.5168; 70374.95; 496.91; 32705.54; 60972.86; 547.74; 38731.20; 0.0000; 0.0000; 0.0000; 1.0000; 0.0000; 0.0000; 0.00; 0.00; 0.00; 0.00; 0.00; 0.00; 5.70; 0.02; 0.52; 0
7; 0.7322; 0.0063; 0.1342; 0.0048; 0.3140; -0.3814; 0.0100; 0.6060; 64897.02; 559.84; 33873.70; 47517.60; 577.25; 40817.63; 0.0000; 0.0000; 0.0000; 1.0000; 0.0000; 0.0000; 0.00; 0.00; 0.00; 0.00; 0.00; 0.00; 6.35; 0.02; 0.75; 0
8; 0.5798; 0.0070; 0.1524; 0.0051; 0.3140; -0.4279; 0.0123; 0.6634; 61978.46; 639.33; 34423.05; 35935.11; 569.74; 40286.35; 0.0000; 0.0000; 0.0000; 1.0000; 0.0000; 0.0000; 0.00; 0.00; 0.00; 0.00; 0.00; 0.00; 6.95; 0.02; 0.99; 0
9; 0.4424; 0.0070; 0.1374; 0.0049; 0.3140; -0.4673; 0.0156; 0.7355; 60464.26; 739.37; 34774.06; 26749.39; 536.07; 37905.98; 0.0000; 0.0000; 0.0000; 1.0000; 0.0000; 0.0000; 0.00; 0.00; 0.00; 0.00; 0.00; 0.00; 7.46; 0.02; 1.23; 9
10; 0.3288; 0.0066; 0.1136; 0.0045; 0.3140; -0.4519; 0.0164; 0.6631; 59964.43; 848.66; 34410.17; 19716.31; 486.39; 34392.78; 0.0000; 0.0000; 0.0000; 1.0000; 0.0000; 0.0000; 0.00; 0.00; 0.00; 0.00; 0.00; 0.00; 7.89; 0.03; 1.47; 9
11; 0.2460; 0.0061; 0.0828; 0.0039; 0.3140; -0.4854; 0.0210; 0.7351; 58952.76; 1002.99; 35176.35; 14502.38; 435.65; 30805.40; 0.0000; 0.0000; 0.0000; 1.0000; 0.0000; 0.0000; 0.00; 0.00; 0.00; 0.00; 0.00; 0.00; 8.23; 0.03; 1.70; 9
12; 0.1796; 0.0054; 0.0664; 0.0035; 0.3140; -0.4702; 0.0223; 0.6670; 58950.35; 1162.24; 34828.36; 10587.48; 382.05; 27014.84; 0.0000; 0.0000; 0.0000; 1.0000; 0.0000; 0.0000; 0.00; 0.00; 0.00; 0.00; 0.00; 0.00; 8.53; 0.03; 1.93; 9
13; 0.1290; 0.0047; 0.0506; 0.0031; 0.3140; -0.4427; 0.0270; 0.6853; 60188.48; 1353.24; 34368.07; 7764.31; 334.45; 23649.17; 0.0000; 0.0000; 0.0000; 1.0000; 0.0000; 0.0000; 0.00; 0.00; 0.00; 0.00; 0.00; 0.00; 8.79; 0.03; 2.14; 9
14; 0.0934; 0.0041; 0.0356; 0.0026; 0.3140; -0.4571; 0.0331; 0.7152; 61005.06; 1601.80; 34615.12; 5697.87; 292.20; 20661.35; 0.0000; 0.0000; 0.0000; 1.0000; 0.0000; 0.0000; 0.00; 0.00; 0.00; 0.00; 0.00; 0.00; 9.00; 0.03; 2.33; 9
15; 0.0728; 0.0037; 0.0206; 0.0020; 0.3140; -0.5493; 0.0463; 0.8834; 57953.55; 1895.76; 36168.73; 4219.02; 253.67; 17937.25; 0.0000; 0.0000; 0.0000; 1.0000; 0.0000; 0.0000; 0.00; 0.00; 0.00; 0.00; 0.00; 0.00; 9.13; 0.04; 2.47; 9
16; 0.0512; 0.0031; 0.0216; 0.0021; 0.3140; -0.4511; 0.0462; 0.7387; 61095.48; 2148.24; 34371.82; 3128.09; 219.83; 15544.39; 0.0000; 0.0000; 0.0000; 1.0000; 0.0000; 0.0000; 0.00; 0.00; 0.00; 0.00; 0.00; 0.00; 9.29; 0.04; 2.65; 9
17; 0.0398; 0.0028; 0.0114; 0.0015; 0.3140; -0.4848; 0.0545; 0.7687; 58706.96; 2488.07; 35098.57; 2336.54; 190.02; 13436.19; 0.0000; 0.0000; 0.0000; 1.0000; 0.0000; 0.0000; 0.00; 0.00; 0.00; 0.00; 0.00; 0.00; 9.38; 0.04; 2.76; 9
18; 0.0286; 0.0024; 0.0112; 0.0015; 0.3140; -0.4563; 0.0550; 0.6572; 59170.57; 2876.58; 34398.84; 1692.28; 161.80; 11441.18; 0.0000; 0.0000; 0.0000; 1.0000; 0.0000; 0.0000; 0.00; 0.00; 0.00; 0.00; 0.00; 0.00; 9.48; 0.04; 2.89; 9
19; 0.0208; 0.0020; 0.0078; 0.0012; 0.3140; -0.4333; 0.0634; 0.6462; 61105.64; 3388.42; 34555.24; 1271.00; 141.89; 10033.32; 0.0000; 0.0000; 0.0000; 1.0000; 0.0000; 0.0000; 0.00; 0.00; 0.00; 0.00; 0.00; 0.00; 9.55; 0.04; 3.00; 9
20; 0.0158; 0.0018; 0.0050; 0.0010; 0.3140; -0.4671; 0.0734; 0.6527; 58301.78; 3673.05; 32646.79; 921.17; 117.90; 8336.53; 0.0000; 0.0000; 0.0000; 1.0000; 0.0000; 0.0000; 0.00; 0.00; 0.00; 0.00; 0.00; 0.00; 9.61; 0.04; 3.09; 9
21; 0.0124; 0.0016; 0.0034; 0.0008; 0.3140; -0.4695; 0.0672; 0.5292; 52957.77; 4191.01; 33000.07; 656.68; 97.61; 6902.19; 0.0000; 0.0000; 0.0000; 1.0000; 0.0000; 0.0000; 0.00; 0.00; 0.00; 0.00; 0.00; 0.00; 9.65; 0.04; 3.15; 9
22; 0.0090; 0.0013; 0.0034; 0.0008; 0.3140; -0.9306; 0.1932; 1.2963; 47596.44; 5403.94; 36250.75; 428.37; 79.72; 5637.01; 0.0000; 0.0000; 0.0000; 1.0000; 0.0000; 0.0000; 0.00; 0.00; 0.00; 0.00; 0.00; 0.00; 9.69; 0.05; 3.23; 9
23; 0.0056; 0.0011; 0.0034; 0.0008; 0.3140; -0.5113; 0.1202; 0.6358; 52575.96; 6134.15; 32458.88; 294.43; 64.94; 4592.01; 0.0000; 0.0000; 0.0000; 1.0000; 0.0000; 0.0000; 0.00; 0.00; 0.00; 0.00; 0.00; 0.00; 9.73; 0.05; 3.32; 9
24; 0.0040; 0.0009; 0.0016; 0.0006; 0.3140; -0.6158; 0.1358; 0.6072; 45684.55; 6567.90; 29372.52; 182.74; 48.16; 3405.24; 0.0000; 0.0000; 0.0000; 1.0000; 0.0000; 0.0000; 0.00; 0.00; 0.00; 0.00; 0.00; 0.00; 9.76; 0.05; 3.36; 9
25; 0.0026; 0.0007; 0.0014; 0.0005; 0.3140; -0.7285; 0.2327; 0.8390; 43743.92; 9731.02; 35085.68; 113.73; 39.80; 2813.94; 0.0000; 0.0000; 0.0000; 1.0000; 0.0000; 0.0000; 0.00; 0.00; 0.00; 0.00; 0.00; 0.00; 9.78; 0.05; 3.41; 9
26; 0.0014; 0.0005; 0.0012; 0.0005; 0.3140; -1.1035; 0.6753; 1.7868; 51846.14; 16351.25; 43261.34; 72.58; 34.66; 2450.51; 0.0000; 0.0000; 0.0000; 1.0000; 0.0000; 0.0000; 0.00; 0.00; 0.00; 0.00; 0.00; 0.00; 9.80; 0.05; 3.45; 9
27; 0.0008; 0.0004; 0.0006; 0.0003; 0.3140; -0.4543; 0.2432; 0.4865; 61058.75; 17234.74; 34469.49; 48.85; 27.18; 1921.92; 0.0000; 0.0000; 0.0000; 1.0000; 0.0000; 0.0000; 0.00; 0.00; 0.00; 0.00; 0.00; 0.00; 9.81; 0.05; 3.48; 9
28; 0.0006; 0.0003; 0.0002; 0.0002; 0.3140; -0.2718; 0.1702; 0.2948; 60977.33; 14373.73; 24896.03; 36.59; 22.26; 1574.17; 0.0000; 0.0000; 0.0000; 1.0000; 0.0000; 0.0000; 0.00; 0.00; 0.00; 0.00; 0.00; 0.00; 9.81; 0.05; 3.49; 9
29; 0.0006; 0.0003; 0.0000; 0.0000; 0.3140; -0.9100; 0.4365; 0.7560; 33796.00; 18984.49; 32882.10; 20.28; 14.95; 1057.17; 0.0000; 0.0000; 0.0000; 1.0000; 0.0000; 0.0000; 0.00; 0.00; 0.00; 0.00; 0.00; 0.00; 9.81; 0.05; 3.49; 9
30; 0.0002; 0.0002; 0.0004; 0.0003; 0.3140; -0.4149; 0.1722; 0.1722; 46751.00; 0.00; 0.00; 9.35; 9.35; 661.16; 0.0000; 0.0000; 0.0000; 1.0000; 0.0000; 0.0000; 0.00; 0.00; 0.00; 0.00; 0.00; 0.00; 9.82; 0.05; 3.51; 9
31; 0.0002; 0.0002; 0.0000; 0.0000; 0.3140; -0.5980; 0.3576; 0.3576; 25709.00; 0.00; 0.00; 5.14; 5.14; 363.58; 0.0000; 0.0000; 0.0000; 1.0000; 0.0000; 0.0000; 0.00; 0.00; 0.00; 0.00; 0.00; 0.00; 9.82; 0.05; 3.51; 9
32; 0.0000; 0.0000; 0.0002; 0.0002; 0.3140;      0;      0;      0; 0.00; 0.00; 0.00; 0.00; 0.00; 0.00; 0.0000; 0.0000; 0.0000; 1.0000; 0.0000; 0.0000; 0.00; 0.00; 0.00; 0.00; 0.00; 0.00; 9.82; 0.05; 3.52; 9
33; 0.0000; 0.0000; 0.0000; 0.0000; 0.3140;      0;      0;      0; 0.00; 0.00; 0.00; 0.00; 0.00; 0.00; 0.0000; 0.0000; 0.0000; 1.0000; 0.0000; 0.0000; 0.00; 0.00; 0.00; 0.00; 0.00; 0.00; 9.82; 0.05; 3.52; 9
34; 0.0000; 0.0000; 0.0000; 0.0000; 0.3140;      0;      0;      0; 0.00; 0.00; 0.00; 0.00; 0.00; 0.00; 0.0000; 0.0000; 0.0000; 1.0000; 0.0000; 0.0000; 0.00; 0.00; 0.00; 0.00; 0.00; 0.00; 9.82; 0.05; 3.52; 9
35; 0.0000; 0.0000; 0.0000; 0.0000; 0.3140;      0;      0;      0; 0.00; 0.00; 0.00; 0.00; 0.00; 0.00; 0.0000; 0.0000; 0.0000; 1.0000; 0.0000; 0.0000; 0.00; 0.00; 0.00; 0.00; 0.00; 0.00; 9.82; 0.05; 3.52; 9
36; 0.0000; 0.0000; 0.0000; 0.0000; 0.3140;      0;      0;      0; 0.00; 0.00; 0.00; 0.00; 0.00; 0.00; 0.0000; 0.0000; 0.0000; 1.0000; 0.0000; 0.0000; 0.00; 0.00; 0.00; 0.00; 0.00; 0.00; 9.82; 0.05; 3.52; 9
37; 0.0000; 0.0000; 0.0000; 0.0000; 0.3140;      0;      0;      0; 0.00; 0.00; 0.00; 0.00; 0.00; 0.00; 0.0000; 0.0000; 0.0000; 1.0000; 0.0000; 0.0000; 0.00; 0.00; 0.00; 0.00; 0.00; 0.00; 9.82; 0.05; 3.52; 9
38; 0.0000; 0.0000; 0.0000; 0.0000; 0.3140;      0;      0;      0; 0.00; 0.00; 0.00; 0.00; 0.00; 0.00; 0.0000; 0.0000; 0.0000; 1.0000; 0.0000; 0.0000; 0.00; 0.00; 0.00; 0.00; 0.00; 0.00; 9.82; 0.05; 3.52; 9
39; 0.0000; 0.0000; 0.0000; 0.0000; 0.3140;      0;      0;      0; 0.00; 0.00; 0.00; 0.00; 0.00; 0.00; 0.0000; 0.0000; 0.0000; 1.0000; 0.0000; 0.0000; 0.00; 0.00; 0.00; 0.00; 0.00; 0.00; 9.82; 0.05; 3.52; 9
40; 0.0000; 0.0000; 0.0000; 0.0000; 0.3140;      0;      0;      0; 0.00; 0.00; 0.00; 0.00; 0.00; 0.00; 0.0000; 0.0000; 0.0000; 1.0000; 0.0000; 0.0000; 0.00; 0.00; 0.00; 0.00; 0.00; 0.00; 9.82; 0.05; 3.52; 9
41; 0.0000; 0.0000; 0.0000; 0.0000; 0.3140;      0;      0;      0; 0.00; 0.00; 0.00; 0.00; 0.00; 0.00; 0.0000; 0.0000; 0.0000; 1.0000; 0.0000; 0.0000; 0.00; 0.00; 0.00; 0.00; 0.00; 0.00; 9.82; 0.05; 3.52; 9
42; 0.0000; 0.0000; 0.0000; 0.0000; 0.3140;      0;      0;      0; 0.00; 0.00; 0.00; 0.00; 0.00; 0.00; 0.0000; 0.0000; 0.0000; 1.0000; 0.0000; 0.0000; 0.00; 0.00; 0.00; 0.00; 0.00; 0.00; 9.82; 0.05; 3.52; 9
43; 0.0000; 0.0000; 0.0000; 0.0000; 0.3140;      0;      0;      0; 0.00; 0.00; 0.00; 0.00; 0.00; 0.00; 0.0000; 0.0000; 0.0000; 1.0000; 0.0000; 0.0000; 0.00; 0.00; 0.00; 0.00; 0.00; 0.00; 9.82; 0.05; 3.52; 9
44; 0.0000; 0.0000; 0.0000; 0.0000; 0.3140;      0;      0;      0; 0.00; 0.00; 0.00; 0.00; 0.00; 0.00; 0.0000; 0.0000; 0.0000; 1.0000; 0.0000; 0.0000; 0.00; 0.00; 0.00; 0.00; 0.00; 0.00; 9.82; 0.05; 3.52; 9
45; 0.0000; 0.0000; 0.0000; 0.0000; 0.3140;      0;      0;      0; 0.00; 0.00; 0.00; 0.00; 0.00; 0.00; 0.0000; 0.0000; 0.0000; 1.0000; 0.0000; 0.0000; 0.00; 0.00; 0.00; 0.00; 0.00; 0.00; 9.82; 0.05; 3.52; 9
46; 0.0000; 0.0000; 0.0000; 0.0000; 0.3140;      0;      0;      0; 0.00; 0.00; 0.00; 0.00; 0.00; 0.00; 0.0000; 0.0000; 0.0000; 1.0000; 0.0000; 0.0000; 0.00; 0.00; 0.00; 0.00; 0.00; 0.00; 9.82; 0.05; 3.52; 9
47; 0.0000; 0.0000; 0.0000; 0.0000; 0.3140;      0;      0;      0; 0.00; 0.00; 0.00; 0.00; 0.00; 0.00; 0.0000; 0.0000; 0.0000; 1.0000; 0.0000; 0.0000; 0.00; 0.00; 0.00; 0.00; 0.00; 0.00; 9.82; 0.05; 3.52; 9
48; 0.0000; 0.0000; 0.0000; 0.0000; 0.3140;      0;      0;      0; 0.00; 0.00; 0.00; 0.00; 0.00; 0.00; 0.0000; 0.0000; 0.0000; 1.0000; 0.0000; 0.0000; 0.00; 0.00; 0.00; 0.00; 0.00; 0.00; 9.82; 0.05; 3.52; 9
49; 0.0000; 0.0000; 0.0000; 0.0000; 0.3140;      0;      0;      0; 0.00; 0.00; 0.00; 0.00; 0.00; 0.00; 0.0000; 0.0000; 0.0000; 1.0000; 0.0000; 0.0000; 0.00; 0.00; 0.00; 0.00; 0.00; 0.00; 9.82; 0.05; 3.52; 9
50; 0.0000; 0.0000; 0.0000; 0.0000; 0.3140;      0;      0;      0; 0.00; 0.00; 0.00; 0.00; 0.00; 0.00; 0.0000; 0.0000; 0.0000; 1.0000; 0.0000; 0.0000; 0.00; 0.00; 0.00; 0.00; 0.00; 0.00; 9.82; 0.05; 3.52; 9
51; 0.0000; 0.0000; 0.0000; 0.0000; 0.3140;      0;      0;      0; 0.00; 0.00; 0.00; 0.00; 0.00; 0.00; 0.0000; 0.0000; 0.0000; 1.0000; 0.0000; 0.0000; 0.00; 0.00; 0.00; 0.00; 0.00; 0.00; 9.82; 0.05; 3.52; 9
52; 0.0000; 0.0000; 0.0000; 0.0000; 0.3140;      0;      0;      0; 0.00; 0.00; 0.00; 0.00; 0.00; 0.00; 0.0000; 0.0000; 0.0000; 1.0000; 0.0000; 0.0000; 0.00; 0.00; 0.00; 0.00; 0.00; 0.00; 9.82; 0.05; 3.52; 9
53; 0.0000; 0.0000; 0.0000; 0.0000; 0.3140;      0;      0;      0; 0.00; 0.00; 0.00; 0.00; 0.00; 0.00; 0.0000; 0.0000; 0.0000; 1.0000; 0.0000; 0.0000; 0.00; 0.00; 0.00; 0.00; 0.00; 0.00; 9.82; 0.05; 3.52; 9
54; 0.0000; 0.0000; 0.0000; 0.0000; 0.3140;      0;      0;      0; 0.00; 0.00; 0.00; 0.00; 0.00; 0.00; 0.0000; 0.0000; 0.0000; 1.0000; 0.0000; 0.0000; 0.00; 0.00; 0.00; 0.00; 0.00; 0.00; 9.82; 0.05; 3.52; 9
55; 0.0000; 0.0000; 0.0000; 0.0000; 0.3140;      0;      0;      0; 0.00; 0.00; 0.00; 0.00; 0.00; 0.00; 0.0000; 0.0000; 0.0000; 1.0000; 0.0000; 0.0000; 0.00; 0.00; 0.00; 0.00; 0.00; 0.00; 9.82; 0.05; 3.52; 9
56; 0.0000; 0.0000; 0.0000; 0.0000; 0.3140;      0;      0;      0; 0.00; 0.00; 0.00; 0.00; 0.00; 0.00; 0.0000; 0.0000; 0.0000; 1.0000; 0.0000; 0.0000; 0.00; 0.00; 0.00; 0.00; 0.00; 0.00; 9.82; 0.05; 3.52; 9
57; 0.0000; 0.0000; 0.0000; 0.0000; 0.3140;      0;      0;      0; 0.00; 0.00; 0.00; 0.00; 0.00; 0.00; 0.0000; 0.0000; 0.0000; 1.0000; 0.0000; 0.0000; 0.00; 0.00; 0.00; 0.00; 0.00; 0.00; 9.82; 0.05; 3.52; 9
58; 0.0000; 0.0000; 0.0000; 0.0000; 0.3140;      0;      0;      0; 0.00; 0.00; 0.00; 0.00; 0.00; 0.00; 0.0000; 0.0000; 0.0000; 1.0000; 0.0000; 0.0000; 0.00; 0.00; 0.00; 0.00; 0.00; 0.00; 9.82; 0.05; 3.52; 9
59; 0.0000; 0.0000; 0.0000; 0.0000; 0.3140;      0;      0;      0; 0.00; 0.00; 0.00; 0.00; 0.00; 0.00; 0.0000; 0.0000; 0.0000; 1.0000; 0.0000; 0.0000; 0.00; 0.00; 0.00; 0.00; 0.00; 0.00; 9.82; 0.05; 3.52; 9
60; 0.0000; 0.0000; 0.0000; 0.0000; 0.3140;      0;      0;      0; 0.00; 0.00; 0.00; 0.00; 0.00; 0.00; 0.0000; 0.0000; 0.0000; 1.0000; 0.0000; 0.0000; 0.00; 0.00; 0.00; 0.00; 0.00; 0.00; 9.82; 0.05; 3.52; 9
61; 0.0000; 0.0000; 0.0000; 0.0000; 0.3140;      0;      0;      0; 0.00; 0.00; 0.00; 0.00; 0.00; 0.00; 0.0000; 0.0000; 0.0000; 1.0000; 0.0000; 0.0000; 0.00; 0.00; 0.00; 0.00; 0.00; 0.00; 9.82; 0.05; 3.52; 9
62; 0.0000; 0.0000; 0.0000; 0.0000; 0.3140;      0;      0;      0; 0.00; 0.00; 0.00; 0.00; 0.00; 0.00; 0.0000; 0.0000; 0.0000; 1.0000; 0.0000; 0.0000; 0.00; 0.00; 0.00; 0.00; 0.00; 0.00; 9.82; 0.05; 3.52; 9
63; 0.0000; 0.0000; 0.0000; 0.0000; 0.3140;      0;      0;      0; 0.00; 0.00; 0.00; 0.00; 0.00; 0.00; 0.0000; 0.0000; 0.0000; 1.0000; 0.0000; 0.0000; 0.00; 0.00; 0.00; 0.00; 0.00; 0.00; 9.82; 0.05; 3.52; 9
64; 0.0000; 0.0000; 0.0000; 0.0000; 0.3140;      0;      0;      0; 0.00; 0.00; 0.00; 0.00; 0.00; 0.00; 0.0000; 0.0000; 0.0000; 1.0000; 0.0000; 0.0000; 0.00; 0.00; 0.00; 0.00; 0.00; 0.00; 9.82; 0.05; 3.52; 9
65; 0.0000; 0.0000; 0.0000; 0.0000; 0.3140;      0;      0;      0; 0.00; 0.00; 0.00; 0.00; 0.00; 0.00; 0.0000; 0.0000; 0.0000; 1.0000; 0.0000; 0.0000; 0.00; 0.00; 0.00; 0.00; 0.00; 0.00; 9.82; 0.05; 3.52; 9
66; 0.0000; 0.0000; 0.0000; 0.0000; 0.3140;      0;      0;      0; 0.00; 0.00; 0.00; 0.00; 0.00; 0.00; 0.0000; 0.0000; 0.0000; 1.0000; 0.0000; 0.0000; 0.00; 0.00; 0.00; 0.00; 0.00; 0.00; 9.82; 0.05; 3.52; 9
67; 0.0000; 0.0000; 0.0000; 0.0000; 0.3140;      0;      0;      0; 0.00; 0.00; 0.00; 0.00; 0.00; 0.00; 0.0000; 0.0000; 0.0000; 1.0000; 0.0000; 0.0000; 0.00; 0.00; 0.00; 0.00; 0.00; 0.00; 9.82; 0.05; 3.52; 9
68; 0.0000; 0.0000; 0.0000; 0.0000; 0.3140;      0;      0;      0; 0.00; 0.00; 0.00; 0.00; 0.00; 0.00; 0.0000; 0.0000; 0.0000; 1.0000; 0.0000; 0.0000; 0.00; 0.00; 0.00; 0.00; 0.00; 0.00; 9.82; 0.05; 3.52; 9
69; 0.0000; 0.0000; 0.0000; 0.0000; 0.3140;      0;      0;      0; 0.00; 0.00; 0.00; 0.00; 0.00; 0.00; 0.0000; 0.0000; 0.0000; 1.0000; 0.0000; 0.0000; 0.00; 0.00; 0.00; 0.00; 0.00; 0.00; 9.82; 0.05; 3.52; 9
70; 0.0000; 0.0000; 0.0000; 0.0000; 0.3140;      0;      0;      0; 0.00; 0.00; 0.00; 0.00; 0.00; 0.00; 0.0000; 0.0000; 0.0000; 1.0000; 0.0000; 0.0000; 0.00; 0.00; 0.00; 0.00; 0.00; 0.00; 9.82; 0.05; 3.52; 9
71; 0.0000; 0.0000; 0.0000; 0.0000; 0.3140;      0;      0;      0; 0.00; 0.00; 0.00; 0.00; 0.00; 0.00; 0.0000; 0.0000; 0.0000; 1.0000; 0.0000; 0.0000; 0.00; 0.00; 0.00; 0.00; 0.00; 0.00; 9.82; 0.05; 3.52; 9
72; 0.0000; 0.0000; 0.0000; 0.0000; 0.3140;      0;      0;      0; 0.00; 0.00; 0.00; 0.00; 0.00; 0.00; 0.0000; 0.0000; 0.0000; 1.0000; 0.0000; 0.0000; 0.00; 0.00; 0.00; 0.00; 0.00; 0.00; 9.82; 0.05; 3.52; 9
73; 0.0000; 0.0000; 0.0000; 0.0000; 0.3140;      0;      0;      0; 0.00; 0.00; 0.00; 0.00; 0.00; 0.00; 0.0000; 0.0000; 0.0000; 1.0000; 0.0000; 0.0000; 0.00; 0.00; 0.00; 0.00; 0.00; 0.00; 9.82; 0.05; 3.52; 9
74; 0.0000; 0.0000; 0.0000; 0.0000; 0.3140;      0;      0;      0; 0.00; 0.00; 0.00; 0.00; 0.00; 0.00; 0.0000; 0.0000; 0.0000; 1.0000; 0.0000; 0.0000; 0.00; 0.00; 0.00; 0.00; 0.00; 0.00; 9.82; 0.05; 3.52; 9
75; 0.0000; 0.0000; 0.0000; 0.0000; 0.3140;      0;      0;      0; 0.00; 0.00; 0.00; 0.00; 0.00; 0.00; 0.0000; 0.0000; 0.0000; 1.0000; 0.0000; 0.0000; 0.00; 0.00; 0.00; 0.00; 0.00; 0.00; 9.82; 0.05; 3.52; 9
76; 0.0000; 0.0000; 0.0000; 0.0000; 0.3140;      0;      0;      0; 0.00; 0.00; 0.00; 0.00; 0.00; 0.00; 0.0000; 0.0000; 0.0000; 1.0000; 0.0000; 0.0000; 0.00; 0.00; 0.00; 0.00; 0.00; 0.00; 9.82; 0.05; 3.52; 9
77; 0.0000; 0.0000; 0.0000; 0.0000; 0.3140;      0;      0;      0; 0.00; 0.00; 0.00; 0.00; 0.00; 0.00; 0.0000; 0.0000; 0.0000; 1.0000; 0.0000; 0.0000; 0.00; 0.00; 0.00; 0.00; 0.00; 0.00; 9.82; 0.05; 3.52; 9
78; 0.0000; 0.0000; 0.0000; 0.0000; 0.3140;      0;      0;      0; 0.00; 0.00; 0.00; 0.00; 0.00; 0.00; 0.0000; 0.0000; 0.0000; 1.0000; 0.0000; 0.0000; 0.00; 0.00; 0.00; 0.00; 0.00; 0.00; 9.82; 0.05; 3.52; 9
79; 0.0000; 0.0000; 0.0000; 0.0000; 0.3140;      0;      0;      0; 0.00; 0.00; 0.00; 0.00; 0.00; 0.00; 0.0000; 0.0000; 0.0000; 1.0000; 0.0000; 0.0000; 0.00; 0.00; 0.00; 0.00; 0.00; 0.00; 9.82; 0.05; 3.52; 9
80; 0.0000; 0.0000; 0.0000; 0.0000; 0.3140;      0;      0;      0; 0.00; 0.00; 0.00; 0.00; 0.00; 0.00; 0.0000; 0.0000; 0.0000; 1.0000; 0.0000; 0.0000; 0.00; 0.00; 0.00; 0.00; 0.00; 0.00; 9.82; 0.05; 3.52; 9
81; 0.0000; 0.0000; 0.0000; 0.0000; 0.3140;      0;      0;      0; 0.00; 0.00; 0.00; 0.00; 0.00; 0.00; 0.0000; 0.0000; 0.0000; 1.0000; 0.0000; 0.0000; 0.00; 0.00; 0.00; 0.00; 0.00; 0.00; 9.82; 0.05; 3.52; 9
82; 0.0000; 0.0000; 0.0000; 0.0000; 0.3140;      0;      0;      0; 0.00; 0.00; 0.00; 0.00; 0.00; 0.00; 0.0000; 0.0000; 0.0000; 1.0000; 0.0000; 0.0000; 0.00; 0.00; 0.00; 0.00; 0.00; 0.00; 9.82; 0.05; 3.52; 9
83; 0.0000; 0.0000; 0.0000; 0.0000; 0.3140;      0;      0;      0; 0.00; 0.00; 0.00; 0.00; 0.00; 0.00; 0.0000; 0.0000; 0.0000; 1.0000; 0.0000; 0.0000; 0.00; 0.00; 0.00; 0.00; 0.00; 0.00; 9.82; 0.05; 3.52; 9
84; 0.0000; 0.0000; 0.0000; 0.0000; 0.3140;      0;      0;      0; 0.00; 0.00; 0.00; 0.00; 0.00; 0.00; 0.0000; 0.0000; 0.0000; 1.0000; 0.0000; 0.0000; 0.00; 0.00; 0.00; 0.00; 0.00; 0.00; 9.82; 0.05; 3.52; 9
85; 0.0000; 0.0000; 0.0000; 0.0000; 0.3140;      0;      0;      0; 0.00; 0.00; 0.00; 0.00; 0.00; 0.00; 0.0000; 0.0000; 0.0000; 1.0000; 0.0000; 0.0000; 0.00; 0.00; 0.00; 0.00; 0.00; 0.00; 9.82; 0.05; 3.52; 9
86; 0.0000; 0.0000; 0.0000; 0.0000; 0.3140;      0;      0;      0; 0.00; 0.00; 0.00; 0.00; 0.00; 0.00; 0.0000; 0.0000; 0.0000; 1.0000; 0.0000; 0.0000; 0.00; 0.00; 0.00; 0.00; 0.00; 0.00; 9.82; 0.05; 3.52; 9
87; 0.0000; 0.0000; 0.0000; 0.0000; 0.3140;      0;      0;      0; 0.00; 0.00; 0.00; 0.00; 0.00; 0.00; 0.0000; 0.0000; 0.0000; 1.0000; 0.0000; 0.0000; 0.00; 0.00; 0.00; 0.00; 0.00; 0.00; 9.82; 0.05; 3.52; 9
88; 0.0000; 0.0000; 0.0000; 0.0000; 0.3140;      0;      0;      0; 0.00; 0.00; 0.00; 0.00; 0.00; 0.00; 0.0000; 0.0000; 0.0000; 1.0000; 0.0000; 0.0000; 0.00; 0.00; 0.00; 0.00; 0.00; 0.00; 9.82; 0.05; 3.52; 9
89; 0.0000; 0.0000; 0.0000; 0.0000; 0.3140;      0;      0;      0; 0.00; 0.00; 0.00; 0.00; 0.00; 0.00; 0.0000; 0.0000; 0.0000; 1.0000; 0.0000; 0.0000; 0.00; 0.00; 0.00; 0.00; 0.00; 0.00; 9.82; 0.05; 3.52; 9
90; 0.0000; 0.0000; 0.0000; 0.0000; 0.3140;      0;      0;      0; 0.00; 0.00; 0.00; 0.00; 0.00; 0.00; 0.0000; 0.0000; 0.0000; 1.0000; 0.0000; 0.0000; 0.00; 0.00; 0.00; 0.00; 0.00; 0.00; 9.82; 0.05; 3.52; 9
91; 0.0000; 0.0000; 0.0000; 0.0000; 0.3140;      0;      0;      0; 0.00; 0.00; 0.00; 0.00; 0.00; 0.00; 0.0000; 0.0000; 0.0000; 1.0000; 0.0000; 0.0000; 0.00; 0.00; 0.00; 0.00; 0.00; 0.00; 9.82; 0.05; 3.52; 9
92; 0.0000; 0.0000; 0.0000; 0.0000; 0.3140;      0;      0;      0; 0.00; 0.00; 0.00; 0.00; 0.00; 0.00; 0.0000; 0.0000; 0.0000; 1.0000; 0.0000; 0.0000; 0.00; 0.00; 0.00; 0.00; 0.00; 0.00; 9.82; 0.05; 3.52; 9
93; 0.0000; 0.0000; 0.0000; 0.0000; 0.3140;      0;      0;      0; 0.00; 0.00; 0.00; 0.00; 0.00; 0.00; 0.0000; 0.0000; 0.0000; 1.0000; 0.0000; 0.0000; 0.00; 0.00; 0.00; 0.00; 0.00; 0.00; 9.82; 0.05; 3.52; 9
94; 0.0000; 0.0000; 0.0000; 0.0000; 0.3140;      0;      0;      0; 0.00; 0.00; 0.00; 0.00; 0.00; 0.00; 0.0000; 0.0000; 0.0000; 1.0000; 0.0000; 0.0000; 0.00; 0.00; 0.00; 0.00; 0.00; 0.00; 9.82; 0.05; 3.52; 9
95; 0.0000; 0.0000; 0.0000; 0.0000; 0.3140;      0;      0;      0; 0.00; 0.00; 0.00; 0.00; 0.00; 0.00; 0.0000; 0.0000; 0.0000; 1.0000; 0.0000; 0.0000; 0.00; 0.00; 0.00; 0.00; 0.00; 0.00; 9.82; 0.05; 3.52; 9
96; 0.0000; 0.0000; 0.0000; 0.0000; 0.3140;      0;      0;      0; 0.00; 0.00; 0.00; 0.00; 0.00; 0.00; 0.0000; 0.0000; 0.0000; 1.0000; 0.0000; 0.0000; 0.00; 0.00; 0.00; 0.00; 0.00; 0.00; 9.82; 0.05; 3.52; 9
97; 0.0000; 0.0000; 0.0000; 0.0000; 0.3140;      0;      0;      0; 0.00; 0.00; 0.00; 0.00; 0.00; 0.00; 0.0000; 0.0000; 0.0000; 1.0000; 0.0000; 0.0000; 0.00; 0.00; 0.00; 0.00; 0.00; 0.00; 9.82; 0.05; 3.52; 9
98; 0.0000; 0.0000; 0.0000; 0.0000; 0.3140;      0;      0;      0; 0.00; 0.00; 0.00; 0.00; 0.00; 0.00; 0.0000; 0.0000; 0.0000; 1.0000; 0.0000; 0.0000; 0.00; 0.00; 0.00; 0.00; 0.00; 0.00; 9.82; 0.05; 3.52; 9
99; 0.0000; 0.0000; 0.0000; 0.0000; 0.3140;      0;      0;      0; 0.00; 0.00; 0.00; 0.00; 0.00; 0.00; 0.0000; 0.0000; 0.0000; 1.0000; 0.0000; 0.0000; 0.00; 0.00; 0.00; 0.00; 0.00; 0.00; 9.82; 0.05; 3.52; 9
100; 0.0000; 0.0000; 0.0000; 0.0000; 0.3140;      0;      0;      0; 0.00; 0.00; 0.00; 0.00; 0.00; 0.00; 0.0000; 0.0000; 0.0000; 1.0000; 0.0000; 0.0000; 0.00; 0.00; 0.00; 0.00; 0.00; 0.00; 9.82; 0.05; 3.52; 9
