    Year (Census)
    Proportion of populations extant, SE
    Proportion of populations going extinct for the first time in year, SE
    Deterministic growth, Stochastic growth, SE, SD
    Mean population size (across extant populations), SE, SD
    Mean population size (across all populations), SE, SD
    Population-based model: No genetic data (12 skipped fields)



    Mean time to extinction, SE, SD
    Median time to extinction
Year;PExtant;SE(PExtant);PExtinct;SE(PExtinct);det-r;stoch-r;SE(r);SD(r);N-extant;SE(N-extant);SD(N-extant);N-all;SE(N-all);SD(N-all);GeneDiv;SE(GD);SD(GD);Inbreed;SE(Inbr);SD(Inbr);nAlleles;SE(nAlleles);SD(nAlleles);nLethals;SE(nLethals);SD(nLethals);TE;SE(TE);SD(TE);medianTE
Default Scenario
Population 1: Population1
0; 1.0000; 0.0000; 0.0000; 0.0000; 0.2495;      0;      0;      0; 3573.00; 0.00; 0.00; 3573.00; 0.00; 0.00; 0.0000; 0.0000; 0.0000; 1.0000; 0.0000; 0.0000; 0.00; 0.00; 0.00; 0.00; 0.00; 0.00; 0.00; 0.00; 0.00; 0
1; 1.0000; 0.0000; 0.0000; 0.0000; 0.2495; 0.2466; 0.0009; 0.0659; 3553.34; 4.85; 342.92; 3553.34; 4.85; 342.92; 0.0000; 0.0000; 0.0000; 1.0000; 0.0000; 0.0000; 0.00; 0.00; 0.00; 0.00; 0.00; 0.00; 0.00; 0.00; 0.00; 0
2; 1.0000; 0.0000; 0.0000; 0.0000; 0.2495; 0.0952; 0.0011; 0.0797; 3439.61; 4.77; 337.25; 3439.61; 4.77; 337.25; 0.0000; 0.0000; 0.0000; 1.0000; 0.0000; 0.0000; 0.00; 0.00; 0.00; 0.00; 0.00; 0.00; 0.00; 0.00; 0.00; 0
3; 1.0000; 0.0000; 0.0000; 0.0000; 0.2495; -0.0085; 0.0011; 0.0801; 3237.24; 5.08; 359.53; 3237.24; 5.08; 359.53; 0.0000; 0.0000; 0.0000; 1.0000; 0.0000; 0.0000; 0.00; 0.00; 0.00; 0.00; 0.00; 0.00; 0.00; 0.00; 0.00; 0
4; 1.0000; 0.0000; 0.0000; 0.0000; 0.2495; -0.0448; 0.0012; 0.0847; 3026.93; 5.88; 415.96; 3026.93; 5.88; 415.96; 0.0000; 0.0000; 0.0000; 1.0000; 0.0000; 0.0000; 0.00; 0.00; 0.00; 0.00; 0.00; 0.00; 0.00; 0.00; 0.00; 0
5; 1.0000; 0.0000; 0.0000; 0.0000; 0.2495; -0.0103; 0.0014; 0.0973; 2946.38; 6.99; 494.26; 2946.38; 6.99; 494.26; 0.0000; 0.0000; 0.0000; 1.0000; 0.0000; 0.0000; 0.00; 0.00; 0.00; 0.00; 0.00; 0.00; 0.00; 0.00; 0.00; 0
6; 0.9998; 0.0002; 0.0002; 0.0002; 0.2495; -0.0399; 0.0016; 0.1097; 2808.68; 8.26; 584.28; 2808.12; 8.28; 585.57; 0.0000; 0.0000; 0.0000; 1.0000; 0.0000; 0.0000; 0.00; 0.00; 0.00; 0.00; 0.00; 0.00; 6.00; 0.00; 0.00; 0
7; 0.9996; 0.0003; 0.0002; 0.0002; 0.2495; -0.1005; 0.0024; 0.1668; 2590.13; 10.04; 709.61; 2589.09; 10.06; 711.36; 0.0000; 0.0000; 0.0000; 1.0000; 0.0000; 0.0000; 0.00; 0.00; 0.00; 0.00; 0.00; 0.00; 6.50; 0.50; 0.71; 0
8; 0.9950; 0.0010; 0.0046; 0.0010; 0.2495; -0.1352; 0.0037; 0.2576; 2393.24; 11.90; 839.54; 2381.27; 12.08; 854.28; 0.0000; 0.0000; 0.0000; 1.0000; 0.0000; 0.0000; 0.00; 0.00; 0.00; 0.00; 0.00; 0.00; 7.88; 0.09; 0.44; 0
9; 0.9808; 0.0019; 0.0142; 0.0017; 0.2495; -0.1838; 0.0045; 0.3122; 2203.86; 13.50; 945.49; 2161.55; 13.92; 984.00; 0.0000; 0.0000; 0.0000; 1.0000; 0.0000; 0.0000; 0.00; 0.00; 0.00; 0.00; 0.00; 0.00; 8.71; 0.06; 0.54; 0
10; 0.9488; 0.0031; 0.0320; 0.0025; 0.2495; -0.2769; 0.0059; 0.4098; 1992.86; 14.79; 1018.55; 1890.83; 15.34; 1085.02; 0.0000; 0.0000; 0.0000; 1.0000; 0.0000; 0.0000; 0.00; 0.00; 0.00; 0.00; 0.00; 0.00; 9.52; 0.04; 0.71; 0
11; 0.8816; 0.0046; 0.0672; 0.0035; 0.2495; -0.3543; 0.0078; 0.5158; 1840.56; 15.94; 1058.33; 1622.64; 16.38; 1158.06; 0.0000; 0.0000; 0.0000; 1.0000; 0.0000; 0.0000; 0.00; 0.00; 0.00; 0.00; 0.00; 0.00; 10.36; 0.04; 0.87; 0
12; 0.7980; 0.0057; 0.0836; 0.0039; 0.2495; -0.3927; 0.0087; 0.5484; 1731.17; 17.11; 1080.65; 1381.48; 16.82; 1189.56; 0.0000; 0.0000; 0.0000; 1.0000; 0.0000; 0.0000; 0.00; 0.00; 0.00; 0.00; 0.00; 0.00; 11.04; 0.03; 1.05; 0
13; 0.7030; 0.0065; 0.0950; 0.0041; 0.2495; -0.4313; 0.0093; 0.5526; 1642.03; 18.32; 1085.87; 1154.35; 16.68; 1179.79; 0.0000; 0.0000; 0.0000; 1.0000; 0.0000; 0.0000; 0.00; 0.00; 0.00; 0.00; 0.00; 0.00; 11.67; 0.03; 1.26; 0
14; 0.6038; 0.0069; 0.0992; 0.0042; 0.2495; -0.4749; 0.0107; 0.5869; 1570.98; 19.77; 1086.44; 948.56; 16.14; 1141.55; 0.0000; 0.0000; 0.0000; 1.0000; 0.0000; 0.0000; 0.00; 0.00; 0.00; 0.00; 0.00; 0.00; 12.25; 0.03; 1.49; 0
15; 0.5054; 0.0071; 0.0984; 0.0042; 0.2495; -0.4950; 0.0126; 0.6311; 1535.17; 21.53; 1082.38; 775.88; 15.37; 1086.84; 0.0000; 0.0000; 0.0000; 1.0000; 0.0000; 0.0000; 0.00; 0.00; 0.00; 0.00; 0.00; 0.00; 12.80; 0.03; 1.73; 0
16; 0.4270; 0.0070; 0.0784; 0.0038; 0.2495; -0.5066; 0.0127; 0.5845; 1473.05; 23.45; 1083.45; 628.99; 14.37; 1015.93; 0.0000; 0.0000; 0.0000; 1.0000; 0.0000; 0.0000; 0.00; 0.00; 0.00; 0.00; 0.00; 0.00; 13.24; 0.04; 1.94; 16
17; 0.3484; 0.0067; 0.0786; 0.0038; 0.2495; -0.5309; 0.0147; 0.6115; 1451.66; 26.08; 1088.62; 505.76; 13.35; 944.05; 0.0000; 0.0000; 0.0000; 1.0000; 0.0000; 0.0000; 0.00; 0.00; 0.00; 0.00; 0.00; 0.00; 13.69; 0.04; 2.20; 16
18; 0.2854; 0.0064; 0.0630; 0.0034; 0.2495; -0.5694; 0.0175; 0.6594; 1421.01; 28.94; 1093.20; 405.56; 12.27; 867.65; 0.0000; 0.0000; 0.0000; 1.0000; 0.0000; 0.0000; 0.00; 0.00; 0.00; 0.00; 0.00; 0.00; 14.07; 0.04; 2.43; 16
19; 0.2258; 0.0059; 0.0596; 0.0033; 0.2495; -0.5346; 0.0189; 0.6356; 1447.37; 32.19; 1081.69; 326.82; 11.23; 793.92; 0.0000; 0.0000; 0.0000; 1.0000; 0.0000; 0.0000; 0.00; 0.00; 0.00; 0.00; 0.00; 0.00; 14.45; 0.04; 2.68; 16
20; 0.1826; 0.0055; 0.0432; 0.0029; 0.2495; -0.5433; 0.0220; 0.6656; 1435.14; 35.47; 1071.78; 262.06; 10.17; 719.06; 0.0000; 0.0000; 0.0000; 1.0000; 0.0000; 0.0000; 0.00; 0.00; 0.00; 0.00; 0.00; 0.00; 14.74; 0.05; 2.89; 16
21; 0.1484; 0.0050; 0.0342; 0.0026; 0.2495; -0.5569; 0.0239; 0.6520; 1396.98; 39.42; 1073.73; 207.31; 9.14; 646.20; 0.0000; 0.0000; 0.0000; 1.0000; 0.0000; 0.0000; 0.00; 0.00; 0.00; 0.00; 0.00; 0.00; 14.99; 0.05; 3.08; 16
22; 0.1194; 0.0046; 0.0290; 0.0024; 0.2495; -0.5704; 0.0262; 0.6410; 1371.11; 44.44; 1085.83; 163.71; 8.23; 581.61; 0.0000; 0.0000; 0.0000; 1.0000; 0.0000; 0.0000; 0.00; 0.00; 0.00; 0.00; 0.00; 0.00; 15.22; 0.05; 3.28; 16
23; 0.0956; 0.0042; 0.0238; 0.0022; 0.2495; -0.5944; 0.0302; 0.6593; 1355.95; 50.02; 1093.54; 129.63; 7.39; 522.59; 0.0000; 0.0000; 0.0000; 1.0000; 0.0000; 0.0000; 0.00; 0.00; 0.00; 0.00; 0.00; 0.00; 15.43; 0.05; 3.47; 16
24; 0.0744; 0.0037; 0.0212; 0.0020; 0.2495; -0.5733; 0.0330; 0.6367; 1388.73; 56.25; 1085.00; 103.32; 6.64; 469.26; 0.0000; 0.0000; 0.0000; 1.0000; 0.0000; 0.0000; 0.00; 0.00; 0.00; 0.00; 0.00; 0.00; 15.63; 0.05; 3.66; 16
25; 0.0576; 0.0033; 0.0168; 0.0018; 0.2495; -0.5132; 0.0337; 0.5723; 1440.09; 63.04; 1069.88; 82.95; 5.97; 422.27; 0.0000; 0.0000; 0.0000; 1.0000; 0.0000; 0.0000; 0.00; 0.00; 0.00; 0.00; 0.00; 0.00; 15.79; 0.06; 3.83; 16
26; 0.0458; 0.0030; 0.0118; 0.0015; 0.2495; -0.4798; 0.0336; 0.5080; 1446.87; 69.91; 1057.92; 66.27; 5.34; 377.56; 0.0000; 0.0000; 0.0000; 1.0000; 0.0000; 0.0000; 0.00; 0.00; 0.00; 0.00; 0.00; 0.00; 15.92; 0.06; 3.97; 16
27; 0.0382; 0.0027; 0.0076; 0.0012; 0.2495; -0.5725; 0.0464; 0.6414; 1357.47; 77.46; 1070.54; 51.86; 4.72; 333.58; 0.0000; 0.0000; 0.0000; 1.0000; 0.0000; 0.0000; 0.00; 0.00; 0.00; 0.00; 0.00; 0.00; 16.01; 0.06; 4.08; 16
28; 0.0304; 0.0024; 0.0078; 0.0012; 0.2495; -0.5707; 0.0475; 0.5857; 1333.59; 87.73; 1081.58; 40.54; 4.19; 296.26; 0.0000; 0.0000; 0.0000; 1.0000; 0.0000; 0.0000; 0.00; 0.00; 0.00; 0.00; 0.00; 0.00; 16.10; 0.06; 4.20; 16
29; 0.0240; 0.0022; 0.0064; 0.0011; 0.2495; -0.6197; 0.0652; 0.7141; 1348.06; 101.23; 1108.90; 32.35; 3.79; 268.04; 0.0000; 0.0000; 0.0000; 1.0000; 0.0000; 0.0000; 0.00; 0.00; 0.00; 0.00; 0.00; 0.00; 16.19; 0.06; 4.31; 16
30; 0.0178; 0.0019; 0.0062; 0.0011; 0.2495; -0.5440; 0.0751; 0.7088; 1471.48; 117.37; 1107.29; 26.19; 3.45; 243.82; 0.0000; 0.0000; 0.0000; 1.0000; 0.0000; 0.0000; 0.00; 0.00; 0.00; 0.00; 0.00; 0.00; 16.27; 0.06; 4.44; 16
31; 0.0144; 0.0017; 0.0034; 0.0008; 0.2495; -0.5158; 0.0666; 0.5648; 1484.93; 131.61; 1116.71; 21.38; 3.13; 221.39; 0.0000; 0.0000; 0.0000; 1.0000; 0.0000; 0.0000; 0.00; 0.00; 0.00; 0.00; 0.00; 0.00; 16.33; 0.06; 4.51; 16
32; 0.0114; 0.0015; 0.0030; 0.0008; 0.2495; -0.5048; 0.0834; 0.6296; 1544.09; 143.97; 1086.97; 17.60; 2.83; 200.28; 0.0000; 0.0000; 0.0000; 1.0000; 0.0000; 0.0000; 0.00; 0.00; 0.00; 0.00; 0.00; 0.00; 16.37; 0.07; 4.59; 16
33; 0.0094; 0.0014; 0.0020; 0.0006; 0.2495; -0.4563; 0.0860; 0.5893; 1544.13; 150.83; 1034.06; 14.51; 2.53; 179.01; 0.0000; 0.0000; 0.0000; 1.0000; 0.0000; 0.0000; 0.00; 0.00; 0.00; 0.00; 0.00; 0.00; 16.41; 0.07; 4.64; 16
34; 0.0082; 0.0013; 0.0012; 0.0005; 0.2495; -0.4977; 0.0923; 0.5913; 1455.76; 165.78; 1061.49; 11.94; 2.29; 162.03; 0.0000; 0.0000; 0.0000; 1.0000; 0.0000; 0.0000; 0.00; 0.00; 0.00; 0.00; 0.00; 0.00; 16.43; 0.07; 4.68; 16
35; 0.0068; 0.0012; 0.0014; 0.0005; 0.2495; -0.5467; 0.1164; 0.6789; 1403.32; 182.59; 1064.65; 9.54; 2.04; 144.17; 0.0000; 0.0000; 0.0000; 1.0000; 0.0000; 0.0000; 0.00; 0.00; 0.00; 0.00; 0.00; 0.00; 16.45; 0.07; 4.73; 16
36; 0.0056; 0.0011; 0.0012; 0.0005; 0.2495; -0.5307; 0.0942; 0.4982; 1323.29; 200.08; 1058.72; 7.41; 1.78; 125.73; 0.0000; 0.0000; 0.0000; 1.0000; 0.0000; 0.0000; 0.00; 0.00; 0.00; 0.00; 0.00; 0.00; 16.48; 0.07; 4.77; 16
37; 0.0044; 0.0009; 0.0012; 0.0005; 0.2495; -0.6031; 0.1494; 0.7008; 1292.41; 232.82; 1092.04; 5.69; 1.57; 111.03; 0.0000; 0.0000; 0.0000; 1.0000; 0.0000; 0.0000; 0.00; 0.00; 0.00; 0.00; 0.00; 0.00; 16.50; 0.07; 4.82; 16
38; 0.0036; 0.0008; 0.0008; 0.0004; 0.2495; -0.6335; 0.1322; 0.5610; 1186.83; 278.18; 1180.20; 4.27; 1.40; 98.95; 0.0000; 0.0000; 0.0000; 1.0000; 0.0000; 0.0000; 0.00; 0.00; 0.00; 0.00; 0.00; 0.00; 16.52; 0.07; 4.86; 16
39; 0.0028; 0.0007; 0.0008; 0.0004; 0.2495; -0.6984; 0.1282; 0.4797; 1078.79; 318.24; 1190.76; 3.02; 1.18; 83.29; 0.0000; 0.0000; 0.0000; 1.0000; 0.0000; 0.0000; 0.00; 0.00; 0.00; 0.00; 0.00; 0.00; 16.54; 0.07; 4.90; 16
40; 0.0018; 0.0006; 0.0010; 0.0004; 0.2495; -0.8168; 0.3099; 0.9296; 1322.89; 466.75; 1400.24; 2.38; 1.12; 79.26; 0.0000; 0.0000; 0.0000; 1.0000; 0.0000; 0.0000; 0.00; 0.00; 0.00; 0.00; 0.00; 0.00; 16.56; 0.07; 4.95; 16
41; 0.0012; 0.0005; 0.0006; 0.0003; 0.2495; -0.4782; 0.2699; 0.6611; 1643.50; 532.94; 1305.44; 1.97; 0.99; 70.30; 0.0000; 0.0000; 0.0000; 1.0000; 0.0000; 0.0000; 0.00; 0.00; 0.00; 0.00; 0.00; 0.00; 16.58; 0.07; 4.99; 16
42; 0.0008; 0.0004; 0.0004; 0.0003; 0.2495; -0.1837; 0.1438; 0.2876; 2161.25; 495.88; 991.77; 1.73; 0.93; 65.76; 0.0000; 0.0000; 0.0000; 1.0000; 0.0000; 0.0000; 0.00; 0.00; 0.00; 0.00; 0.00; 0.00; 16.59; 0.07; 5.01; 16
43; 0.0008; 0.0004; 0.0000; 0.0000; 0.2495; -0.3528; 0.2963; 0.5926; 1939.00; 646.22; 1292.44; 1.55; 0.90; 63.31; 0.0000; 0.0000; 0.0000; 1.0000; 0.0000; 0.0000; 0.00; 0.00; 0.00; 0.00; 0.00; 0.00; 16.59; 0.07; 5.01; 16
44; 0.0006; 0.0003; 0.0002; 0.0002; 0.2495; -0.0691; 0.0694; 0.1202; 2410.33; 602.46; 1043.48; 1.45; 0.89; 62.61; 0.0000; 0.0000; 0.0000; 1.0000; 0.0000; 0.0000; 0.00; 0.00; 0.00; 0.00; 0.00; 0.00; 16.59; 0.07; 5.03; 16
45; 0.0006; 0.0003; 0.0000; 0.0000; 0.2495; -0.1889; 0.1316; 0.2280; 2164.33; 841.26; 1457.10; 1.30; 0.86; 60.49; 0.0000; 0.0000; 0.0000; 1.0000; 0.0000; 0.0000; 0.00; 0.00; 0.00; 0.00; 0.00; 0.00; 16.59; 0.07; 5.03; 16
46; 0.0006; 0.0003; 0.0000; 0.0000; 0.2495; -0.3000; 0.1420; 0.2460; 1793.33; 938.29; 1625.17; 1.08; 0.77; 54.64; 0.0000; 0.0000; 0.0000; 1.0000; 0.0000; 0.0000; 0.00; 0.00; 0.00; 0.00; 0.00; 0.00; 16.59; 0.07; 5.03; 16
47; 0.0006; 0.0003; 0.0000; 0.0000; 0.2495; -0.5692; 0.3101; 0.5371; 1487.33; 1132.94; 1962.32; 0.89; 0.76; 53.55; 0.0000; 0.0000; 0.0000; 1.0000; 0.0000; 0.0000; 0.00; 0.00; 0.00; 0.00; 0.00; 0.00; 16.59; 0.07; 5.03; 16
48; 0.0006; 0.0003; 0.0000; 0.0000; 0.2495; -1.0746; 0.5616; 0.9728; 1341.00; 1272.00; 2203.17; 0.80; 0.78; 54.96; 0.0000; 0.0000; 0.0000; 1.0000; 0.0000; 0.0000; 0.00; 0.00; 0.00; 0.00; 0.00; 0.00; 16.59; 0.07; 5.03; 16
49; 0.0002; 0.0002; 0.0004; 0.0003; 0.2495; -0.0103; 0.0001; 0.0001; 3633.00; 0.00; 0.00; 0.73; 0.73; 51.38; 0.0000; 0.0000; 0.0000; 1.0000; 0.0000; 0.0000; 0.00; 0.00; 0.00; 0.00; 0.00; 0.00; 16.60; 0.07; 5.07; 16
50; 0.0002; 0.0002; 0.0000; 0.0000; 0.2495; 0.0804; 0.0065; 0.0065; 3937.00; 0.00; 0.00; 0.79; 0.79; 55.68; 0.0000; 0.0000; 0.0000; 1.0000; 0.0000; 0.0000; 0.00; 0.00; 0.00; 0.00; 0.00; 0.00; 16.60; 0.07; 5.07; 16
51; 0.0002; 0.0002; 0.0000; 0.0000; 0.2495; -0.0990; 0.0098; 0.0098; 3537.00; 0.00; 0.00; 0.71; 0.71; 50.02; 0.0000; 0.0000; 0.0000; 1.0000; 0.0000; 0.0000; 0.00; 0.00; 0.00; 0.00; 0.00; 0.00; 16.60; 0.07; 5.07; 16
52; 0.0002; 0.0002; 0.0000; 0.0000; 0.2495; 0.0972; 0.0094; 0.0094; 3347.00; 0.00; 0.00; 0.67; 0.67; 47.33; 0.0000; 0.0000; 0.0000; 1.0000; 0.0000; 0.0000; 0.00; 0.00; 0.00; 0.00; 0.00; 0.00; 16.60; 0.07; 5.07; 16
53; 0.0002; 0.0002; 0.0000; 0.0000; 0.2495; 0.0436; 0.0019; 0.0019; 3496.00; 0.00; 0.00; 0.70; 0.70; 49.44; 0.0000; 0.0000; 0.0000; 1.0000; 0.0000; 0.0000; 0.00; 0.00; 0.00; 0.00; 0.00; 0.00; 16.60; 0.07; 5.07; 16
54; 0.0002; 0.0002; 0.0000; 0.0000; 0.2495; -0.1064; 0.0113; 0.0113; 3143.00; 0.00; 0.00; 0.63; 0.63; 44.45; 0.0000; 0.0000; 0.0000; 1.0000; 0.0000; 0.0000; 0.00; 0.00; 0.00; 0.00; 0.00; 0.00; 16.60; 0.07; 5.07; 16
55; 0.0002; 0.0002; 0.0000; 0.0000; 0.2495; 0.0563; 0.0032; 0.0032; 3325.00; 0.00; 0.00; 0.67; 0.67; 47.02; 0.0000; 0.0000; 0.0000; 1.0000; 0.0000; 0.0000; 0.00; 0.00; 0.00; 0.00; 0.00; 0.00; 16.60; 0.07; 5.07; 16
56; 0.0002; 0.0002; 0.0000; 0.0000; 0.2495; -0.0576; 0.0033; 0.0033; 3139.00; 0.00; 0.00; 0.63; 0.63; 44.39; 0.0000; 0.0000; 0.0000; 1.0000; 0.0000; 0.0000; 0.00; 0.00; 0.00; 0.00; 0.00; 0.00; 16.60; 0.07; 5.07; 16
57; 0.0002; 0.0002; 0.0000; 0.0000; 0.2495; 0.0837; 0.0070; 0.0070; 3413.00; 0.00; 0.00; 0.68; 0.68; 48.27; 0.0000; 0.0000; 0.0000; 1.0000; 0.0000; 0.0000; 0.00; 0.00; 0.00; 0.00; 0.00; 0.00; 16.60; 0.07; 5.07; 16
58; 0.0002; 0.0002; 0.0000; 0.0000; 0.2495; 0.0272; 0.0007; 0.0007; 3272.00; 0.00; 0.00; 0.65; 0.65; 46.27; 0.0000; 0.0000; 0.0000; 1.0000; 0.0000; 0.0000; 0.00; 0.00; 0.00; 0.00; 0.00; 0.00; 16.60; 0.07; 5.07; 16
59; 0.0002; 0.0002; 0.0000; 0.0000; 0.2495; -0.0095; 0.0001; 0.0001; 3241.00; 0.00; 0.00; 0.65; 0.65; 45.83; 0.0000; 0.0000; 0.0000; 1.0000; 0.0000; 0.0000; 0.00; 0.00; 0.00; 0.00; 0.00; 0.00; 16.60; 0.07; 5.07; 16
60; 0.0002; 0.0002; 0.0000; 0.0000; 0.2495; 0.0622; 0.0039; 0.0039; 3449.00; 0.00; 0.00; 0.69; 0.69; 48.78; 0.0000; 0.0000; 0.0000; 1.0000; 0.0000; 0.0000; 0.00; 0.00; 0.00; 0.00; 0.00; 0.00; 16.60; 0.07; 5.07; 16
61; 0.0002; 0.0002; 0.0000; 0.0000; 0.2495; 0.0697; 0.0049; 0.0049; 3088.00; 0.00; 0.00; 0.62; 0.62; 43.67; 0.0000; 0.0000; 0.0000; 1.0000; 0.0000; 0.0000; 0.00; 0.00; 0.00; 0.00; 0.00; 0.00; 16.60; 0.07; 5.07; 16
62; 0.0002; 0.0002; 0.0000; 0.0000; 0.2495; 0.0880; 0.0077; 0.0077; 3372.00; 0.00; 0.00; 0.67; 0.67; 47.69; 0.0000; 0.0000; 0.0000; 1.0000; 0.0000; 0.0000; 0.00; 0.00; 0.00; 0.00; 0.00; 0.00; 16.60; 0.07; 5.07; 16
63; 0.0002; 0.0002; 0.0000; 0.0000; 0.2495; 0.0407; 0.0017; 0.0017; 3512.00; 0.00; 0.00; 0.70; 0.70; 49.67; 0.0000; 0.0000; 0.0000; 1.0000; 0.0000; 0.0000; 0.00; 0.00; 0.00; 0.00; 0.00; 0.00; 16.60; 0.07; 5.07; 16
64; 0.0002; 0.0002; 0.0000; 0.0000; 0.2495; -0.2089; 0.0436; 0.0436; 2850.00; 0.00; 0.00; 0.57; 0.57; 40.31; 0.0000; 0.0000; 0.0000; 1.0000; 0.0000; 0.0000; 0.00; 0.00; 0.00; 0.00; 0.00; 0.00; 16.60; 0.07; 5.07; 16
65; 0.0002; 0.0002; 0.0000; 0.0000; 0.2495; 0.0698; 0.0049; 0.0049; 3056.00; 0.00; 0.00; 0.61; 0.61; 43.22; 0.0000; 0.0000; 0.0000; 1.0000; 0.0000; 0.0000; 0.00; 0.00; 0.00; 0.00; 0.00; 0.00; 16.60; 0.07; 5.07; 16
66; 0.0002; 0.0002; 0.0000; 0.0000; 0.2495; 0.1233; 0.0152; 0.0152; 3457.00; 0.00; 0.00; 0.69; 0.69; 48.89; 0.0000; 0.0000; 0.0000; 1.0000; 0.0000; 0.0000; 0.00; 0.00; 0.00; 0.00; 0.00; 0.00; 16.60; 0.07; 5.07; 16
67; 0.0002; 0.0002; 0.0000; 0.0000; 0.2495; -0.0895; 0.0080; 0.0080; 2860.00; 0.00; 0.00; 0.57; 0.57; 40.45; 0.0000; 0.0000; 0.0000; 1.0000; 0.0000; 0.0000; 0.00; 0.00; 0.00; 0.00; 0.00; 0.00; 16.60; 0.07; 5.07; 16
68; 0.0002; 0.0002; 0.0000; 0.0000; 0.2495; 0.0245; 0.0006; 0.0006; 2931.00; 0.00; 0.00; 0.59; 0.59; 41.45; 0.0000; 0.0000; 0.0000; 1.0000; 0.0000; 0.0000; 0.00; 0.00; 0.00; 0.00; 0.00; 0.00; 16.60; 0.07; 5.07; 16
69; 0.0002; 0.0002; 0.0000; 0.0000; 0.2495; -0.0273; 0.0007; 0.0007; 2852.00; 0.00; 0.00; 0.57; 0.57; 40.33; 0.0000; 0.0000; 0.0000; 1.0000; 0.0000; 0.0000; 0.00; 0.00; 0.00; 0.00; 0.00; 0.00; 16.60; 0.07; 5.07; 16
70; 0.0002; 0.0002; 0.0000; 0.0000; 0.2495; -0.0648; 0.0042; 0.0042; 2673.00; 0.00; 0.00; 0.53; 0.53; 37.80; 0.0000; 0.0000; 0.0000; 1.0000; 0.0000; 0.0000; 0.00; 0.00; 0.00; 0.00; 0.00; 0.00; 16.60; 0.07; 5.07; 16
71; 0.0002; 0.0002; 0.0000; 0.0000; 0.2495; 0.0439; 0.0019; 0.0019; 2793.00; 0.00; 0.00; 0.56; 0.56; 39.50; 0.0000; 0.0000; 0.0000; 1.0000; 0.0000; 0.0000; 0.00; 0.00; 0.00; 0.00; 0.00; 0.00; 16.60; 0.07; 5.07; 16
72; 0.0002; 0.0002; 0.0000; 0.0000; 0.2495; -0.0993; 0.0099; 0.0099; 2529.00; 0.00; 0.00; 0.51; 0.51; 35.77; 0.0000; 0.0000; 0.0000; 1.0000; 0.0000; 0.0000; 0.00; 0.00; 0.00; 0.00; 0.00; 0.00; 16.60; 0.07; 5.07; 16
73; 0.0002; 0.0002; 0.0000; 0.0000; 0.2495; 0.0130; 0.0002; 0.0002; 2562.00; 0.00; 0.00; 0.51; 0.51; 36.23; 0.0000; 0.0000; 0.0000; 1.0000; 0.0000; 0.0000; 0.00; 0.00; 0.00; 0.00; 0.00; 0.00; 16.60; 0.07; 5.07; 16
74; 0.0002; 0.0002; 0.0000; 0.0000; 0.2495; -0.0720; 0.0052; 0.0052; 2384.00; 0.00; 0.00; 0.48; 0.48; 33.71; 0.0000; 0.0000; 0.0000; 1.0000; 0.0000; 0.0000; 0.00; 0.00; 0.00; 0.00; 0.00; 0.00; 16.60; 0.07; 5.07; 16
75; 0.0002; 0.0002; 0.0000; 0.0000; 0.2495; -0.1657; 0.0275; 0.0275; 2020.00; 0.00; 0.00; 0.40; 0.40; 28.57; 0.0000; 0.0000; 0.0000; 1.0000; 0.0000; 0.0000; 0.00; 0.00; 0.00; 0.00; 0.00; 0.00; 16.60; 0.07; 5.07; 16
76; 0.0002; 0.0002; 0.0000; 0.0000; 0.2495; -0.1831; 0.0335; 0.0335; 1682.00; 0.00; 0.00; 0.34; 0.34; 23.79; 0.0000; 0.0000; 0.0000; 1.0000; 0.0000; 0.0000; 0.00; 0.00; 0.00; 0.00; 0.00; 0.00; 16.60; 0.07; 5.07; 16
77; 0.0002; 0.0002; 0.0000; 0.0000; 0.2495; -0.1672; 0.0280; 0.0280; 1423.00; 0.00; 0.00; 0.28; 0.28; 20.12; 0.0000; 0.0000; 0.0000; 1.0000; 0.0000; 0.0000; 0.00; 0.00; 0.00; 0.00; 0.00; 0.00; 16.60; 0.07; 5.07; 16
78; 0.0002; 0.0002; 0.0000; 0.0000; 0.2495; -0.4570; 0.2089; 0.2089; 901.00; 0.00; 0.00; 0.18; 0.18; 12.74; 0.0000; 0.0000; 0.0000; 1.0000; 0.0000; 0.0000; 0.00; 0.00; 0.00; 0.00; 0.00; 0.00; 16.60; 0.07; 5.07; 16
79; 0.0002; 0.0002; 0.0000; 0.0000; 0.2495; -0.8739; 0.7637; 0.7637; 376.00; 0.00; 0.00; 0.08; 0.08; 5.32; 0.0000; 0.0000; 0.0000; 1.0000; 0.0000; 0.0000; 0.00; 0.00; 0.00; 0.00; 0.00; 0.00; 16.60; 0.07; 5.07; 16
80; 0.0002; 0.0002; 0.0000; 0.0000; 0.2495; -1.4869; 2.2110; 2.2110; 85.00; 0.00; 0.00; 0.02; 0.02; 1.20; 0.0000; 0.0000; 0.0000; 1.0000; 0.0000; 0.0000; 0.00; 0.00; 0.00; 0.00; 0.00; 0.00; 16.60; 0.07; 5.07; 16
81; 0.0000; 0.0000; 0.0002; 0.0002; 0.2495;      0;      0;      0; 0.00; 0.00; 0.00; 0.00; 0.00; 0.00; 0.0000; 0.0000; 0.0000; 1.0000; 0.0000; 0.0000; 0.00; 0.00; 0.00; 0.00; 0.00; 0.00; 16.62; 0.07; 5.15; 16
82; 0.0000; 0.0000; 0.0000; 0.0000; 0.2495;      0;      0;      0; 0.00; 0.00; 0.00; 0.00; 0.00; 0.00; 0.0000; 0.0000; 0.0000; 1.0000; 0.0000; 0.0000; 0.00; 0.00; 0.00; 0.00; 0.00; 0.00; 16.62; 0.07; 5.15; 16
83; 0.0000; 0.0000; 0.0000; 0.0000; 0.2495;      0;      0;      0; 0.00; 0.00; 0.00; 0.00; 0.00; 0.00; 0.0000; 0.0000; 0.0000; 1.0000; 0.0000; 0.0000; 0.00; 0.00; 0.00; 0.00; 0.00; 0.00; 16.62; 0.07; 5.15; 16
84; 0.0000; 0.0000; 0.0000; 0.0000; 0.2495;      0;      0;      0; 0.00; 0.00; 0.00; 0.00; 0.00; 0.00; 0.0000; 0.0000; 0.0000; 1.0000; 0.0000; 0.0000; 0.00; 0.00; 0.00; 0.00; 0.00; 0.00; 16.62; 0.07; 5.15; 16
85; 0.0000; 0.0000; 0.0000; 0.0000; 0.2495;      0;      0;      0; 0.00; 0.00; 0.00; 0.00; 0.00; 0.00; 0.0000; 0.0000; 0.0000; 1.0000; 0.0000; 0.0000; 0.00; 0.00; 0.00; 0.00; 0.00; 0.00; 16.62; 0.07; 5.15; 16
86; 0.0000; 0.0000; 0.0000; 0.0000; 0.2495;      0;      0;      0; 0.00; 0.00; 0.00; 0.00; 0.00; 0.00; 0.0000; 0.0000; 0.0000; 1.0000; 0.0000; 0.0000; 0.00; 0.00; 0.00; 0.00; 0.00; 0.00; 16.62; 0.07; 5.15; 16
87; 0.0000; 0.0000; 0.0000; 0.0000; 0.2495;      0;      0;      0; 0.00; 0.00; 0.00; 0.00; 0.00; 0.00; 0.0000; 0.0000; 0.0000; 1.0000; 0.0000; 0.0000; 0.00; 0.00; 0.00; 0.00; 0.00; 0.00; 16.62; 0.07; 5.15; 16
88; 0.0000; 0.0000; 0.0000; 0.0000; 0.2495;      0;      0;      0; 0.00; 0.00; 0.00; 0.00; 0.00; 0.00; 0.0000; 0.0000; 0.0000; 1.0000; 0.0000; 0.0000; 0.00; 0.00; 0.00; 0.00; 0.00; 0.00; 16.62; 0.07; 5.15; 16
89; 0.0000; 0.0000; 0.0000; 0.0000; 0.2495;      0;      0;      0; 0.00; 0.00; 0.00; 0.00; 0.00; 0.00; 0.0000; 0.0000; 0.0000; 1.0000; 0.0000; 0.0000; 0.00; 0.00; 0.00; 0.00; 0.00; 0.00; 16.62; 0.07; 5.15; 16
90; 0.0000; 0.0000; 0.0000; 0.0000; 0.2495;      0;      0;      0; 0.00; 0.00; 0.00; 0.00; 0.00; 0.00; 0.0000; 0.0000; 0.0000; 1.0000; 0.0000; 0.0000; 0.00; 0.00; 0.00; 0.00; 0.00; 0.00; 16.62; 0.07; 5.15; 16
91; 0.0000; 0.0000; 0.0000; 0.0000; 0.2495;      0;      0;      0; 0.00; 0.00; 0.00; 0.00; 0.00; 0.00; 0.0000; 0.0000; 0.0000; 1.0000; 0.0000; 0.0000; 0.00; 0.00; 0.00; 0.00; 0.00; 0.00; 16.62; 0.07; 5.15; 16
92; 0.0000; 0.0000; 0.0000; 0.0000; 0.2495;      0;      0;      0; 0.00; 0.00; 0.00; 0.00; 0.00; 0.00; 0.0000; 0.0000; 0.0000; 1.0000; 0.0000; 0.0000; 0.00; 0.00; 0.00; 0.00; 0.00; 0.00; 16.62; 0.07; 5.15; 16
93; 0.0000; 0.0000; 0.0000; 0.0000; 0.2495;      0;      0;      0; 0.00; 0.00; 0.00; 0.00; 0.00; 0.00; 0.0000; 0.0000; 0.0000; 1.0000; 0.0000; 0.0000; 0.00; 0.00; 0.00; 0.00; 0.00; 0.00; 16.62; 0.07; 5.15; 16
94; 0.0000; 0.0000; 0.0000; 0.0000; 0.2495;      0;      0;      0; 0.00; 0.00; 0.00; 0.00; 0.00; 0.00; 0.0000; 0.0000; 0.0000; 1.0000; 0.0000; 0.0000; 0.00; 0.00; 0.00; 0.00; 0.00; 0.00; 16.62; 0.07; 5.15; 16
95; 0.0000; 0.0000; 0.0000; 0.0000; 0.2495;      0;      0;      0; 0.00; 0.00; 0.00; 0.00; 0.00; 0.00; 0.0000; 0.0000; 0.0000; 1.0000; 0.0000; 0.0000; 0.00; 0.00; 0.00; 0.00; 0.00; 0.00; 16.62; 0.07; 5.15; 16
96; 0.0000; 0.0000; 0.0000; 0.0000; 0.2495;      0;      0;      0; 0.00; 0.00; 0.00; 0.00; 0.00; 0.00; 0.0000; 0.0000; 0.0000; 1.0000; 0.0000; 0.0000; 0.00; 0.00; 0.00; 0.00; 0.00; 0.00; 16.62; 0.07; 5.15; 16
97; 0.0000; 0.0000; 0.0000; 0.0000; 0.2495;      0;      0;      0; 0.00; 0.00; 0.00; 0.00; 0.00; 0.00; 0.0000; 0.0000; 0.0000; 1.0000; 0.0000; 0.0000; 0.00; 0.00; 0.00; 0.00; 0.00; 0.00; 16.62; 0.07; 5.15; 16
98; 0.0000; 0.0000; 0.0000; 0.0000; 0.2495;      0;      0;      0; 0.00; 0.00; 0.00; 0.00; 0.00; 0.00; 0.0000; 0.0000; 0.0000; 1.0000; 0.0000; 0.0000; 0.00; 0.00; 0.00; 0.00; 0.00; 0.00; 16.62; 0.07; 5.15; 16
99; 0.0000; 0.0000; 0.0000; 0.0000; 0.2495;      0;      0;      0; 0.00; 0.00; 0.00; 0.00; 0.00; 0.00; 0.0000; 0.0000; 0.0000; 1.0000; 0.0000; 0.0000; 0.00; 0.00; 0.00; 0.00; 0.00; 0.00; 16.62; 0.07; 5.15; 16
100; 0.0000; 0.0000; 0.0000; 0.0000; 0.2495;      0;      0;      0; 0.00; 0.00; 0.00; 0.00; 0.00; 0.00; 0.0000; 0.0000; 0.0000; 1.0000; 0.0000; 0.0000; 0.00; 0.00; 0.00; 0.00; 0.00; 0.00; 16.62; 0.07; 5.15; 16
