    Year (Census)
    Proportion of populations extant, SE
    Proportion of populations going extinct for the first time in year, SE
    Deterministic growth, Stochastic growth, SE, SD
    Mean population size (across extant populations), SE, SD
    Mean population size (across all populations), SE, SD
    Population-based model: No genetic data (12 skipped fields)



    Mean time to extinction, SE, SD
    Median time to extinction
Year;PExtant;SE(PExtant);PExtinct;SE(PExtinct);det-r;stoch-r;SE(r);SD(r);N-extant;SE(N-extant);SD(N-extant);N-all;SE(N-all);SD(N-all);GeneDiv;SE(GD);SD(GD);Inbreed;SE(Inbr);SD(Inbr);nAlleles;SE(nAlleles);SD(nAlleles);nLethals;SE(nLethals);SD(nLethals);TE;SE(TE);SD(TE);medianTE
Default Scenario
Population 1: Population1
0; 1.0000; 0.0000; 0.0000; 0.0000; 0.4623;      0;      0;      0; 19614.00; 0.00; 0.00; 19614.00; 0.00; 0.00; 0.0000; 0.0000; 0.0000; 1.0000; 0.0000; 0.0000; 0.00; 0.00; 0.00; 0.00; 0.00; 0.00; 0.00; 0.00; 0.00; 0
1; 1.0000; 0.0000; 0.0000; 0.0000; 0.4623; 0.4560; 0.0014; 0.0995; 19596.20; 27.82; 1966.96; 19596.20; 27.82; 1966.96; 0.0000; 0.0000; 0.0000; 1.0000; 0.0000; 0.0000; 0.00; 0.00; 0.00; 0.00; 0.00; 0.00; 0.00; 0.00; 0.00; 0
2; 1.0000; 0.0000; 0.0000; 0.0000; 0.4623; 0.4592; 0.0014; 0.0979; 19684.54; 27.46; 1941.42; 19684.54; 27.46; 1941.42; 0.0000; 0.0000; 0.0000; 1.0000; 0.0000; 0.0000; 0.00; 0.00; 0.00; 0.00; 0.00; 0.00; 0.00; 0.00; 0.00; 0
3; 1.0000; 0.0000; 0.0000; 0.0000; 0.4623; 0.4584; 0.0014; 0.0998; 19581.76; 26.93; 1903.98; 19581.76; 26.93; 1903.98; 0.0000; 0.0000; 0.0000; 1.0000; 0.0000; 0.0000; 0.00; 0.00; 0.00; 0.00; 0.00; 0.00; 0.00; 0.00; 0.00; 0
4; 1.0000; 0.0000; 0.0000; 0.0000; 0.4623; 0.4580; 0.0014; 0.0994; 19548.96; 27.73; 1960.86; 19548.96; 27.73; 1960.86; 0.0000; 0.0000; 0.0000; 1.0000; 0.0000; 0.0000; 0.00; 0.00; 0.00; 0.00; 0.00; 0.00; 0.00; 0.00; 0.00; 0
5; 1.0000; 0.0000; 0.0000; 0.0000; 0.4623; 0.4585; 0.0014; 0.0972; 19574.79; 28.41; 2008.82; 19574.79; 28.41; 2008.82; 0.0000; 0.0000; 0.0000; 1.0000; 0.0000; 0.0000; 0.00; 0.00; 0.00; 0.00; 0.00; 0.00; 0.00; 0.00; 0.00; 0
6; 1.0000; 0.0000; 0.0000; 0.0000; 0.4623; 0.4576; 0.0014; 0.0974; 19600.82; 28.05; 1983.39; 19600.82; 28.05; 1983.39; 0.0000; 0.0000; 0.0000; 1.0000; 0.0000; 0.0000; 0.00; 0.00; 0.00; 0.00; 0.00; 0.00; 0.00; 0.00; 0.00; 0
7; 1.0000; 0.0000; 0.0000; 0.0000; 0.4623; 0.4552; 0.0014; 0.0990; 19626.49; 27.38; 1935.93; 19626.49; 27.38; 1935.93; 0.0000; 0.0000; 0.0000; 1.0000; 0.0000; 0.0000; 0.00; 0.00; 0.00; 0.00; 0.00; 0.00; 0.00; 0.00; 0.00; 0
8; 1.0000; 0.0000; 0.0000; 0.0000; 0.4623; 0.4575; 0.0014; 0.1000; 19597.50; 28.04; 1982.79; 19597.50; 28.04; 1982.79; 0.0000; 0.0000; 0.0000; 1.0000; 0.0000; 0.0000; 0.00; 0.00; 0.00; 0.00; 0.00; 0.00; 0.00; 0.00; 0.00; 0
9; 1.0000; 0.0000; 0.0000; 0.0000; 0.4623; 0.4579; 0.0014; 0.0983; 19613.37; 27.74; 1961.56; 19613.37; 27.74; 1961.56; 0.0000; 0.0000; 0.0000; 1.0000; 0.0000; 0.0000; 0.00; 0.00; 0.00; 0.00; 0.00; 0.00; 0.00; 0.00; 0.00; 0
10; 1.0000; 0.0000; 0.0000; 0.0000; 0.4623; 0.4592; 0.0014; 0.0974; 19595.87; 27.56; 1948.58; 19595.87; 27.56; 1948.58; 0.0000; 0.0000; 0.0000; 1.0000; 0.0000; 0.0000; 0.00; 0.00; 0.00; 0.00; 0.00; 0.00; 0.00; 0.00; 0.00; 0
11; 1.0000; 0.0000; 0.0000; 0.0000; 0.4623; 0.4583; 0.0014; 0.0996; 19602.30; 27.71; 1959.29; 19602.30; 27.71; 1959.29; 0.0000; 0.0000; 0.0000; 1.0000; 0.0000; 0.0000; 0.00; 0.00; 0.00; 0.00; 0.00; 0.00; 0.00; 0.00; 0.00; 0
12; 1.0000; 0.0000; 0.0000; 0.0000; 0.4623; 0.4589; 0.0014; 0.0983; 19558.51; 27.50; 1944.59; 19558.51; 27.50; 1944.59; 0.0000; 0.0000; 0.0000; 1.0000; 0.0000; 0.0000; 0.00; 0.00; 0.00; 0.00; 0.00; 0.00; 0.00; 0.00; 0.00; 0
13; 1.0000; 0.0000; 0.0000; 0.0000; 0.4623; 0.4577; 0.0014; 0.1016; 19633.69; 27.41; 1938.34; 19633.69; 27.41; 1938.34; 0.0000; 0.0000; 0.0000; 1.0000; 0.0000; 0.0000; 0.00; 0.00; 0.00; 0.00; 0.00; 0.00; 0.00; 0.00; 0.00; 0
14; 1.0000; 0.0000; 0.0000; 0.0000; 0.4623; 0.4545; 0.0014; 0.1001; 19632.54; 27.86; 1969.88; 19632.54; 27.86; 1969.88; 0.0000; 0.0000; 0.0000; 1.0000; 0.0000; 0.0000; 0.00; 0.00; 0.00; 0.00; 0.00; 0.00; 0.00; 0.00; 0.00; 0
15; 1.0000; 0.0000; 0.0000; 0.0000; 0.4623; 0.4565; 0.0014; 0.0993; 19647.82; 27.65; 1955.00; 19647.82; 27.65; 1955.00; 0.0000; 0.0000; 0.0000; 1.0000; 0.0000; 0.0000; 0.00; 0.00; 0.00; 0.00; 0.00; 0.00; 0.00; 0.00; 0.00; 0
16; 1.0000; 0.0000; 0.0000; 0.0000; 0.4623; 0.4562; 0.0014; 0.1004; 19651.36; 27.50; 1944.89; 19651.36; 27.50; 1944.89; 0.0000; 0.0000; 0.0000; 1.0000; 0.0000; 0.0000; 0.00; 0.00; 0.00; 0.00; 0.00; 0.00; 0.00; 0.00; 0.00; 0
17; 1.0000; 0.0000; 0.0000; 0.0000; 0.4623; 0.4571; 0.0014; 0.0988; 19588.75; 27.51; 1945.37; 19588.75; 27.51; 1945.37; 0.0000; 0.0000; 0.0000; 1.0000; 0.0000; 0.0000; 0.00; 0.00; 0.00; 0.00; 0.00; 0.00; 0.00; 0.00; 0.00; 0
18; 1.0000; 0.0000; 0.0000; 0.0000; 0.4623; 0.4572; 0.0014; 0.0989; 19613.94; 27.93; 1974.73; 19613.94; 27.93; 1974.73; 0.0000; 0.0000; 0.0000; 1.0000; 0.0000; 0.0000; 0.00; 0.00; 0.00; 0.00; 0.00; 0.00; 0.00; 0.00; 0.00; 0
19; 1.0000; 0.0000; 0.0000; 0.0000; 0.4623; 0.4572; 0.0014; 0.0989; 19667.39; 27.13; 1918.19; 19667.39; 27.13; 1918.19; 0.0000; 0.0000; 0.0000; 1.0000; 0.0000; 0.0000; 0.00; 0.00; 0.00; 0.00; 0.00; 0.00; 0.00; 0.00; 0.00; 0
20; 1.0000; 0.0000; 0.0000; 0.0000; 0.4623; 0.4580; 0.0014; 0.0977; 19580.05; 27.59; 1950.65; 19580.05; 27.59; 1950.65; 0.0000; 0.0000; 0.0000; 1.0000; 0.0000; 0.0000; 0.00; 0.00; 0.00; 0.00; 0.00; 0.00; 0.00; 0.00; 0.00; 0
21; 1.0000; 0.0000; 0.0000; 0.0000; 0.4623; 0.4551; 0.0014; 0.1012; 19594.54; 27.69; 1958.12; 19594.54; 27.69; 1958.12; 0.0000; 0.0000; 0.0000; 1.0000; 0.0000; 0.0000; 0.00; 0.00; 0.00; 0.00; 0.00; 0.00; 0.00; 0.00; 0.00; 0
22; 1.0000; 0.0000; 0.0000; 0.0000; 0.4623; 0.4578; 0.0014; 0.0986; 19637.99; 27.51; 1944.93; 19637.99; 27.51; 1944.93; 0.0000; 0.0000; 0.0000; 1.0000; 0.0000; 0.0000; 0.00; 0.00; 0.00; 0.00; 0.00; 0.00; 0.00; 0.00; 0.00; 0
23; 1.0000; 0.0000; 0.0000; 0.0000; 0.4623; 0.4573; 0.0014; 0.0993; 19615.38; 27.29; 1929.36; 19615.38; 27.29; 1929.36; 0.0000; 0.0000; 0.0000; 1.0000; 0.0000; 0.0000; 0.00; 0.00; 0.00; 0.00; 0.00; 0.00; 0.00; 0.00; 0.00; 0
24; 1.0000; 0.0000; 0.0000; 0.0000; 0.4623; 0.4573; 0.0014; 0.0992; 19562.16; 27.59; 1951.16; 19562.16; 27.59; 1951.16; 0.0000; 0.0000; 0.0000; 1.0000; 0.0000; 0.0000; 0.00; 0.00; 0.00; 0.00; 0.00; 0.00; 0.00; 0.00; 0.00; 0
25; 1.0000; 0.0000; 0.0000; 0.0000; 0.4623; 0.4555; 0.0014; 0.0992; 19594.32; 27.30; 1930.72; 19594.32; 27.30; 1930.72; 0.0000; 0.0000; 0.0000; 1.0000; 0.0000; 0.0000; 0.00; 0.00; 0.00; 0.00; 0.00; 0.00; 0.00; 0.00; 0.00; 0
26; 1.0000; 0.0000; 0.0000; 0.0000; 0.4623; 0.4570; 0.0014; 0.0993; 19571.68; 27.62; 1953.10; 19571.68; 27.62; 1953.10; 0.0000; 0.0000; 0.0000; 1.0000; 0.0000; 0.0000; 0.00; 0.00; 0.00; 0.00; 0.00; 0.00; 0.00; 0.00; 0.00; 0
27; 1.0000; 0.0000; 0.0000; 0.0000; 0.4623; 0.4580; 0.0014; 0.0978; 19621.53; 27.12; 1917.61; 19621.53; 27.12; 1917.61; 0.0000; 0.0000; 0.0000; 1.0000; 0.0000; 0.0000; 0.00; 0.00; 0.00; 0.00; 0.00; 0.00; 0.00; 0.00; 0.00; 0
28; 1.0000; 0.0000; 0.0000; 0.0000; 0.4623; 0.4542; 0.0014; 0.1014; 19600.06; 27.57; 1949.59; 19600.06; 27.57; 1949.59; 0.0000; 0.0000; 0.0000; 1.0000; 0.0000; 0.0000; 0.00; 0.00; 0.00; 0.00; 0.00; 0.00; 0.00; 0.00; 0.00; 0
29; 1.0000; 0.0000; 0.0000; 0.0000; 0.4623; 0.4566; 0.0014; 0.0985; 19585.24; 27.53; 1947.01; 19585.24; 27.53; 1947.01; 0.0000; 0.0000; 0.0000; 1.0000; 0.0000; 0.0000; 0.00; 0.00; 0.00; 0.00; 0.00; 0.00; 0.00; 0.00; 0.00; 0
30; 1.0000; 0.0000; 0.0000; 0.0000; 0.4623; 0.4554; 0.0014; 0.0994; 19608.65; 27.27; 1928.53; 19608.65; 27.27; 1928.53; 0.0000; 0.0000; 0.0000; 1.0000; 0.0000; 0.0000; 0.00; 0.00; 0.00; 0.00; 0.00; 0.00; 0.00; 0.00; 0.00; 0
31; 1.0000; 0.0000; 0.0000; 0.0000; 0.4623; 0.4587; 0.0014; 0.1008; 19631.44; 27.66; 1955.84; 19631.44; 27.66; 1955.84; 0.0000; 0.0000; 0.0000; 1.0000; 0.0000; 0.0000; 0.00; 0.00; 0.00; 0.00; 0.00; 0.00; 0.00; 0.00; 0.00; 0
32; 1.0000; 0.0000; 0.0000; 0.0000; 0.4623; 0.4565; 0.0014; 0.0988; 19576.86; 27.14; 1918.82; 19576.86; 27.14; 1918.82; 0.0000; 0.0000; 0.0000; 1.0000; 0.0000; 0.0000; 0.00; 0.00; 0.00; 0.00; 0.00; 0.00; 0.00; 0.00; 0.00; 0
33; 1.0000; 0.0000; 0.0000; 0.0000; 0.4623; 0.4572; 0.0014; 0.0995; 19614.40; 27.69; 1958.21; 19614.40; 27.69; 1958.21; 0.0000; 0.0000; 0.0000; 1.0000; 0.0000; 0.0000; 0.00; 0.00; 0.00; 0.00; 0.00; 0.00; 0.00; 0.00; 0.00; 0
34; 1.0000; 0.0000; 0.0000; 0.0000; 0.4623; 0.4565; 0.0014; 0.0981; 19646.42; 27.76; 1963.01; 19646.42; 27.76; 1963.01; 0.0000; 0.0000; 0.0000; 1.0000; 0.0000; 0.0000; 0.00; 0.00; 0.00; 0.00; 0.00; 0.00; 0.00; 0.00; 0.00; 0
35; 1.0000; 0.0000; 0.0000; 0.0000; 0.4623; 0.4583; 0.0014; 0.0995; 19568.74; 26.96; 1906.06; 19568.74; 26.96; 1906.06; 0.0000; 0.0000; 0.0000; 1.0000; 0.0000; 0.0000; 0.00; 0.00; 0.00; 0.00; 0.00; 0.00; 0.00; 0.00; 0.00; 0
36; 1.0000; 0.0000; 0.0000; 0.0000; 0.4623; 0.4570; 0.0014; 0.0980; 19593.48; 27.38; 1936.03; 19593.48; 27.38; 1936.03; 0.0000; 0.0000; 0.0000; 1.0000; 0.0000; 0.0000; 0.00; 0.00; 0.00; 0.00; 0.00; 0.00; 0.00; 0.00; 0.00; 0
37; 1.0000; 0.0000; 0.0000; 0.0000; 0.4623; 0.4590; 0.0014; 0.0984; 19591.60; 27.47; 1942.27; 19591.60; 27.47; 1942.27; 0.0000; 0.0000; 0.0000; 1.0000; 0.0000; 0.0000; 0.00; 0.00; 0.00; 0.00; 0.00; 0.00; 0.00; 0.00; 0.00; 0
38; 1.0000; 0.0000; 0.0000; 0.0000; 0.4623; 0.4585; 0.0014; 0.1000; 19648.63; 27.41; 1937.85; 19648.63; 27.41; 1937.85; 0.0000; 0.0000; 0.0000; 1.0000; 0.0000; 0.0000; 0.00; 0.00; 0.00; 0.00; 0.00; 0.00; 0.00; 0.00; 0.00; 0
39; 1.0000; 0.0000; 0.0000; 0.0000; 0.4623; 0.4556; 0.0014; 0.0995; 19650.51; 27.95; 1976.04; 19650.51; 27.95; 1976.04; 0.0000; 0.0000; 0.0000; 1.0000; 0.0000; 0.0000; 0.00; 0.00; 0.00; 0.00; 0.00; 0.00; 0.00; 0.00; 0.00; 0
40; 1.0000; 0.0000; 0.0000; 0.0000; 0.4623; 0.4587; 0.0014; 0.0982; 19605.67; 27.50; 1944.44; 19605.67; 27.50; 1944.44; 0.0000; 0.0000; 0.0000; 1.0000; 0.0000; 0.0000; 0.00; 0.00; 0.00; 0.00; 0.00; 0.00; 0.00; 0.00; 0.00; 0
41; 1.0000; 0.0000; 0.0000; 0.0000; 0.4623; 0.4555; 0.0014; 0.0971; 19605.62; 27.34; 1932.96; 19605.62; 27.34; 1932.96; 0.0000; 0.0000; 0.0000; 1.0000; 0.0000; 0.0000; 0.00; 0.00; 0.00; 0.00; 0.00; 0.00; 0.00; 0.00; 0.00; 0
42; 1.0000; 0.0000; 0.0000; 0.0000; 0.4623; 0.4584; 0.0014; 0.0984; 19606.81; 27.37; 1935.41; 19606.81; 27.37; 1935.41; 0.0000; 0.0000; 0.0000; 1.0000; 0.0000; 0.0000; 0.00; 0.00; 0.00; 0.00; 0.00; 0.00; 0.00; 0.00; 0.00; 0
43; 1.0000; 0.0000; 0.0000; 0.0000; 0.4623; 0.4564; 0.0014; 0.0994; 19664.64; 27.75; 1961.88; 19664.64; 27.75; 1961.88; 0.0000; 0.0000; 0.0000; 1.0000; 0.0000; 0.0000; 0.00; 0.00; 0.00; 0.00; 0.00; 0.00; 0.00; 0.00; 0.00; 0
44; 1.0000; 0.0000; 0.0000; 0.0000; 0.4623; 0.4548; 0.0014; 0.0999; 19641.05; 27.12; 1917.80; 19641.05; 27.12; 1917.80; 0.0000; 0.0000; 0.0000; 1.0000; 0.0000; 0.0000; 0.00; 0.00; 0.00; 0.00; 0.00; 0.00; 0.00; 0.00; 0.00; 0
45; 1.0000; 0.0000; 0.0000; 0.0000; 0.4623; 0.4550; 0.0014; 0.0992; 19649.14; 27.08; 1914.94; 19649.14; 27.08; 1914.94; 0.0000; 0.0000; 0.0000; 1.0000; 0.0000; 0.0000; 0.00; 0.00; 0.00; 0.00; 0.00; 0.00; 0.00; 0.00; 0.00; 0
46; 1.0000; 0.0000; 0.0000; 0.0000; 0.4623; 0.4580; 0.0014; 0.0968; 19621.56; 27.68; 1957.19; 19621.56; 27.68; 1957.19; 0.0000; 0.0000; 0.0000; 1.0000; 0.0000; 0.0000; 0.00; 0.00; 0.00; 0.00; 0.00; 0.00; 0.00; 0.00; 0.00; 0
47; 1.0000; 0.0000; 0.0000; 0.0000; 0.4623; 0.4578; 0.0014; 0.0986; 19634.57; 27.15; 1919.52; 19634.57; 27.15; 1919.52; 0.0000; 0.0000; 0.0000; 1.0000; 0.0000; 0.0000; 0.00; 0.00; 0.00; 0.00; 0.00; 0.00; 0.00; 0.00; 0.00; 0
48; 1.0000; 0.0000; 0.0000; 0.0000; 0.4623; 0.4557; 0.0014; 0.1003; 19621.81; 27.64; 1954.71; 19621.81; 27.64; 1954.71; 0.0000; 0.0000; 0.0000; 1.0000; 0.0000; 0.0000; 0.00; 0.00; 0.00; 0.00; 0.00; 0.00; 0.00; 0.00; 0.00; 0
49; 1.0000; 0.0000; 0.0000; 0.0000; 0.4623; 0.4561; 0.0014; 0.0982; 19613.60; 27.39; 1936.97; 19613.60; 27.39; 1936.97; 0.0000; 0.0000; 0.0000; 1.0000; 0.0000; 0.0000; 0.00; 0.00; 0.00; 0.00; 0.00; 0.00; 0.00; 0.00; 0.00; 0
50; 1.0000; 0.0000; 0.0000; 0.0000; 0.4623; 0.4567; 0.0014; 0.0998; 19624.59; 27.08; 1915.12; 19624.59; 27.08; 1915.12; 0.0000; 0.0000; 0.0000; 1.0000; 0.0000; 0.0000; 0.00; 0.00; 0.00; 0.00; 0.00; 0.00; 0.00; 0.00; 0.00; 0
51; 1.0000; 0.0000; 0.0000; 0.0000; 0.4623; 0.4568; 0.0014; 0.0999; 19604.87; 28.09; 1985.95; 19604.87; 28.09; 1985.95; 0.0000; 0.0000; 0.0000; 1.0000; 0.0000; 0.0000; 0.00; 0.00; 0.00; 0.00; 0.00; 0.00; 0.00; 0.00; 0.00; 0
52; 1.0000; 0.0000; 0.0000; 0.0000; 0.4623; 0.4554; 0.0014; 0.0971; 19666.40; 27.37; 1935.17; 19666.40; 27.37; 1935.17; 0.0000; 0.0000; 0.0000; 1.0000; 0.0000; 0.0000; 0.00; 0.00; 0.00; 0.00; 0.00; 0.00; 0.00; 0.00; 0.00; 0
53; 1.0000; 0.0000; 0.0000; 0.0000; 0.4623; 0.4579; 0.0014; 0.0993; 19620.54; 27.70; 1958.57; 19620.54; 27.70; 1958.57; 0.0000; 0.0000; 0.0000; 1.0000; 0.0000; 0.0000; 0.00; 0.00; 0.00; 0.00; 0.00; 0.00; 0.00; 0.00; 0.00; 0
54; 1.0000; 0.0000; 0.0000; 0.0000; 0.4623; 0.4573; 0.0014; 0.0998; 19601.44; 28.00; 1979.96; 19601.44; 28.00; 1979.96; 0.0000; 0.0000; 0.0000; 1.0000; 0.0000; 0.0000; 0.00; 0.00; 0.00; 0.00; 0.00; 0.00; 0.00; 0.00; 0.00; 0
55; 1.0000; 0.0000; 0.0000; 0.0000; 0.4623; 0.4556; 0.0014; 0.0992; 19615.08; 27.12; 1918.00; 19615.08; 27.12; 1918.00; 0.0000; 0.0000; 0.0000; 1.0000; 0.0000; 0.0000; 0.00; 0.00; 0.00; 0.00; 0.00; 0.00; 0.00; 0.00; 0.00; 0
56; 1.0000; 0.0000; 0.0000; 0.0000; 0.4623; 0.4584; 0.0014; 0.0984; 19641.15; 27.69; 1957.72; 19641.15; 27.69; 1957.72; 0.0000; 0.0000; 0.0000; 1.0000; 0.0000; 0.0000; 0.00; 0.00; 0.00; 0.00; 0.00; 0.00; 0.00; 0.00; 0.00; 0
57; 1.0000; 0.0000; 0.0000; 0.0000; 0.4623; 0.4588; 0.0014; 0.0968; 19635.58; 27.53; 1946.58; 19635.58; 27.53; 1946.58; 0.0000; 0.0000; 0.0000; 1.0000; 0.0000; 0.0000; 0.00; 0.00; 0.00; 0.00; 0.00; 0.00; 0.00; 0.00; 0.00; 0
58; 1.0000; 0.0000; 0.0000; 0.0000; 0.4623; 0.4556; 0.0014; 0.0996; 19598.03; 27.04; 1912.09; 19598.03; 27.04; 1912.09; 0.0000; 0.0000; 0.0000; 1.0000; 0.0000; 0.0000; 0.00; 0.00; 0.00; 0.00; 0.00; 0.00; 0.00; 0.00; 0.00; 0
59; 1.0000; 0.0000; 0.0000; 0.0000; 0.4623; 0.4578; 0.0014; 0.0977; 19590.88; 27.44; 1940.20; 19590.88; 27.44; 1940.20; 0.0000; 0.0000; 0.0000; 1.0000; 0.0000; 0.0000; 0.00; 0.00; 0.00; 0.00; 0.00; 0.00; 0.00; 0.00; 0.00; 0
60; 1.0000; 0.0000; 0.0000; 0.0000; 0.4623; 0.4560; 0.0014; 0.1015; 19588.64; 27.74; 1961.35; 19588.64; 27.74; 1961.35; 0.0000; 0.0000; 0.0000; 1.0000; 0.0000; 0.0000; 0.00; 0.00; 0.00; 0.00; 0.00; 0.00; 0.00; 0.00; 0.00; 0
61; 1.0000; 0.0000; 0.0000; 0.0000; 0.4623; 0.4589; 0.0014; 0.0979; 19643.92; 27.56; 1948.72; 19643.92; 27.56; 1948.72; 0.0000; 0.0000; 0.0000; 1.0000; 0.0000; 0.0000; 0.00; 0.00; 0.00; 0.00; 0.00; 0.00; 0.00; 0.00; 0.00; 0
62; 1.0000; 0.0000; 0.0000; 0.0000; 0.4623; 0.4585; 0.0014; 0.0970; 19622.89; 27.72; 1960.45; 19622.89; 27.72; 1960.45; 0.0000; 0.0000; 0.0000; 1.0000; 0.0000; 0.0000; 0.00; 0.00; 0.00; 0.00; 0.00; 0.00; 0.00; 0.00; 0.00; 0
63; 1.0000; 0.0000; 0.0000; 0.0000; 0.4623; 0.4584; 0.0014; 0.0985; 19572.49; 27.80; 1965.87; 19572.49; 27.80; 1965.87; 0.0000; 0.0000; 0.0000; 1.0000; 0.0000; 0.0000; 0.00; 0.00; 0.00; 0.00; 0.00; 0.00; 0.00; 0.00; 0.00; 0
64; 1.0000; 0.0000; 0.0000; 0.0000; 0.4623; 0.4546; 0.0014; 0.1004; 19650.05; 27.25; 1926.76; 19650.05; 27.25; 1926.76; 0.0000; 0.0000; 0.0000; 1.0000; 0.0000; 0.0000; 0.00; 0.00; 0.00; 0.00; 0.00; 0.00; 0.00; 0.00; 0.00; 0
65; 1.0000; 0.0000; 0.0000; 0.0000; 0.4623; 0.4565; 0.0014; 0.0985; 19630.65; 27.57; 1949.79; 19630.65; 27.57; 1949.79; 0.0000; 0.0000; 0.0000; 1.0000; 0.0000; 0.0000; 0.00; 0.00; 0.00; 0.00; 0.00; 0.00; 0.00; 0.00; 0.00; 0
66; 1.0000; 0.0000; 0.0000; 0.0000; 0.4623; 0.4593; 0.0014; 0.0994; 19573.37; 27.38; 1936.08; 19573.37; 27.38; 1936.08; 0.0000; 0.0000; 0.0000; 1.0000; 0.0000; 0.0000; 0.00; 0.00; 0.00; 0.00; 0.00; 0.00; 0.00; 0.00; 0.00; 0
67; 1.0000; 0.0000; 0.0000; 0.0000; 0.4623; 0.4575; 0.0014; 0.0970; 19612.53; 27.40; 1937.34; 19612.53; 27.40; 1937.34; 0.0000; 0.0000; 0.0000; 1.0000; 0.0000; 0.0000; 0.00; 0.00; 0.00; 0.00; 0.00; 0.00; 0.00; 0.00; 0.00; 0
68; 1.0000; 0.0000; 0.0000; 0.0000; 0.4623; 0.4573; 0.0014; 0.0986; 19617.86; 27.90; 1972.66; 19617.86; 27.90; 1972.66; 0.0000; 0.0000; 0.0000; 1.0000; 0.0000; 0.0000; 0.00; 0.00; 0.00; 0.00; 0.00; 0.00; 0.00; 0.00; 0.00; 0
69; 1.0000; 0.0000; 0.0000; 0.0000; 0.4623; 0.4556; 0.0014; 0.1003; 19596.52; 27.69; 1958.02; 19596.52; 27.69; 1958.02; 0.0000; 0.0000; 0.0000; 1.0000; 0.0000; 0.0000; 0.00; 0.00; 0.00; 0.00; 0.00; 0.00; 0.00; 0.00; 0.00; 0
70; 1.0000; 0.0000; 0.0000; 0.0000; 0.4623; 0.4606; 0.0014; 0.0986; 19588.29; 27.67; 1956.23; 19588.29; 27.67; 1956.23; 0.0000; 0.0000; 0.0000; 1.0000; 0.0000; 0.0000; 0.00; 0.00; 0.00; 0.00; 0.00; 0.00; 0.00; 0.00; 0.00; 0
71; 1.0000; 0.0000; 0.0000; 0.0000; 0.4623; 0.4573; 0.0014; 0.0981; 19598.78; 27.65; 1954.85; 19598.78; 27.65; 1954.85; 0.0000; 0.0000; 0.0000; 1.0000; 0.0000; 0.0000; 0.00; 0.00; 0.00; 0.00; 0.00; 0.00; 0.00; 0.00; 0.00; 0
72; 1.0000; 0.0000; 0.0000; 0.0000; 0.4623; 0.4563; 0.0014; 0.1007; 19629.70; 27.38; 1936.14; 19629.70; 27.38; 1936.14; 0.0000; 0.0000; 0.0000; 1.0000; 0.0000; 0.0000; 0.00; 0.00; 0.00; 0.00; 0.00; 0.00; 0.00; 0.00; 0.00; 0
73; 1.0000; 0.0000; 0.0000; 0.0000; 0.4623; 0.4555; 0.0014; 0.1004; 19625.17; 28.03; 1982.20; 19625.17; 28.03; 1982.20; 0.0000; 0.0000; 0.0000; 1.0000; 0.0000; 0.0000; 0.00; 0.00; 0.00; 0.00; 0.00; 0.00; 0.00; 0.00; 0.00; 0
74; 1.0000; 0.0000; 0.0000; 0.0000; 0.4623; 0.4548; 0.0014; 0.0989; 19604.33; 27.31; 1931.01; 19604.33; 27.31; 1931.01; 0.0000; 0.0000; 0.0000; 1.0000; 0.0000; 0.0000; 0.00; 0.00; 0.00; 0.00; 0.00; 0.00; 0.00; 0.00; 0.00; 0
75; 1.0000; 0.0000; 0.0000; 0.0000; 0.4623; 0.4559; 0.0014; 0.1002; 19597.46; 27.73; 1960.72; 19597.46; 27.73; 1960.72; 0.0000; 0.0000; 0.0000; 1.0000; 0.0000; 0.0000; 0.00; 0.00; 0.00; 0.00; 0.00; 0.00; 0.00; 0.00; 0.00; 0
76; 1.0000; 0.0000; 0.0000; 0.0000; 0.4623; 0.4583; 0.0014; 0.0990; 19629.25; 26.92; 1903.37; 19629.25; 26.92; 1903.37; 0.0000; 0.0000; 0.0000; 1.0000; 0.0000; 0.0000; 0.00; 0.00; 0.00; 0.00; 0.00; 0.00; 0.00; 0.00; 0.00; 0
77; 1.0000; 0.0000; 0.0000; 0.0000; 0.4623; 0.4564; 0.0014; 0.1004; 19615.83; 27.36; 1934.89; 19615.83; 27.36; 1934.89; 0.0000; 0.0000; 0.0000; 1.0000; 0.0000; 0.0000; 0.00; 0.00; 0.00; 0.00; 0.00; 0.00; 0.00; 0.00; 0.00; 0
78; 1.0000; 0.0000; 0.0000; 0.0000; 0.4623; 0.4594; 0.0014; 0.0987; 19596.05; 27.31; 1930.90; 19596.05; 27.31; 1930.90; 0.0000; 0.0000; 0.0000; 1.0000; 0.0000; 0.0000; 0.00; 0.00; 0.00; 0.00; 0.00; 0.00; 0.00; 0.00; 0.00; 0
79; 1.0000; 0.0000; 0.0000; 0.0000; 0.4623; 0.4576; 0.0014; 0.0987; 19610.12; 27.64; 1954.25; 19610.12; 27.64; 1954.25; 0.0000; 0.0000; 0.0000; 1.0000; 0.0000; 0.0000; 0.00; 0.00; 0.00; 0.00; 0.00; 0.00; 0.00; 0.00; 0.00; 0
80; 1.0000; 0.0000; 0.0000; 0.0000; 0.4623; 0.4577; 0.0014; 0.1000; 19610.20; 27.87; 1970.71; 19610.20; 27.87; 1970.71; 0.0000; 0.0000; 0.0000; 1.0000; 0.0000; 0.0000; 0.00; 0.00; 0.00; 0.00; 0.00; 0.00; 0.00; 0.00; 0.00; 0
81; 1.0000; 0.0000; 0.0000; 0.0000; 0.4623; 0.4598; 0.0014; 0.0988; 19621.68; 27.52; 1946.15; 19621.68; 27.52; 1946.15; 0.0000; 0.0000; 0.0000; 1.0000; 0.0000; 0.0000; 0.00; 0.00; 0.00; 0.00; 0.00; 0.00; 0.00; 0.00; 0.00; 0
82; 1.0000; 0.0000; 0.0000; 0.0000; 0.4623; 0.4586; 0.0014; 0.0991; 19603.79; 27.86; 1969.71; 19603.79; 27.86; 1969.71; 0.0000; 0.0000; 0.0000; 1.0000; 0.0000; 0.0000; 0.00; 0.00; 0.00; 0.00; 0.00; 0.00; 0.00; 0.00; 0.00; 0
83; 1.0000; 0.0000; 0.0000; 0.0000; 0.4623; 0.4546; 0.0014; 0.0984; 19608.41; 27.59; 1951.10; 19608.41; 27.59; 1951.10; 0.0000; 0.0000; 0.0000; 1.0000; 0.0000; 0.0000; 0.00; 0.00; 0.00; 0.00; 0.00; 0.00; 0.00; 0.00; 0.00; 0
84; 1.0000; 0.0000; 0.0000; 0.0000; 0.4623; 0.4586; 0.0014; 0.0999; 19636.47; 27.69; 1958.04; 19636.47; 27.69; 1958.04; 0.0000; 0.0000; 0.0000; 1.0000; 0.0000; 0.0000; 0.00; 0.00; 0.00; 0.00; 0.00; 0.00; 0.00; 0.00; 0.00; 0
85; 1.0000; 0.0000; 0.0000; 0.0000; 0.4623; 0.4566; 0.0014; 0.0991; 19620.80; 27.79; 1965.20; 19620.80; 27.79; 1965.20; 0.0000; 0.0000; 0.0000; 1.0000; 0.0000; 0.0000; 0.00; 0.00; 0.00; 0.00; 0.00; 0.00; 0.00; 0.00; 0.00; 0
86; 1.0000; 0.0000; 0.0000; 0.0000; 0.4623; 0.4575; 0.0014; 0.0995; 19632.58; 27.49; 1943.92; 19632.58; 27.49; 1943.92; 0.0000; 0.0000; 0.0000; 1.0000; 0.0000; 0.0000; 0.00; 0.00; 0.00; 0.00; 0.00; 0.00; 0.00; 0.00; 0.00; 0
87; 1.0000; 0.0000; 0.0000; 0.0000; 0.4623; 0.4563; 0.0014; 0.1011; 19641.37; 27.21; 1923.92; 19641.37; 27.21; 1923.92; 0.0000; 0.0000; 0.0000; 1.0000; 0.0000; 0.0000; 0.00; 0.00; 0.00; 0.00; 0.00; 0.00; 0.00; 0.00; 0.00; 0
88; 1.0000; 0.0000; 0.0000; 0.0000; 0.4623; 0.4554; 0.0014; 0.0988; 19594.62; 27.49; 1943.91; 19594.62; 27.49; 1943.91; 0.0000; 0.0000; 0.0000; 1.0000; 0.0000; 0.0000; 0.00; 0.00; 0.00; 0.00; 0.00; 0.00; 0.00; 0.00; 0.00; 0
89; 1.0000; 0.0000; 0.0000; 0.0000; 0.4623; 0.4592; 0.0014; 0.0982; 19602.03; 27.38; 1936.22; 19602.03; 27.38; 1936.22; 0.0000; 0.0000; 0.0000; 1.0000; 0.0000; 0.0000; 0.00; 0.00; 0.00; 0.00; 0.00; 0.00; 0.00; 0.00; 0.00; 0
90; 1.0000; 0.0000; 0.0000; 0.0000; 0.4623; 0.4570; 0.0014; 0.0996; 19617.70; 27.74; 1961.43; 19617.70; 27.74; 1961.43; 0.0000; 0.0000; 0.0000; 1.0000; 0.0000; 0.0000; 0.00; 0.00; 0.00; 0.00; 0.00; 0.00; 0.00; 0.00; 0.00; 0
91; 1.0000; 0.0000; 0.0000; 0.0000; 0.4623; 0.4566; 0.0014; 0.0983; 19575.75; 27.61; 1952.26; 19575.75; 27.61; 1952.26; 0.0000; 0.0000; 0.0000; 1.0000; 0.0000; 0.0000; 0.00; 0.00; 0.00; 0.00; 0.00; 0.00; 0.00; 0.00; 0.00; 0
92; 1.0000; 0.0000; 0.0000; 0.0000; 0.4623; 0.4579; 0.0014; 0.0990; 19596.79; 27.39; 1936.77; 19596.79; 27.39; 1936.77; 0.0000; 0.0000; 0.0000; 1.0000; 0.0000; 0.0000; 0.00; 0.00; 0.00; 0.00; 0.00; 0.00; 0.00; 0.00; 0.00; 0
93; 1.0000; 0.0000; 0.0000; 0.0000; 0.4623; 0.4561; 0.0014; 0.0985; 19555.18; 27.48; 1943.37; 19555.18; 27.48; 1943.37; 0.0000; 0.0000; 0.0000; 1.0000; 0.0000; 0.0000; 0.00; 0.00; 0.00; 0.00; 0.00; 0.00; 0.00; 0.00; 0.00; 0
94; 1.0000; 0.0000; 0.0000; 0.0000; 0.4623; 0.4578; 0.0014; 0.0987; 19633.20; 27.32; 1931.76; 19633.20; 27.32; 1931.76; 0.0000; 0.0000; 0.0000; 1.0000; 0.0000; 0.0000; 0.00; 0.00; 0.00; 0.00; 0.00; 0.00; 0.00; 0.00; 0.00; 0
95; 1.0000; 0.0000; 0.0000; 0.0000; 0.4623; 0.4567; 0.0014; 0.0970; 19639.29; 27.44; 1940.55; 19639.29; 27.44; 1940.55; 0.0000; 0.0000; 0.0000; 1.0000; 0.0000; 0.0000; 0.00; 0.00; 0.00; 0.00; 0.00; 0.00; 0.00; 0.00; 0.00; 0
96; 1.0000; 0.0000; 0.0000; 0.0000; 0.4623; 0.4583; 0.0014; 0.1004; 19534.66; 27.86; 1970.22; 19534.66; 27.86; 1970.22; 0.0000; 0.0000; 0.0000; 1.0000; 0.0000; 0.0000; 0.00; 0.00; 0.00; 0.00; 0.00; 0.00; 0.00; 0.00; 0.00; 0
97; 1.0000; 0.0000; 0.0000; 0.0000; 0.4623; 0.4572; 0.0014; 0.0972; 19582.08; 27.04; 1912.07; 19582.08; 27.04; 1912.07; 0.0000; 0.0000; 0.0000; 1.0000; 0.0000; 0.0000; 0.00; 0.00; 0.00; 0.00; 0.00; 0.00; 0.00; 0.00; 0.00; 0
98; 1.0000; 0.0000; 0.0000; 0.0000; 0.4623; 0.4552; 0.0014; 0.0998; 19583.38; 26.87; 1900.15; 19583.38; 26.87; 1900.15; 0.0000; 0.0000; 0.0000; 1.0000; 0.0000; 0.0000; 0.00; 0.00; 0.00; 0.00; 0.00; 0.00; 0.00; 0.00; 0.00; 0
99; 1.0000; 0.0000; 0.0000; 0.0000; 0.4623; 0.4600; 0.0014; 0.0973; 19622.61; 27.84; 1968.68; 19622.61; 27.84; 1968.68; 0.0000; 0.0000; 0.0000; 1.0000; 0.0000; 0.0000; 0.00; 0.00; 0.00; 0.00; 0.00; 0.00; 0.00; 0.00; 0.00; 0
100; 1.0000; 0.0000; 0.0000; 0.0000; 0.4623; 0.4560; 0.0014; 0.0991; 19613.66; 27.32; 1932.15; 19613.66; 27.32; 1932.15; 0.0000; 0.0000; 0.0000; 1.0000; 0.0000; 0.0000; 0.00; 0.00; 0.00; 0.00; 0.00; 0.00; 0.00; 0.00; 0.00; 0
