    Year (Census)
    Proportion of populations extant, SE
    Proportion of populations going extinct for the first time in year, SE
    Deterministic growth, Stochastic growth, SE, SD
    Mean population size (across extant populations), SE, SD
    Mean population size (across all populations), SE, SD
    Population-based model: No genetic data (12 skipped fields)



    Mean time to extinction, SE, SD
    Median time to extinction
Year;PExtant;SE(PExtant);PExtinct;SE(PExtinct);det-r;stoch-r;SE(r);SD(r);N-extant;SE(N-extant);SD(N-extant);N-all;SE(N-all);SD(N-all);GeneDiv;SE(GD);SD(GD);Inbreed;SE(Inbr);SD(Inbr);nAlleles;SE(nAlleles);SD(nAlleles);nLethals;SE(nLethals);SD(nLethals);TE;SE(TE);SD(TE);medianTE
Default Scenario
Population 1: Population1
0; 1.0000; 0.0000; 0.0000; 0.0000; 0.3775;      0;      0;      0; 73455.00; 0.00; 0.00; 73455.00; 0.00; 0.00; 0.0000; 0.0000; 0.0000; 1.0000; 0.0000; 0.0000; 0.00; 0.00; 0.00; 0.00; 0.00; 0.00; 0.00; 0.00; 0.00; 0
1; 1.0000; 0.0000; 0.0000; 0.0000; 0.3775; 0.3711; 0.0015; 0.1087; 73338.43; 101.71; 7192.29; 73338.43; 101.71; 7192.29; 0.0000; 0.0000; 0.0000; 1.0000; 0.0000; 0.0000; 0.00; 0.00; 0.00; 0.00; 0.00; 0.00; 0.00; 0.00; 0.00; 0
2; 1.0000; 0.0000; 0.0000; 0.0000; 0.3775; 0.3548; 0.0015; 0.1056; 73070.02; 102.77; 7266.80; 73070.02; 102.77; 7266.80; 0.0000; 0.0000; 0.0000; 1.0000; 0.0000; 0.0000; 0.00; 0.00; 0.00; 0.00; 0.00; 0.00; 0.00; 0.00; 0.00; 0
3; 1.0000; 0.0000; 0.0000; 0.0000; 0.3775; 0.3562; 0.0015; 0.1059; 73234.13; 100.92; 7136.30; 73234.13; 100.92; 7136.30; 0.0000; 0.0000; 0.0000; 1.0000; 0.0000; 0.0000; 0.00; 0.00; 0.00; 0.00; 0.00; 0.00; 0.00; 0.00; 0.00; 0
4; 1.0000; 0.0000; 0.0000; 0.0000; 0.3775; 0.3535; 0.0015; 0.1083; 73304.58; 100.58; 7111.92; 73304.58; 100.58; 7111.92; 0.0000; 0.0000; 0.0000; 1.0000; 0.0000; 0.0000; 0.00; 0.00; 0.00; 0.00; 0.00; 0.00; 0.00; 0.00; 0.00; 0
5; 1.0000; 0.0000; 0.0000; 0.0000; 0.3775; 0.3525; 0.0015; 0.1081; 73311.74; 102.13; 7221.71; 73311.74; 102.13; 7221.71; 0.0000; 0.0000; 0.0000; 1.0000; 0.0000; 0.0000; 0.00; 0.00; 0.00; 0.00; 0.00; 0.00; 0.00; 0.00; 0.00; 0
6; 1.0000; 0.0000; 0.0000; 0.0000; 0.3775; 0.3548; 0.0015; 0.1070; 73129.11; 102.50; 7247.65; 73129.11; 102.50; 7247.65; 0.0000; 0.0000; 0.0000; 1.0000; 0.0000; 0.0000; 0.00; 0.00; 0.00; 0.00; 0.00; 0.00; 0.00; 0.00; 0.00; 0
7; 1.0000; 0.0000; 0.0000; 0.0000; 0.3775; 0.3533; 0.0015; 0.1064; 73290.69; 101.41; 7170.86; 73290.69; 101.41; 7170.86; 0.0000; 0.0000; 0.0000; 1.0000; 0.0000; 0.0000; 0.00; 0.00; 0.00; 0.00; 0.00; 0.00; 0.00; 0.00; 0.00; 0
8; 1.0000; 0.0000; 0.0000; 0.0000; 0.3775; 0.3546; 0.0015; 0.1088; 73191.69; 103.51; 7319.55; 73191.69; 103.51; 7319.55; 0.0000; 0.0000; 0.0000; 1.0000; 0.0000; 0.0000; 0.00; 0.00; 0.00; 0.00; 0.00; 0.00; 0.00; 0.00; 0.00; 0
9; 1.0000; 0.0000; 0.0000; 0.0000; 0.3775; 0.3547; 0.0015; 0.1082; 73245.96; 101.77; 7195.90; 73245.96; 101.77; 7195.90; 0.0000; 0.0000; 0.0000; 1.0000; 0.0000; 0.0000; 0.00; 0.00; 0.00; 0.00; 0.00; 0.00; 0.00; 0.00; 0.00; 0
10; 1.0000; 0.0000; 0.0000; 0.0000; 0.3775; 0.3519; 0.0016; 0.1105; 73107.91; 100.72; 7121.70; 73107.91; 100.72; 7121.70; 0.0000; 0.0000; 0.0000; 1.0000; 0.0000; 0.0000; 0.00; 0.00; 0.00; 0.00; 0.00; 0.00; 0.00; 0.00; 0.00; 0
11; 1.0000; 0.0000; 0.0000; 0.0000; 0.3775; 0.3544; 0.0015; 0.1082; 73091.85; 101.26; 7160.38; 73091.85; 101.26; 7160.38; 0.0000; 0.0000; 0.0000; 1.0000; 0.0000; 0.0000; 0.00; 0.00; 0.00; 0.00; 0.00; 0.00; 0.00; 0.00; 0.00; 0
12; 1.0000; 0.0000; 0.0000; 0.0000; 0.3775; 0.3550; 0.0015; 0.1079; 73117.53; 101.19; 7155.23; 73117.53; 101.19; 7155.23; 0.0000; 0.0000; 0.0000; 1.0000; 0.0000; 0.0000; 0.00; 0.00; 0.00; 0.00; 0.00; 0.00; 0.00; 0.00; 0.00; 0
13; 1.0000; 0.0000; 0.0000; 0.0000; 0.3775; 0.3563; 0.0015; 0.1078; 73150.12; 99.98; 7069.58; 73150.12; 99.98; 7069.58; 0.0000; 0.0000; 0.0000; 1.0000; 0.0000; 0.0000; 0.00; 0.00; 0.00; 0.00; 0.00; 0.00; 0.00; 0.00; 0.00; 0
14; 1.0000; 0.0000; 0.0000; 0.0000; 0.3775; 0.3561; 0.0015; 0.1082; 73134.86; 99.89; 7063.26; 73134.86; 99.89; 7063.26; 0.0000; 0.0000; 0.0000; 1.0000; 0.0000; 0.0000; 0.00; 0.00; 0.00; 0.00; 0.00; 0.00; 0.00; 0.00; 0.00; 0
15; 1.0000; 0.0000; 0.0000; 0.0000; 0.3775; 0.3533; 0.0015; 0.1074; 73176.55; 102.81; 7270.09; 73176.55; 102.81; 7270.09; 0.0000; 0.0000; 0.0000; 1.0000; 0.0000; 0.0000; 0.00; 0.00; 0.00; 0.00; 0.00; 0.00; 0.00; 0.00; 0.00; 0
16; 1.0000; 0.0000; 0.0000; 0.0000; 0.3775; 0.3568; 0.0015; 0.1068; 73081.96; 100.95; 7138.43; 73081.96; 100.95; 7138.43; 0.0000; 0.0000; 0.0000; 1.0000; 0.0000; 0.0000; 0.00; 0.00; 0.00; 0.00; 0.00; 0.00; 0.00; 0.00; 0.00; 0
17; 1.0000; 0.0000; 0.0000; 0.0000; 0.3775; 0.3564; 0.0015; 0.1084; 73237.22; 101.66; 7188.45; 73237.22; 101.66; 7188.45; 0.0000; 0.0000; 0.0000; 1.0000; 0.0000; 0.0000; 0.00; 0.00; 0.00; 0.00; 0.00; 0.00; 0.00; 0.00; 0.00; 0
18; 1.0000; 0.0000; 0.0000; 0.0000; 0.3775; 0.3544; 0.0015; 0.1049; 73111.72; 102.28; 7232.17; 73111.72; 102.28; 7232.17; 0.0000; 0.0000; 0.0000; 1.0000; 0.0000; 0.0000; 0.00; 0.00; 0.00; 0.00; 0.00; 0.00; 0.00; 0.00; 0.00; 0
19; 1.0000; 0.0000; 0.0000; 0.0000; 0.3775; 0.3539; 0.0015; 0.1092; 73123.38; 101.81; 7199.22; 73123.38; 101.81; 7199.22; 0.0000; 0.0000; 0.0000; 1.0000; 0.0000; 0.0000; 0.00; 0.00; 0.00; 0.00; 0.00; 0.00; 0.00; 0.00; 0.00; 0
20; 1.0000; 0.0000; 0.0000; 0.0000; 0.3775; 0.3558; 0.0015; 0.1085; 73357.65; 100.92; 7136.30; 73357.65; 100.92; 7136.30; 0.0000; 0.0000; 0.0000; 1.0000; 0.0000; 0.0000; 0.00; 0.00; 0.00; 0.00; 0.00; 0.00; 0.00; 0.00; 0.00; 0
21; 1.0000; 0.0000; 0.0000; 0.0000; 0.3775; 0.3566; 0.0015; 0.1070; 73262.59; 101.17; 7154.05; 73262.59; 101.17; 7154.05; 0.0000; 0.0000; 0.0000; 1.0000; 0.0000; 0.0000; 0.00; 0.00; 0.00; 0.00; 0.00; 0.00; 0.00; 0.00; 0.00; 0
22; 1.0000; 0.0000; 0.0000; 0.0000; 0.3775; 0.3565; 0.0015; 0.1086; 73122.09; 101.42; 7171.18; 73122.09; 101.42; 7171.18; 0.0000; 0.0000; 0.0000; 1.0000; 0.0000; 0.0000; 0.00; 0.00; 0.00; 0.00; 0.00; 0.00; 0.00; 0.00; 0.00; 0
23; 1.0000; 0.0000; 0.0000; 0.0000; 0.3775; 0.3533; 0.0015; 0.1061; 73181.47; 101.70; 7191.38; 73181.47; 101.70; 7191.38; 0.0000; 0.0000; 0.0000; 1.0000; 0.0000; 0.0000; 0.00; 0.00; 0.00; 0.00; 0.00; 0.00; 0.00; 0.00; 0.00; 0
24; 1.0000; 0.0000; 0.0000; 0.0000; 0.3775; 0.3548; 0.0015; 0.1088; 73193.34; 102.39; 7239.81; 73193.34; 102.39; 7239.81; 0.0000; 0.0000; 0.0000; 1.0000; 0.0000; 0.0000; 0.00; 0.00; 0.00; 0.00; 0.00; 0.00; 0.00; 0.00; 0.00; 0
25; 1.0000; 0.0000; 0.0000; 0.0000; 0.3775; 0.3545; 0.0015; 0.1081; 73358.18; 101.71; 7191.82; 73358.18; 101.71; 7191.82; 0.0000; 0.0000; 0.0000; 1.0000; 0.0000; 0.0000; 0.00; 0.00; 0.00; 0.00; 0.00; 0.00; 0.00; 0.00; 0.00; 0
26; 1.0000; 0.0000; 0.0000; 0.0000; 0.3775; 0.3561; 0.0015; 0.1056; 73219.02; 101.52; 7178.31; 73219.02; 101.52; 7178.31; 0.0000; 0.0000; 0.0000; 1.0000; 0.0000; 0.0000; 0.00; 0.00; 0.00; 0.00; 0.00; 0.00; 0.00; 0.00; 0.00; 0
27; 1.0000; 0.0000; 0.0000; 0.0000; 0.3775; 0.3560; 0.0015; 0.1078; 73044.29; 101.15; 7152.67; 73044.29; 101.15; 7152.67; 0.0000; 0.0000; 0.0000; 1.0000; 0.0000; 0.0000; 0.00; 0.00; 0.00; 0.00; 0.00; 0.00; 0.00; 0.00; 0.00; 0
28; 1.0000; 0.0000; 0.0000; 0.0000; 0.3775; 0.3544; 0.0015; 0.1074; 73350.44; 101.86; 7202.33; 73350.44; 101.86; 7202.33; 0.0000; 0.0000; 0.0000; 1.0000; 0.0000; 0.0000; 0.00; 0.00; 0.00; 0.00; 0.00; 0.00; 0.00; 0.00; 0.00; 0
29; 1.0000; 0.0000; 0.0000; 0.0000; 0.3775; 0.3503; 0.0015; 0.1083; 73272.99; 100.47; 7104.54; 73272.99; 100.47; 7104.54; 0.0000; 0.0000; 0.0000; 1.0000; 0.0000; 0.0000; 0.00; 0.00; 0.00; 0.00; 0.00; 0.00; 0.00; 0.00; 0.00; 0
30; 1.0000; 0.0000; 0.0000; 0.0000; 0.3775; 0.3529; 0.0015; 0.1073; 73250.61; 100.43; 7101.72; 73250.61; 100.43; 7101.72; 0.0000; 0.0000; 0.0000; 1.0000; 0.0000; 0.0000; 0.00; 0.00; 0.00; 0.00; 0.00; 0.00; 0.00; 0.00; 0.00; 0
31; 1.0000; 0.0000; 0.0000; 0.0000; 0.3775; 0.3567; 0.0015; 0.1077; 73202.79; 101.54; 7180.05; 73202.79; 101.54; 7180.05; 0.0000; 0.0000; 0.0000; 1.0000; 0.0000; 0.0000; 0.00; 0.00; 0.00; 0.00; 0.00; 0.00; 0.00; 0.00; 0.00; 0
32; 1.0000; 0.0000; 0.0000; 0.0000; 0.3775; 0.3529; 0.0015; 0.1080; 73438.90; 102.07; 7217.33; 73438.90; 102.07; 7217.33; 0.0000; 0.0000; 0.0000; 1.0000; 0.0000; 0.0000; 0.00; 0.00; 0.00; 0.00; 0.00; 0.00; 0.00; 0.00; 0.00; 0
33; 1.0000; 0.0000; 0.0000; 0.0000; 0.3775; 0.3556; 0.0015; 0.1069; 73298.06; 101.34; 7165.71; 73298.06; 101.34; 7165.71; 0.0000; 0.0000; 0.0000; 1.0000; 0.0000; 0.0000; 0.00; 0.00; 0.00; 0.00; 0.00; 0.00; 0.00; 0.00; 0.00; 0
34; 1.0000; 0.0000; 0.0000; 0.0000; 0.3775; 0.3538; 0.0015; 0.1074; 73138.24; 102.53; 7249.79; 73138.24; 102.53; 7249.79; 0.0000; 0.0000; 0.0000; 1.0000; 0.0000; 0.0000; 0.00; 0.00; 0.00; 0.00; 0.00; 0.00; 0.00; 0.00; 0.00; 0
35; 1.0000; 0.0000; 0.0000; 0.0000; 0.3775; 0.3551; 0.0015; 0.1072; 73335.38; 101.47; 7174.72; 73335.38; 101.47; 7174.72; 0.0000; 0.0000; 0.0000; 1.0000; 0.0000; 0.0000; 0.00; 0.00; 0.00; 0.00; 0.00; 0.00; 0.00; 0.00; 0.00; 0
36; 1.0000; 0.0000; 0.0000; 0.0000; 0.3775; 0.3515; 0.0016; 0.1098; 73128.94; 102.69; 7261.26; 73128.94; 102.69; 7261.26; 0.0000; 0.0000; 0.0000; 1.0000; 0.0000; 0.0000; 0.00; 0.00; 0.00; 0.00; 0.00; 0.00; 0.00; 0.00; 0.00; 0
37; 1.0000; 0.0000; 0.0000; 0.0000; 0.3775; 0.3552; 0.0015; 0.1074; 73179.83; 100.22; 7086.46; 73179.83; 100.22; 7086.46; 0.0000; 0.0000; 0.0000; 1.0000; 0.0000; 0.0000; 0.00; 0.00; 0.00; 0.00; 0.00; 0.00; 0.00; 0.00; 0.00; 0
38; 1.0000; 0.0000; 0.0000; 0.0000; 0.3775; 0.3542; 0.0015; 0.1088; 73141.83; 101.74; 7193.87; 73141.83; 101.74; 7193.87; 0.0000; 0.0000; 0.0000; 1.0000; 0.0000; 0.0000; 0.00; 0.00; 0.00; 0.00; 0.00; 0.00; 0.00; 0.00; 0.00; 0
39; 1.0000; 0.0000; 0.0000; 0.0000; 0.3775; 0.3537; 0.0015; 0.1093; 73102.25; 103.05; 7286.94; 73102.25; 103.05; 7286.94; 0.0000; 0.0000; 0.0000; 1.0000; 0.0000; 0.0000; 0.00; 0.00; 0.00; 0.00; 0.00; 0.00; 0.00; 0.00; 0.00; 0
40; 1.0000; 0.0000; 0.0000; 0.0000; 0.3775; 0.3511; 0.0015; 0.1088; 73265.52; 100.20; 7085.56; 73265.52; 100.20; 7085.56; 0.0000; 0.0000; 0.0000; 1.0000; 0.0000; 0.0000; 0.00; 0.00; 0.00; 0.00; 0.00; 0.00; 0.00; 0.00; 0.00; 0
41; 1.0000; 0.0000; 0.0000; 0.0000; 0.3775; 0.3562; 0.0015; 0.1066; 73257.78; 101.05; 7145.34; 73257.78; 101.05; 7145.34; 0.0000; 0.0000; 0.0000; 1.0000; 0.0000; 0.0000; 0.00; 0.00; 0.00; 0.00; 0.00; 0.00; 0.00; 0.00; 0.00; 0
42; 1.0000; 0.0000; 0.0000; 0.0000; 0.3775; 0.3563; 0.0015; 0.1069; 73170.01; 100.64; 7115.97; 73170.01; 100.64; 7115.97; 0.0000; 0.0000; 0.0000; 1.0000; 0.0000; 0.0000; 0.00; 0.00; 0.00; 0.00; 0.00; 0.00; 0.00; 0.00; 0.00; 0
43; 1.0000; 0.0000; 0.0000; 0.0000; 0.3775; 0.3555; 0.0015; 0.1081; 73134.60; 101.82; 7199.42; 73134.60; 101.82; 7199.42; 0.0000; 0.0000; 0.0000; 1.0000; 0.0000; 0.0000; 0.00; 0.00; 0.00; 0.00; 0.00; 0.00; 0.00; 0.00; 0.00; 0
44; 1.0000; 0.0000; 0.0000; 0.0000; 0.3775; 0.3516; 0.0015; 0.1073; 73262.46; 100.81; 7128.06; 73262.46; 100.81; 7128.06; 0.0000; 0.0000; 0.0000; 1.0000; 0.0000; 0.0000; 0.00; 0.00; 0.00; 0.00; 0.00; 0.00; 0.00; 0.00; 0.00; 0
45; 1.0000; 0.0000; 0.0000; 0.0000; 0.3775; 0.3531; 0.0015; 0.1086; 73082.28; 103.01; 7283.99; 73082.28; 103.01; 7283.99; 0.0000; 0.0000; 0.0000; 1.0000; 0.0000; 0.0000; 0.00; 0.00; 0.00; 0.00; 0.00; 0.00; 0.00; 0.00; 0.00; 0
46; 1.0000; 0.0000; 0.0000; 0.0000; 0.3775; 0.3541; 0.0015; 0.1062; 73224.55; 102.56; 7252.00; 73224.55; 102.56; 7252.00; 0.0000; 0.0000; 0.0000; 1.0000; 0.0000; 0.0000; 0.00; 0.00; 0.00; 0.00; 0.00; 0.00; 0.00; 0.00; 0.00; 0
47; 1.0000; 0.0000; 0.0000; 0.0000; 0.3775; 0.3565; 0.0015; 0.1095; 73059.43; 102.55; 7251.18; 73059.43; 102.55; 7251.18; 0.0000; 0.0000; 0.0000; 1.0000; 0.0000; 0.0000; 0.00; 0.00; 0.00; 0.00; 0.00; 0.00; 0.00; 0.00; 0.00; 0
48; 1.0000; 0.0000; 0.0000; 0.0000; 0.3775; 0.3531; 0.0015; 0.1081; 73165.27; 101.95; 7209.01; 73165.27; 101.95; 7209.01; 0.0000; 0.0000; 0.0000; 1.0000; 0.0000; 0.0000; 0.00; 0.00; 0.00; 0.00; 0.00; 0.00; 0.00; 0.00; 0.00; 0
49; 1.0000; 0.0000; 0.0000; 0.0000; 0.3775; 0.3556; 0.0015; 0.1071; 73105.39; 101.02; 7143.10; 73105.39; 101.02; 7143.10; 0.0000; 0.0000; 0.0000; 1.0000; 0.0000; 0.0000; 0.00; 0.00; 0.00; 0.00; 0.00; 0.00; 0.00; 0.00; 0.00; 0
50; 1.0000; 0.0000; 0.0000; 0.0000; 0.3775; 0.3531; 0.0015; 0.1079; 73189.09; 103.31; 7305.28; 73189.09; 103.31; 7305.28; 0.0000; 0.0000; 0.0000; 1.0000; 0.0000; 0.0000; 0.00; 0.00; 0.00; 0.00; 0.00; 0.00; 0.00; 0.00; 0.00; 0
51; 1.0000; 0.0000; 0.0000; 0.0000; 0.3775; 0.3532; 0.0015; 0.1084; 73244.89; 103.79; 7339.38; 73244.89; 103.79; 7339.38; 0.0000; 0.0000; 0.0000; 1.0000; 0.0000; 0.0000; 0.00; 0.00; 0.00; 0.00; 0.00; 0.00; 0.00; 0.00; 0.00; 0
52; 1.0000; 0.0000; 0.0000; 0.0000; 0.3775; 0.3546; 0.0015; 0.1063; 73313.80; 101.73; 7193.24; 73313.80; 101.73; 7193.24; 0.0000; 0.0000; 0.0000; 1.0000; 0.0000; 0.0000; 0.00; 0.00; 0.00; 0.00; 0.00; 0.00; 0.00; 0.00; 0.00; 0
53; 1.0000; 0.0000; 0.0000; 0.0000; 0.3775; 0.3538; 0.0015; 0.1060; 73261.21; 100.43; 7101.34; 73261.21; 100.43; 7101.34; 0.0000; 0.0000; 0.0000; 1.0000; 0.0000; 0.0000; 0.00; 0.00; 0.00; 0.00; 0.00; 0.00; 0.00; 0.00; 0.00; 0
54; 1.0000; 0.0000; 0.0000; 0.0000; 0.3775; 0.3577; 0.0015; 0.1085; 73196.51; 102.30; 7233.64; 73196.51; 102.30; 7233.64; 0.0000; 0.0000; 0.0000; 1.0000; 0.0000; 0.0000; 0.00; 0.00; 0.00; 0.00; 0.00; 0.00; 0.00; 0.00; 0.00; 0
55; 1.0000; 0.0000; 0.0000; 0.0000; 0.3775; 0.3550; 0.0015; 0.1073; 72996.28; 99.14; 7010.15; 72996.28; 99.14; 7010.15; 0.0000; 0.0000; 0.0000; 1.0000; 0.0000; 0.0000; 0.00; 0.00; 0.00; 0.00; 0.00; 0.00; 0.00; 0.00; 0.00; 0
56; 1.0000; 0.0000; 0.0000; 0.0000; 0.3775; 0.3525; 0.0015; 0.1076; 73151.72; 101.21; 7156.35; 73151.72; 101.21; 7156.35; 0.0000; 0.0000; 0.0000; 1.0000; 0.0000; 0.0000; 0.00; 0.00; 0.00; 0.00; 0.00; 0.00; 0.00; 0.00; 0.00; 0
57; 1.0000; 0.0000; 0.0000; 0.0000; 0.3775; 0.3549; 0.0016; 0.1098; 73178.16; 102.07; 7217.79; 73178.16; 102.07; 7217.79; 0.0000; 0.0000; 0.0000; 1.0000; 0.0000; 0.0000; 0.00; 0.00; 0.00; 0.00; 0.00; 0.00; 0.00; 0.00; 0.00; 0
58; 1.0000; 0.0000; 0.0000; 0.0000; 0.3775; 0.3554; 0.0015; 0.1070; 73159.97; 101.28; 7161.37; 73159.97; 101.28; 7161.37; 0.0000; 0.0000; 0.0000; 1.0000; 0.0000; 0.0000; 0.00; 0.00; 0.00; 0.00; 0.00; 0.00; 0.00; 0.00; 0.00; 0
59; 1.0000; 0.0000; 0.0000; 0.0000; 0.3775; 0.3530; 0.0015; 0.1090; 73097.32; 100.21; 7085.95; 73097.32; 100.21; 7085.95; 0.0000; 0.0000; 0.0000; 1.0000; 0.0000; 0.0000; 0.00; 0.00; 0.00; 0.00; 0.00; 0.00; 0.00; 0.00; 0.00; 0
60; 1.0000; 0.0000; 0.0000; 0.0000; 0.3775; 0.3545; 0.0015; 0.1079; 73273.45; 101.47; 7174.88; 73273.45; 101.47; 7174.88; 0.0000; 0.0000; 0.0000; 1.0000; 0.0000; 0.0000; 0.00; 0.00; 0.00; 0.00; 0.00; 0.00; 0.00; 0.00; 0.00; 0
61; 1.0000; 0.0000; 0.0000; 0.0000; 0.3775; 0.3563; 0.0015; 0.1073; 73104.33; 101.54; 7179.72; 73104.33; 101.54; 7179.72; 0.0000; 0.0000; 0.0000; 1.0000; 0.0000; 0.0000; 0.00; 0.00; 0.00; 0.00; 0.00; 0.00; 0.00; 0.00; 0.00; 0
62; 1.0000; 0.0000; 0.0000; 0.0000; 0.3775; 0.3548; 0.0015; 0.1068; 73372.23; 100.54; 7109.34; 73372.23; 100.54; 7109.34; 0.0000; 0.0000; 0.0000; 1.0000; 0.0000; 0.0000; 0.00; 0.00; 0.00; 0.00; 0.00; 0.00; 0.00; 0.00; 0.00; 0
63; 1.0000; 0.0000; 0.0000; 0.0000; 0.3775; 0.3541; 0.0015; 0.1067; 73170.86; 103.31; 7305.33; 73170.86; 103.31; 7305.33; 0.0000; 0.0000; 0.0000; 1.0000; 0.0000; 0.0000; 0.00; 0.00; 0.00; 0.00; 0.00; 0.00; 0.00; 0.00; 0.00; 0
64; 1.0000; 0.0000; 0.0000; 0.0000; 0.3775; 0.3514; 0.0015; 0.1085; 73503.22; 101.97; 7210.71; 73503.22; 101.97; 7210.71; 0.0000; 0.0000; 0.0000; 1.0000; 0.0000; 0.0000; 0.00; 0.00; 0.00; 0.00; 0.00; 0.00; 0.00; 0.00; 0.00; 0
65; 1.0000; 0.0000; 0.0000; 0.0000; 0.3775; 0.3547; 0.0015; 0.1072; 72998.50; 102.75; 7265.19; 72998.50; 102.75; 7265.19; 0.0000; 0.0000; 0.0000; 1.0000; 0.0000; 0.0000; 0.00; 0.00; 0.00; 0.00; 0.00; 0.00; 0.00; 0.00; 0.00; 0
66; 1.0000; 0.0000; 0.0000; 0.0000; 0.3775; 0.3545; 0.0015; 0.1061; 73338.78; 99.90; 7063.70; 73338.78; 99.90; 7063.70; 0.0000; 0.0000; 0.0000; 1.0000; 0.0000; 0.0000; 0.00; 0.00; 0.00; 0.00; 0.00; 0.00; 0.00; 0.00; 0.00; 0
67; 1.0000; 0.0000; 0.0000; 0.0000; 0.3775; 0.3528; 0.0016; 0.1098; 73302.75; 101.78; 7197.26; 73302.75; 101.78; 7197.26; 0.0000; 0.0000; 0.0000; 1.0000; 0.0000; 0.0000; 0.00; 0.00; 0.00; 0.00; 0.00; 0.00; 0.00; 0.00; 0.00; 0
68; 1.0000; 0.0000; 0.0000; 0.0000; 0.3775; 0.3541; 0.0016; 0.1102; 73038.39; 102.38; 7239.02; 73038.39; 102.38; 7239.02; 0.0000; 0.0000; 0.0000; 1.0000; 0.0000; 0.0000; 0.00; 0.00; 0.00; 0.00; 0.00; 0.00; 0.00; 0.00; 0.00; 0
69; 1.0000; 0.0000; 0.0000; 0.0000; 0.3775; 0.3550; 0.0015; 0.1087; 73043.86; 102.69; 7261.60; 73043.86; 102.69; 7261.60; 0.0000; 0.0000; 0.0000; 1.0000; 0.0000; 0.0000; 0.00; 0.00; 0.00; 0.00; 0.00; 0.00; 0.00; 0.00; 0.00; 0
70; 1.0000; 0.0000; 0.0000; 0.0000; 0.3775; 0.3581; 0.0015; 0.1058; 73184.87; 100.86; 7131.91; 73184.87; 100.86; 7131.91; 0.0000; 0.0000; 0.0000; 1.0000; 0.0000; 0.0000; 0.00; 0.00; 0.00; 0.00; 0.00; 0.00; 0.00; 0.00; 0.00; 0
71; 1.0000; 0.0000; 0.0000; 0.0000; 0.3775; 0.3547; 0.0015; 0.1068; 73286.57; 100.60; 7113.75; 73286.57; 100.60; 7113.75; 0.0000; 0.0000; 0.0000; 1.0000; 0.0000; 0.0000; 0.00; 0.00; 0.00; 0.00; 0.00; 0.00; 0.00; 0.00; 0.00; 0
72; 1.0000; 0.0000; 0.0000; 0.0000; 0.3775; 0.3539; 0.0015; 0.1078; 73375.62; 101.61; 7184.61; 73375.62; 101.61; 7184.61; 0.0000; 0.0000; 0.0000; 1.0000; 0.0000; 0.0000; 0.00; 0.00; 0.00; 0.00; 0.00; 0.00; 0.00; 0.00; 0.00; 0
73; 1.0000; 0.0000; 0.0000; 0.0000; 0.3775; 0.3508; 0.0015; 0.1086; 73317.10; 101.44; 7173.08; 73317.10; 101.44; 7173.08; 0.0000; 0.0000; 0.0000; 1.0000; 0.0000; 0.0000; 0.00; 0.00; 0.00; 0.00; 0.00; 0.00; 0.00; 0.00; 0.00; 0
74; 1.0000; 0.0000; 0.0000; 0.0000; 0.3775; 0.3548; 0.0015; 0.1089; 73254.02; 101.41; 7171.00; 73254.02; 101.41; 7171.00; 0.0000; 0.0000; 0.0000; 1.0000; 0.0000; 0.0000; 0.00; 0.00; 0.00; 0.00; 0.00; 0.00; 0.00; 0.00; 0.00; 0
75; 1.0000; 0.0000; 0.0000; 0.0000; 0.3775; 0.3534; 0.0015; 0.1084; 73299.40; 100.60; 7113.69; 73299.40; 100.60; 7113.69; 0.0000; 0.0000; 0.0000; 1.0000; 0.0000; 0.0000; 0.00; 0.00; 0.00; 0.00; 0.00; 0.00; 0.00; 0.00; 0.00; 0
76; 1.0000; 0.0000; 0.0000; 0.0000; 0.3775; 0.3533; 0.0015; 0.1076; 73187.62; 101.71; 7191.73; 73187.62; 101.71; 7191.73; 0.0000; 0.0000; 0.0000; 1.0000; 0.0000; 0.0000; 0.00; 0.00; 0.00; 0.00; 0.00; 0.00; 0.00; 0.00; 0.00; 0
77; 1.0000; 0.0000; 0.0000; 0.0000; 0.3775; 0.3522; 0.0015; 0.1073; 73388.05; 100.89; 7133.67; 73388.05; 100.89; 7133.67; 0.0000; 0.0000; 0.0000; 1.0000; 0.0000; 0.0000; 0.00; 0.00; 0.00; 0.00; 0.00; 0.00; 0.00; 0.00; 0.00; 0
78; 1.0000; 0.0000; 0.0000; 0.0000; 0.3775; 0.3534; 0.0015; 0.1070; 73066.87; 101.88; 7204.29; 73066.87; 101.88; 7204.29; 0.0000; 0.0000; 0.0000; 1.0000; 0.0000; 0.0000; 0.00; 0.00; 0.00; 0.00; 0.00; 0.00; 0.00; 0.00; 0.00; 0
79; 1.0000; 0.0000; 0.0000; 0.0000; 0.3775; 0.3539; 0.0015; 0.1070; 73296.80; 100.67; 7118.75; 73296.80; 100.67; 7118.75; 0.0000; 0.0000; 0.0000; 1.0000; 0.0000; 0.0000; 0.00; 0.00; 0.00; 0.00; 0.00; 0.00; 0.00; 0.00; 0.00; 0
80; 1.0000; 0.0000; 0.0000; 0.0000; 0.3775; 0.3535; 0.0015; 0.1090; 73147.14; 102.44; 7243.91; 73147.14; 102.44; 7243.91; 0.0000; 0.0000; 0.0000; 1.0000; 0.0000; 0.0000; 0.00; 0.00; 0.00; 0.00; 0.00; 0.00; 0.00; 0.00; 0.00; 0
81; 1.0000; 0.0000; 0.0000; 0.0000; 0.3775; 0.3549; 0.0015; 0.1089; 73301.57; 101.17; 7154.11; 73301.57; 101.17; 7154.11; 0.0000; 0.0000; 0.0000; 1.0000; 0.0000; 0.0000; 0.00; 0.00; 0.00; 0.00; 0.00; 0.00; 0.00; 0.00; 0.00; 0
82; 1.0000; 0.0000; 0.0000; 0.0000; 0.3775; 0.3535; 0.0015; 0.1068; 73395.67; 100.38; 7097.96; 73395.67; 100.38; 7097.96; 0.0000; 0.0000; 0.0000; 1.0000; 0.0000; 0.0000; 0.00; 0.00; 0.00; 0.00; 0.00; 0.00; 0.00; 0.00; 0.00; 0
83; 1.0000; 0.0000; 0.0000; 0.0000; 0.3775; 0.3543; 0.0015; 0.1081; 73318.77; 101.25; 7159.81; 73318.77; 101.25; 7159.81; 0.0000; 0.0000; 0.0000; 1.0000; 0.0000; 0.0000; 0.00; 0.00; 0.00; 0.00; 0.00; 0.00; 0.00; 0.00; 0.00; 0
84; 1.0000; 0.0000; 0.0000; 0.0000; 0.3775; 0.3535; 0.0015; 0.1085; 73236.68; 101.71; 7192.19; 73236.68; 101.71; 7192.19; 0.0000; 0.0000; 0.0000; 1.0000; 0.0000; 0.0000; 0.00; 0.00; 0.00; 0.00; 0.00; 0.00; 0.00; 0.00; 0.00; 0
85; 1.0000; 0.0000; 0.0000; 0.0000; 0.3775; 0.3533; 0.0015; 0.1079; 73258.09; 100.16; 7082.05; 73258.09; 100.16; 7082.05; 0.0000; 0.0000; 0.0000; 1.0000; 0.0000; 0.0000; 0.00; 0.00; 0.00; 0.00; 0.00; 0.00; 0.00; 0.00; 0.00; 0
86; 1.0000; 0.0000; 0.0000; 0.0000; 0.3775; 0.3520; 0.0015; 0.1088; 73150.80; 100.18; 7084.11; 73150.80; 100.18; 7084.11; 0.0000; 0.0000; 0.0000; 1.0000; 0.0000; 0.0000; 0.00; 0.00; 0.00; 0.00; 0.00; 0.00; 0.00; 0.00; 0.00; 0
87; 1.0000; 0.0000; 0.0000; 0.0000; 0.3775; 0.3546; 0.0015; 0.1089; 73265.78; 102.52; 7249.35; 73265.78; 102.52; 7249.35; 0.0000; 0.0000; 0.0000; 1.0000; 0.0000; 0.0000; 0.00; 0.00; 0.00; 0.00; 0.00; 0.00; 0.00; 0.00; 0.00; 0
88; 1.0000; 0.0000; 0.0000; 0.0000; 0.3775; 0.3531; 0.0015; 0.1062; 73242.15; 101.25; 7159.60; 73242.15; 101.25; 7159.60; 0.0000; 0.0000; 0.0000; 1.0000; 0.0000; 0.0000; 0.00; 0.00; 0.00; 0.00; 0.00; 0.00; 0.00; 0.00; 0.00; 0
89; 1.0000; 0.0000; 0.0000; 0.0000; 0.3775; 0.3530; 0.0015; 0.1074; 73363.50; 100.63; 7115.80; 73363.50; 100.63; 7115.80; 0.0000; 0.0000; 0.0000; 1.0000; 0.0000; 0.0000; 0.00; 0.00; 0.00; 0.00; 0.00; 0.00; 0.00; 0.00; 0.00; 0
90; 1.0000; 0.0000; 0.0000; 0.0000; 0.3775; 0.3551; 0.0015; 0.1078; 73276.80; 102.75; 7265.49; 73276.80; 102.75; 7265.49; 0.0000; 0.0000; 0.0000; 1.0000; 0.0000; 0.0000; 0.00; 0.00; 0.00; 0.00; 0.00; 0.00; 0.00; 0.00; 0.00; 0
91; 1.0000; 0.0000; 0.0000; 0.0000; 0.3775; 0.3522; 0.0015; 0.1083; 73230.67; 102.90; 7276.05; 73230.67; 102.90; 7276.05; 0.0000; 0.0000; 0.0000; 1.0000; 0.0000; 0.0000; 0.00; 0.00; 0.00; 0.00; 0.00; 0.00; 0.00; 0.00; 0.00; 0
92; 1.0000; 0.0000; 0.0000; 0.0000; 0.3775; 0.3568; 0.0015; 0.1076; 73219.01; 100.35; 7095.96; 73219.01; 100.35; 7095.96; 0.0000; 0.0000; 0.0000; 1.0000; 0.0000; 0.0000; 0.00; 0.00; 0.00; 0.00; 0.00; 0.00; 0.00; 0.00; 0.00; 0
93; 1.0000; 0.0000; 0.0000; 0.0000; 0.3775; 0.3557; 0.0015; 0.1061; 73215.15; 104.25; 7371.84; 73215.15; 104.25; 7371.84; 0.0000; 0.0000; 0.0000; 1.0000; 0.0000; 0.0000; 0.00; 0.00; 0.00; 0.00; 0.00; 0.00; 0.00; 0.00; 0.00; 0
94; 1.0000; 0.0000; 0.0000; 0.0000; 0.3775; 0.3529; 0.0015; 0.1081; 73344.50; 100.30; 7092.26; 73344.50; 100.30; 7092.26; 0.0000; 0.0000; 0.0000; 1.0000; 0.0000; 0.0000; 0.00; 0.00; 0.00; 0.00; 0.00; 0.00; 0.00; 0.00; 0.00; 0
95; 1.0000; 0.0000; 0.0000; 0.0000; 0.3775; 0.3527; 0.0015; 0.1082; 73286.77; 102.99; 7282.35; 73286.77; 102.99; 7282.35; 0.0000; 0.0000; 0.0000; 1.0000; 0.0000; 0.0000; 0.00; 0.00; 0.00; 0.00; 0.00; 0.00; 0.00; 0.00; 0.00; 0
96; 1.0000; 0.0000; 0.0000; 0.0000; 0.3775; 0.3536; 0.0015; 0.1083; 73323.51; 100.03; 7073.26; 73323.51; 100.03; 7073.26; 0.0000; 0.0000; 0.0000; 1.0000; 0.0000; 0.0000; 0.00; 0.00; 0.00; 0.00; 0.00; 0.00; 0.00; 0.00; 0.00; 0
97; 1.0000; 0.0000; 0.0000; 0.0000; 0.3775; 0.3535; 0.0015; 0.1079; 73124.97; 100.40; 7099.68; 73124.97; 100.40; 7099.68; 0.0000; 0.0000; 0.0000; 1.0000; 0.0000; 0.0000; 0.00; 0.00; 0.00; 0.00; 0.00; 0.00; 0.00; 0.00; 0.00; 0
98; 1.0000; 0.0000; 0.0000; 0.0000; 0.3775; 0.3542; 0.0015; 0.1092; 73236.55; 101.12; 7150.51; 73236.55; 101.12; 7150.51; 0.0000; 0.0000; 0.0000; 1.0000; 0.0000; 0.0000; 0.00; 0.00; 0.00; 0.00; 0.00; 0.00; 0.00; 0.00; 0.00; 0
99; 1.0000; 0.0000; 0.0000; 0.0000; 0.3775; 0.3552; 0.0015; 0.1061; 73146.87; 101.94; 7208.09; 73146.87; 101.94; 7208.09; 0.0000; 0.0000; 0.0000; 1.0000; 0.0000; 0.0000; 0.00; 0.00; 0.00; 0.00; 0.00; 0.00; 0.00; 0.00; 0.00; 0
100; 1.0000; 0.0000; 0.0000; 0.0000; 0.3775; 0.3556; 0.0015; 0.1070; 73260.06; 99.53; 7037.62; 73260.06; 99.53; 7037.62; 0.0000; 0.0000; 0.0000; 1.0000; 0.0000; 0.0000; 0.00; 0.00; 0.00; 0.00; 0.00; 0.00; 0.00; 0.00; 0.00; 0
