    Year (Census)
    Proportion of populations extant, SE
    Proportion of populations going extinct for the first time in year, SE
    Deterministic growth, Stochastic growth, SE, SD
    Mean population size (across extant populations), SE, SD
    Mean population size (across all populations), SE, SD
    Population-based model: No genetic data (12 skipped fields)



    Mean time to extinction, SE, SD
    Median time to extinction
Year;PExtant;SE(PExtant);PExtinct;SE(PExtinct);det-r;stoch-r;SE(r);SD(r);N-extant;SE(N-extant);SD(N-extant);N-all;SE(N-all);SD(N-all);GeneDiv;SE(GD);SD(GD);Inbreed;SE(Inbr);SD(Inbr);nAlleles;SE(nAlleles);SD(nAlleles);nLethals;SE(nLethals);SD(nLethals);TE;SE(TE);SD(TE);medianTE
Default Scenario
Population 1: Population1
0; 1.0000; 0.0000; 0.0000; 0.0000; 0.4416;      0;      0;      0; 30950.00; 0.00; 0.00; 30950.00; 0.00; 0.00; 0.0000; 0.0000; 0.0000; 1.0000; 0.0000; 0.0000; 0.00; 0.00; 0.00; 0.00; 0.00; 0.00; 0.00; 0.00; 0.00; 0
1; 1.0000; 0.0000; 0.0000; 0.0000; 0.4416; 0.4364; 0.0015; 0.1026; 30919.89; 43.54; 3079.01; 30919.89; 43.54; 3079.01; 0.0000; 0.0000; 0.0000; 1.0000; 0.0000; 0.0000; 0.00; 0.00; 0.00; 0.00; 0.00; 0.00; 0.00; 0.00; 0.00; 0
2; 1.0000; 0.0000; 0.0000; 0.0000; 0.4416; 0.4360; 0.0014; 0.1005; 30905.34; 43.19; 3054.22; 30905.34; 43.19; 3054.22; 0.0000; 0.0000; 0.0000; 1.0000; 0.0000; 0.0000; 0.00; 0.00; 0.00; 0.00; 0.00; 0.00; 0.00; 0.00; 0.00; 0
3; 1.0000; 0.0000; 0.0000; 0.0000; 0.4416; 0.4365; 0.0015; 0.1028; 30882.29; 43.50; 3076.24; 30882.29; 43.50; 3076.24; 0.0000; 0.0000; 0.0000; 1.0000; 0.0000; 0.0000; 0.00; 0.00; 0.00; 0.00; 0.00; 0.00; 0.00; 0.00; 0.00; 0
4; 1.0000; 0.0000; 0.0000; 0.0000; 0.4416; 0.4360; 0.0014; 0.1023; 30870.87; 43.09; 3046.92; 30870.87; 43.09; 3046.92; 0.0000; 0.0000; 0.0000; 1.0000; 0.0000; 0.0000; 0.00; 0.00; 0.00; 0.00; 0.00; 0.00; 0.00; 0.00; 0.00; 0
5; 1.0000; 0.0000; 0.0000; 0.0000; 0.4416; 0.4366; 0.0015; 0.1026; 30937.84; 43.42; 3070.48; 30937.84; 43.42; 3070.48; 0.0000; 0.0000; 0.0000; 1.0000; 0.0000; 0.0000; 0.00; 0.00; 0.00; 0.00; 0.00; 0.00; 0.00; 0.00; 0.00; 0
6; 1.0000; 0.0000; 0.0000; 0.0000; 0.4416; 0.4349; 0.0015; 0.1029; 31031.10; 42.34; 2993.67; 31031.10; 42.34; 2993.67; 0.0000; 0.0000; 0.0000; 1.0000; 0.0000; 0.0000; 0.00; 0.00; 0.00; 0.00; 0.00; 0.00; 0.00; 0.00; 0.00; 0
7; 1.0000; 0.0000; 0.0000; 0.0000; 0.4416; 0.4337; 0.0015; 0.1045; 30951.32; 43.48; 3074.33; 30951.32; 43.48; 3074.33; 0.0000; 0.0000; 0.0000; 1.0000; 0.0000; 0.0000; 0.00; 0.00; 0.00; 0.00; 0.00; 0.00; 0.00; 0.00; 0.00; 0
8; 1.0000; 0.0000; 0.0000; 0.0000; 0.4416; 0.4367; 0.0014; 0.1024; 30957.12; 43.70; 3089.83; 30957.12; 43.70; 3089.83; 0.0000; 0.0000; 0.0000; 1.0000; 0.0000; 0.0000; 0.00; 0.00; 0.00; 0.00; 0.00; 0.00; 0.00; 0.00; 0.00; 0
9; 1.0000; 0.0000; 0.0000; 0.0000; 0.4416; 0.4385; 0.0014; 0.1024; 30901.50; 43.54; 3079.05; 30901.50; 43.54; 3079.05; 0.0000; 0.0000; 0.0000; 1.0000; 0.0000; 0.0000; 0.00; 0.00; 0.00; 0.00; 0.00; 0.00; 0.00; 0.00; 0.00; 0
10; 1.0000; 0.0000; 0.0000; 0.0000; 0.4416; 0.4369; 0.0015; 0.1027; 30874.48; 42.92; 3035.19; 30874.48; 42.92; 3035.19; 0.0000; 0.0000; 0.0000; 1.0000; 0.0000; 0.0000; 0.00; 0.00; 0.00; 0.00; 0.00; 0.00; 0.00; 0.00; 0.00; 0
11; 1.0000; 0.0000; 0.0000; 0.0000; 0.4416; 0.4345; 0.0015; 0.1036; 30928.52; 42.74; 3022.43; 30928.52; 42.74; 3022.43; 0.0000; 0.0000; 0.0000; 1.0000; 0.0000; 0.0000; 0.00; 0.00; 0.00; 0.00; 0.00; 0.00; 0.00; 0.00; 0.00; 0
12; 1.0000; 0.0000; 0.0000; 0.0000; 0.4416; 0.4374; 0.0014; 0.1009; 30952.71; 43.04; 3043.19; 30952.71; 43.04; 3043.19; 0.0000; 0.0000; 0.0000; 1.0000; 0.0000; 0.0000; 0.00; 0.00; 0.00; 0.00; 0.00; 0.00; 0.00; 0.00; 0.00; 0
13; 1.0000; 0.0000; 0.0000; 0.0000; 0.4416; 0.4342; 0.0015; 0.1028; 31019.06; 43.98; 3109.95; 31019.06; 43.98; 3109.95; 0.0000; 0.0000; 0.0000; 1.0000; 0.0000; 0.0000; 0.00; 0.00; 0.00; 0.00; 0.00; 0.00; 0.00; 0.00; 0.00; 0
14; 1.0000; 0.0000; 0.0000; 0.0000; 0.4416; 0.4375; 0.0015; 0.1033; 30964.86; 43.29; 3061.38; 30964.86; 43.29; 3061.38; 0.0000; 0.0000; 0.0000; 1.0000; 0.0000; 0.0000; 0.00; 0.00; 0.00; 0.00; 0.00; 0.00; 0.00; 0.00; 0.00; 0
15; 1.0000; 0.0000; 0.0000; 0.0000; 0.4416; 0.4359; 0.0014; 0.1016; 30969.34; 43.37; 3066.62; 30969.34; 43.37; 3066.62; 0.0000; 0.0000; 0.0000; 1.0000; 0.0000; 0.0000; 0.00; 0.00; 0.00; 0.00; 0.00; 0.00; 0.00; 0.00; 0.00; 0
16; 1.0000; 0.0000; 0.0000; 0.0000; 0.4416; 0.4362; 0.0014; 0.1024; 30955.80; 43.54; 3078.75; 30955.80; 43.54; 3078.75; 0.0000; 0.0000; 0.0000; 1.0000; 0.0000; 0.0000; 0.00; 0.00; 0.00; 0.00; 0.00; 0.00; 0.00; 0.00; 0.00; 0
17; 1.0000; 0.0000; 0.0000; 0.0000; 0.4416; 0.4373; 0.0014; 0.1012; 30872.83; 43.39; 3068.28; 30872.83; 43.39; 3068.28; 0.0000; 0.0000; 0.0000; 1.0000; 0.0000; 0.0000; 0.00; 0.00; 0.00; 0.00; 0.00; 0.00; 0.00; 0.00; 0.00; 0
18; 1.0000; 0.0000; 0.0000; 0.0000; 0.4416; 0.4368; 0.0014; 0.1023; 30925.22; 43.61; 3083.88; 30925.22; 43.61; 3083.88; 0.0000; 0.0000; 0.0000; 1.0000; 0.0000; 0.0000; 0.00; 0.00; 0.00; 0.00; 0.00; 0.00; 0.00; 0.00; 0.00; 0
19; 1.0000; 0.0000; 0.0000; 0.0000; 0.4416; 0.4372; 0.0015; 0.1035; 30968.65; 43.18; 3053.40; 30968.65; 43.18; 3053.40; 0.0000; 0.0000; 0.0000; 1.0000; 0.0000; 0.0000; 0.00; 0.00; 0.00; 0.00; 0.00; 0.00; 0.00; 0.00; 0.00; 0
20; 1.0000; 0.0000; 0.0000; 0.0000; 0.4416; 0.4337; 0.0015; 0.1028; 30932.73; 43.50; 3075.83; 30932.73; 43.50; 3075.83; 0.0000; 0.0000; 0.0000; 1.0000; 0.0000; 0.0000; 0.00; 0.00; 0.00; 0.00; 0.00; 0.00; 0.00; 0.00; 0.00; 0
21; 1.0000; 0.0000; 0.0000; 0.0000; 0.4416; 0.4362; 0.0015; 0.1036; 30938.63; 43.05; 3044.42; 30938.63; 43.05; 3044.42; 0.0000; 0.0000; 0.0000; 1.0000; 0.0000; 0.0000; 0.00; 0.00; 0.00; 0.00; 0.00; 0.00; 0.00; 0.00; 0.00; 0
22; 1.0000; 0.0000; 0.0000; 0.0000; 0.4416; 0.4357; 0.0014; 0.1013; 30904.46; 42.96; 3037.63; 30904.46; 42.96; 3037.63; 0.0000; 0.0000; 0.0000; 1.0000; 0.0000; 0.0000; 0.00; 0.00; 0.00; 0.00; 0.00; 0.00; 0.00; 0.00; 0.00; 0
23; 1.0000; 0.0000; 0.0000; 0.0000; 0.4416; 0.4387; 0.0015; 0.1026; 30950.19; 43.27; 3059.45; 30950.19; 43.27; 3059.45; 0.0000; 0.0000; 0.0000; 1.0000; 0.0000; 0.0000; 0.00; 0.00; 0.00; 0.00; 0.00; 0.00; 0.00; 0.00; 0.00; 0
24; 1.0000; 0.0000; 0.0000; 0.0000; 0.4416; 0.4352; 0.0015; 0.1046; 30932.46; 43.65; 3086.52; 30932.46; 43.65; 3086.52; 0.0000; 0.0000; 0.0000; 1.0000; 0.0000; 0.0000; 0.00; 0.00; 0.00; 0.00; 0.00; 0.00; 0.00; 0.00; 0.00; 0
25; 1.0000; 0.0000; 0.0000; 0.0000; 0.4416; 0.4359; 0.0014; 0.1017; 30989.43; 42.75; 3022.71; 30989.43; 42.75; 3022.71; 0.0000; 0.0000; 0.0000; 1.0000; 0.0000; 0.0000; 0.00; 0.00; 0.00; 0.00; 0.00; 0.00; 0.00; 0.00; 0.00; 0
26; 1.0000; 0.0000; 0.0000; 0.0000; 0.4416; 0.4361; 0.0014; 0.1021; 30912.08; 43.62; 3084.47; 30912.08; 43.62; 3084.47; 0.0000; 0.0000; 0.0000; 1.0000; 0.0000; 0.0000; 0.00; 0.00; 0.00; 0.00; 0.00; 0.00; 0.00; 0.00; 0.00; 0
27; 1.0000; 0.0000; 0.0000; 0.0000; 0.4416; 0.4388; 0.0014; 0.1005; 30876.27; 42.79; 3026.00; 30876.27; 42.79; 3026.00; 0.0000; 0.0000; 0.0000; 1.0000; 0.0000; 0.0000; 0.00; 0.00; 0.00; 0.00; 0.00; 0.00; 0.00; 0.00; 0.00; 0
28; 1.0000; 0.0000; 0.0000; 0.0000; 0.4416; 0.4348; 0.0015; 0.1027; 30932.53; 43.03; 3042.89; 30932.53; 43.03; 3042.89; 0.0000; 0.0000; 0.0000; 1.0000; 0.0000; 0.0000; 0.00; 0.00; 0.00; 0.00; 0.00; 0.00; 0.00; 0.00; 0.00; 0
29; 1.0000; 0.0000; 0.0000; 0.0000; 0.4416; 0.4374; 0.0014; 0.1024; 30884.98; 42.79; 3025.53; 30884.98; 42.79; 3025.53; 0.0000; 0.0000; 0.0000; 1.0000; 0.0000; 0.0000; 0.00; 0.00; 0.00; 0.00; 0.00; 0.00; 0.00; 0.00; 0.00; 0
30; 1.0000; 0.0000; 0.0000; 0.0000; 0.4416; 0.4384; 0.0014; 0.1018; 30971.48; 43.62; 3084.10; 30971.48; 43.62; 3084.10; 0.0000; 0.0000; 0.0000; 1.0000; 0.0000; 0.0000; 0.00; 0.00; 0.00; 0.00; 0.00; 0.00; 0.00; 0.00; 0.00; 0
31; 1.0000; 0.0000; 0.0000; 0.0000; 0.4416; 0.4375; 0.0015; 0.1040; 30899.58; 43.48; 3074.18; 30899.58; 43.48; 3074.18; 0.0000; 0.0000; 0.0000; 1.0000; 0.0000; 0.0000; 0.00; 0.00; 0.00; 0.00; 0.00; 0.00; 0.00; 0.00; 0.00; 0
32; 1.0000; 0.0000; 0.0000; 0.0000; 0.4416; 0.4356; 0.0014; 0.1018; 30931.48; 42.73; 3021.49; 30931.48; 42.73; 3021.49; 0.0000; 0.0000; 0.0000; 1.0000; 0.0000; 0.0000; 0.00; 0.00; 0.00; 0.00; 0.00; 0.00; 0.00; 0.00; 0.00; 0
33; 1.0000; 0.0000; 0.0000; 0.0000; 0.4416; 0.4365; 0.0015; 0.1036; 30930.01; 43.40; 3068.89; 30930.01; 43.40; 3068.89; 0.0000; 0.0000; 0.0000; 1.0000; 0.0000; 0.0000; 0.00; 0.00; 0.00; 0.00; 0.00; 0.00; 0.00; 0.00; 0.00; 0
34; 1.0000; 0.0000; 0.0000; 0.0000; 0.4416; 0.4370; 0.0015; 0.1026; 30844.63; 42.95; 3037.24; 30844.63; 42.95; 3037.24; 0.0000; 0.0000; 0.0000; 1.0000; 0.0000; 0.0000; 0.00; 0.00; 0.00; 0.00; 0.00; 0.00; 0.00; 0.00; 0.00; 0
35; 1.0000; 0.0000; 0.0000; 0.0000; 0.4416; 0.4386; 0.0015; 0.1026; 30896.71; 43.77; 3094.76; 30896.71; 43.77; 3094.76; 0.0000; 0.0000; 0.0000; 1.0000; 0.0000; 0.0000; 0.00; 0.00; 0.00; 0.00; 0.00; 0.00; 0.00; 0.00; 0.00; 0
36; 1.0000; 0.0000; 0.0000; 0.0000; 0.4416; 0.4349; 0.0015; 0.1033; 30922.06; 43.40; 3069.09; 30922.06; 43.40; 3069.09; 0.0000; 0.0000; 0.0000; 1.0000; 0.0000; 0.0000; 0.00; 0.00; 0.00; 0.00; 0.00; 0.00; 0.00; 0.00; 0.00; 0
37; 1.0000; 0.0000; 0.0000; 0.0000; 0.4416; 0.4360; 0.0014; 0.1008; 30867.11; 42.94; 3036.61; 30867.11; 42.94; 3036.61; 0.0000; 0.0000; 0.0000; 1.0000; 0.0000; 0.0000; 0.00; 0.00; 0.00; 0.00; 0.00; 0.00; 0.00; 0.00; 0.00; 0
38; 1.0000; 0.0000; 0.0000; 0.0000; 0.4416; 0.4348; 0.0014; 0.1021; 31044.74; 43.07; 3045.54; 31044.74; 43.07; 3045.54; 0.0000; 0.0000; 0.0000; 1.0000; 0.0000; 0.0000; 0.00; 0.00; 0.00; 0.00; 0.00; 0.00; 0.00; 0.00; 0.00; 0
39; 1.0000; 0.0000; 0.0000; 0.0000; 0.4416; 0.4358; 0.0014; 0.1021; 30962.96; 42.71; 3020.14; 30962.96; 42.71; 3020.14; 0.0000; 0.0000; 0.0000; 1.0000; 0.0000; 0.0000; 0.00; 0.00; 0.00; 0.00; 0.00; 0.00; 0.00; 0.00; 0.00; 0
40; 1.0000; 0.0000; 0.0000; 0.0000; 0.4416; 0.4370; 0.0015; 0.1030; 30910.54; 44.14; 3121.14; 30910.54; 44.14; 3121.14; 0.0000; 0.0000; 0.0000; 1.0000; 0.0000; 0.0000; 0.00; 0.00; 0.00; 0.00; 0.00; 0.00; 0.00; 0.00; 0.00; 0
41; 1.0000; 0.0000; 0.0000; 0.0000; 0.4416; 0.4341; 0.0015; 0.1035; 30949.51; 43.70; 3090.22; 30949.51; 43.70; 3090.22; 0.0000; 0.0000; 0.0000; 1.0000; 0.0000; 0.0000; 0.00; 0.00; 0.00; 0.00; 0.00; 0.00; 0.00; 0.00; 0.00; 0
42; 1.0000; 0.0000; 0.0000; 0.0000; 0.4416; 0.4376; 0.0014; 0.1023; 30913.68; 43.15; 3051.13; 30913.68; 43.15; 3051.13; 0.0000; 0.0000; 0.0000; 1.0000; 0.0000; 0.0000; 0.00; 0.00; 0.00; 0.00; 0.00; 0.00; 0.00; 0.00; 0.00; 0
43; 1.0000; 0.0000; 0.0000; 0.0000; 0.4416; 0.4361; 0.0015; 0.1035; 30959.51; 43.74; 3093.13; 30959.51; 43.74; 3093.13; 0.0000; 0.0000; 0.0000; 1.0000; 0.0000; 0.0000; 0.00; 0.00; 0.00; 0.00; 0.00; 0.00; 0.00; 0.00; 0.00; 0
44; 1.0000; 0.0000; 0.0000; 0.0000; 0.4416; 0.4380; 0.0014; 0.1024; 30879.97; 42.78; 3025.23; 30879.97; 42.78; 3025.23; 0.0000; 0.0000; 0.0000; 1.0000; 0.0000; 0.0000; 0.00; 0.00; 0.00; 0.00; 0.00; 0.00; 0.00; 0.00; 0.00; 0
45; 1.0000; 0.0000; 0.0000; 0.0000; 0.4416; 0.4362; 0.0014; 0.1009; 30930.31; 43.79; 3096.68; 30930.31; 43.79; 3096.68; 0.0000; 0.0000; 0.0000; 1.0000; 0.0000; 0.0000; 0.00; 0.00; 0.00; 0.00; 0.00; 0.00; 0.00; 0.00; 0.00; 0
46; 1.0000; 0.0000; 0.0000; 0.0000; 0.4416; 0.4368; 0.0014; 0.1021; 30986.31; 43.33; 3063.88; 30986.31; 43.33; 3063.88; 0.0000; 0.0000; 0.0000; 1.0000; 0.0000; 0.0000; 0.00; 0.00; 0.00; 0.00; 0.00; 0.00; 0.00; 0.00; 0.00; 0
47; 1.0000; 0.0000; 0.0000; 0.0000; 0.4416; 0.4398; 0.0014; 0.1024; 30929.89; 42.41; 2999.19; 30929.89; 42.41; 2999.19; 0.0000; 0.0000; 0.0000; 1.0000; 0.0000; 0.0000; 0.00; 0.00; 0.00; 0.00; 0.00; 0.00; 0.00; 0.00; 0.00; 0
48; 1.0000; 0.0000; 0.0000; 0.0000; 0.4416; 0.4350; 0.0015; 0.1037; 30939.39; 43.35; 3065.07; 30939.39; 43.35; 3065.07; 0.0000; 0.0000; 0.0000; 1.0000; 0.0000; 0.0000; 0.00; 0.00; 0.00; 0.00; 0.00; 0.00; 0.00; 0.00; 0.00; 0
49; 1.0000; 0.0000; 0.0000; 0.0000; 0.4416; 0.4357; 0.0014; 0.1006; 30909.44; 43.26; 3059.14; 30909.44; 43.26; 3059.14; 0.0000; 0.0000; 0.0000; 1.0000; 0.0000; 0.0000; 0.00; 0.00; 0.00; 0.00; 0.00; 0.00; 0.00; 0.00; 0.00; 0
50; 1.0000; 0.0000; 0.0000; 0.0000; 0.4416; 0.4373; 0.0015; 0.1030; 30917.41; 43.53; 3078.36; 30917.41; 43.53; 3078.36; 0.0000; 0.0000; 0.0000; 1.0000; 0.0000; 0.0000; 0.00; 0.00; 0.00; 0.00; 0.00; 0.00; 0.00; 0.00; 0.00; 0
51; 1.0000; 0.0000; 0.0000; 0.0000; 0.4416; 0.4350; 0.0015; 0.1027; 30921.95; 43.85; 3100.95; 30921.95; 43.85; 3100.95; 0.0000; 0.0000; 0.0000; 1.0000; 0.0000; 0.0000; 0.00; 0.00; 0.00; 0.00; 0.00; 0.00; 0.00; 0.00; 0.00; 0
52; 1.0000; 0.0000; 0.0000; 0.0000; 0.4416; 0.4377; 0.0014; 0.1007; 30959.54; 43.84; 3100.18; 30959.54; 43.84; 3100.18; 0.0000; 0.0000; 0.0000; 1.0000; 0.0000; 0.0000; 0.00; 0.00; 0.00; 0.00; 0.00; 0.00; 0.00; 0.00; 0.00; 0
53; 1.0000; 0.0000; 0.0000; 0.0000; 0.4416; 0.4362; 0.0015; 0.1028; 30847.28; 43.23; 3056.58; 30847.28; 43.23; 3056.58; 0.0000; 0.0000; 0.0000; 1.0000; 0.0000; 0.0000; 0.00; 0.00; 0.00; 0.00; 0.00; 0.00; 0.00; 0.00; 0.00; 0
54; 1.0000; 0.0000; 0.0000; 0.0000; 0.4416; 0.4392; 0.0014; 0.1023; 30877.43; 43.35; 3065.14; 30877.43; 43.35; 3065.14; 0.0000; 0.0000; 0.0000; 1.0000; 0.0000; 0.0000; 0.00; 0.00; 0.00; 0.00; 0.00; 0.00; 0.00; 0.00; 0.00; 0
55; 1.0000; 0.0000; 0.0000; 0.0000; 0.4416; 0.4337; 0.0015; 0.1036; 30970.00; 43.59; 3082.61; 30970.00; 43.59; 3082.61; 0.0000; 0.0000; 0.0000; 1.0000; 0.0000; 0.0000; 0.00; 0.00; 0.00; 0.00; 0.00; 0.00; 0.00; 0.00; 0.00; 0
56; 1.0000; 0.0000; 0.0000; 0.0000; 0.4416; 0.4346; 0.0014; 0.1019; 30848.51; 43.41; 3069.72; 30848.51; 43.41; 3069.72; 0.0000; 0.0000; 0.0000; 1.0000; 0.0000; 0.0000; 0.00; 0.00; 0.00; 0.00; 0.00; 0.00; 0.00; 0.00; 0.00; 0
57; 1.0000; 0.0000; 0.0000; 0.0000; 0.4416; 0.4354; 0.0014; 0.1016; 30992.13; 42.72; 3021.07; 30992.13; 42.72; 3021.07; 0.0000; 0.0000; 0.0000; 1.0000; 0.0000; 0.0000; 0.00; 0.00; 0.00; 0.00; 0.00; 0.00; 0.00; 0.00; 0.00; 0
58; 1.0000; 0.0000; 0.0000; 0.0000; 0.4416; 0.4386; 0.0015; 0.1037; 30869.82; 43.40; 3068.58; 30869.82; 43.40; 3068.58; 0.0000; 0.0000; 0.0000; 1.0000; 0.0000; 0.0000; 0.00; 0.00; 0.00; 0.00; 0.00; 0.00; 0.00; 0.00; 0.00; 0
59; 1.0000; 0.0000; 0.0000; 0.0000; 0.4416; 0.4369; 0.0014; 0.1016; 30909.09; 42.98; 3039.47; 30909.09; 42.98; 3039.47; 0.0000; 0.0000; 0.0000; 1.0000; 0.0000; 0.0000; 0.00; 0.00; 0.00; 0.00; 0.00; 0.00; 0.00; 0.00; 0.00; 0
60; 1.0000; 0.0000; 0.0000; 0.0000; 0.4416; 0.4362; 0.0014; 0.1006; 30926.74; 42.59; 3011.83; 30926.74; 42.59; 3011.83; 0.0000; 0.0000; 0.0000; 1.0000; 0.0000; 0.0000; 0.00; 0.00; 0.00; 0.00; 0.00; 0.00; 0.00; 0.00; 0.00; 0
61; 1.0000; 0.0000; 0.0000; 0.0000; 0.4416; 0.4351; 0.0014; 0.1019; 31004.38; 43.65; 3086.52; 31004.38; 43.65; 3086.52; 0.0000; 0.0000; 0.0000; 1.0000; 0.0000; 0.0000; 0.00; 0.00; 0.00; 0.00; 0.00; 0.00; 0.00; 0.00; 0.00; 0
62; 1.0000; 0.0000; 0.0000; 0.0000; 0.4416; 0.4366; 0.0015; 0.1031; 30975.08; 43.28; 3060.31; 30975.08; 43.28; 3060.31; 0.0000; 0.0000; 0.0000; 1.0000; 0.0000; 0.0000; 0.00; 0.00; 0.00; 0.00; 0.00; 0.00; 0.00; 0.00; 0.00; 0
63; 1.0000; 0.0000; 0.0000; 0.0000; 0.4416; 0.4368; 0.0014; 0.1024; 30850.95; 42.89; 3032.64; 30850.95; 42.89; 3032.64; 0.0000; 0.0000; 0.0000; 1.0000; 0.0000; 0.0000; 0.00; 0.00; 0.00; 0.00; 0.00; 0.00; 0.00; 0.00; 0.00; 0
64; 1.0000; 0.0000; 0.0000; 0.0000; 0.4416; 0.4364; 0.0015; 0.1032; 30888.31; 43.40; 3068.69; 30888.31; 43.40; 3068.69; 0.0000; 0.0000; 0.0000; 1.0000; 0.0000; 0.0000; 0.00; 0.00; 0.00; 0.00; 0.00; 0.00; 0.00; 0.00; 0.00; 0
65; 1.0000; 0.0000; 0.0000; 0.0000; 0.4416; 0.4367; 0.0014; 0.1022; 30957.32; 43.06; 3045.01; 30957.32; 43.06; 3045.01; 0.0000; 0.0000; 0.0000; 1.0000; 0.0000; 0.0000; 0.00; 0.00; 0.00; 0.00; 0.00; 0.00; 0.00; 0.00; 0.00; 0
66; 1.0000; 0.0000; 0.0000; 0.0000; 0.4416; 0.4363; 0.0015; 0.1033; 30954.13; 42.80; 3026.70; 30954.13; 42.80; 3026.70; 0.0000; 0.0000; 0.0000; 1.0000; 0.0000; 0.0000; 0.00; 0.00; 0.00; 0.00; 0.00; 0.00; 0.00; 0.00; 0.00; 0
67; 1.0000; 0.0000; 0.0000; 0.0000; 0.4416; 0.4347; 0.0014; 0.1009; 30964.17; 42.43; 3000.17; 30964.17; 42.43; 3000.17; 0.0000; 0.0000; 0.0000; 1.0000; 0.0000; 0.0000; 0.00; 0.00; 0.00; 0.00; 0.00; 0.00; 0.00; 0.00; 0.00; 0
68; 1.0000; 0.0000; 0.0000; 0.0000; 0.4416; 0.4365; 0.0014; 0.1015; 30940.53; 42.59; 3011.28; 30940.53; 42.59; 3011.28; 0.0000; 0.0000; 0.0000; 1.0000; 0.0000; 0.0000; 0.00; 0.00; 0.00; 0.00; 0.00; 0.00; 0.00; 0.00; 0.00; 0
69; 1.0000; 0.0000; 0.0000; 0.0000; 0.4416; 0.4371; 0.0014; 0.1013; 30893.73; 43.12; 3048.98; 30893.73; 43.12; 3048.98; 0.0000; 0.0000; 0.0000; 1.0000; 0.0000; 0.0000; 0.00; 0.00; 0.00; 0.00; 0.00; 0.00; 0.00; 0.00; 0.00; 0
70; 1.0000; 0.0000; 0.0000; 0.0000; 0.4416; 0.4359; 0.0014; 0.1008; 30941.67; 42.90; 3033.46; 30941.67; 42.90; 3033.46; 0.0000; 0.0000; 0.0000; 1.0000; 0.0000; 0.0000; 0.00; 0.00; 0.00; 0.00; 0.00; 0.00; 0.00; 0.00; 0.00; 0
71; 1.0000; 0.0000; 0.0000; 0.0000; 0.4416; 0.4349; 0.0015; 0.1041; 30994.47; 44.02; 3112.65; 30994.47; 44.02; 3112.65; 0.0000; 0.0000; 0.0000; 1.0000; 0.0000; 0.0000; 0.00; 0.00; 0.00; 0.00; 0.00; 0.00; 0.00; 0.00; 0.00; 0
72; 1.0000; 0.0000; 0.0000; 0.0000; 0.4416; 0.4343; 0.0014; 0.1020; 30950.69; 42.75; 3023.00; 30950.69; 42.75; 3023.00; 0.0000; 0.0000; 0.0000; 1.0000; 0.0000; 0.0000; 0.00; 0.00; 0.00; 0.00; 0.00; 0.00; 0.00; 0.00; 0.00; 0
73; 1.0000; 0.0000; 0.0000; 0.0000; 0.4416; 0.4350; 0.0015; 0.1027; 30963.39; 43.04; 3043.61; 30963.39; 43.04; 3043.61; 0.0000; 0.0000; 0.0000; 1.0000; 0.0000; 0.0000; 0.00; 0.00; 0.00; 0.00; 0.00; 0.00; 0.00; 0.00; 0.00; 0
74; 1.0000; 0.0000; 0.0000; 0.0000; 0.4416; 0.4351; 0.0014; 0.1021; 30971.26; 42.86; 3030.76; 30971.26; 42.86; 3030.76; 0.0000; 0.0000; 0.0000; 1.0000; 0.0000; 0.0000; 0.00; 0.00; 0.00; 0.00; 0.00; 0.00; 0.00; 0.00; 0.00; 0
75; 1.0000; 0.0000; 0.0000; 0.0000; 0.4416; 0.4370; 0.0014; 0.1011; 30924.99; 43.58; 3081.22; 30924.99; 43.58; 3081.22; 0.0000; 0.0000; 0.0000; 1.0000; 0.0000; 0.0000; 0.00; 0.00; 0.00; 0.00; 0.00; 0.00; 0.00; 0.00; 0.00; 0
76; 1.0000; 0.0000; 0.0000; 0.0000; 0.4416; 0.4372; 0.0014; 0.1020; 30920.95; 43.32; 3063.11; 30920.95; 43.32; 3063.11; 0.0000; 0.0000; 0.0000; 1.0000; 0.0000; 0.0000; 0.00; 0.00; 0.00; 0.00; 0.00; 0.00; 0.00; 0.00; 0.00; 0
77; 1.0000; 0.0000; 0.0000; 0.0000; 0.4416; 0.4365; 0.0015; 0.1039; 30886.51; 43.38; 3067.75; 30886.51; 43.38; 3067.75; 0.0000; 0.0000; 0.0000; 1.0000; 0.0000; 0.0000; 0.00; 0.00; 0.00; 0.00; 0.00; 0.00; 0.00; 0.00; 0.00; 0
78; 1.0000; 0.0000; 0.0000; 0.0000; 0.4416; 0.4376; 0.0015; 0.1033; 30917.99; 43.23; 3056.93; 30917.99; 43.23; 3056.93; 0.0000; 0.0000; 0.0000; 1.0000; 0.0000; 0.0000; 0.00; 0.00; 0.00; 0.00; 0.00; 0.00; 0.00; 0.00; 0.00; 0
79; 1.0000; 0.0000; 0.0000; 0.0000; 0.4416; 0.4358; 0.0015; 0.1027; 30963.22; 42.97; 3038.31; 30963.22; 42.97; 3038.31; 0.0000; 0.0000; 0.0000; 1.0000; 0.0000; 0.0000; 0.00; 0.00; 0.00; 0.00; 0.00; 0.00; 0.00; 0.00; 0.00; 0
80; 1.0000; 0.0000; 0.0000; 0.0000; 0.4416; 0.4367; 0.0015; 0.1034; 30934.33; 42.50; 3005.44; 30934.33; 42.50; 3005.44; 0.0000; 0.0000; 0.0000; 1.0000; 0.0000; 0.0000; 0.00; 0.00; 0.00; 0.00; 0.00; 0.00; 0.00; 0.00; 0.00; 0
81; 1.0000; 0.0000; 0.0000; 0.0000; 0.4416; 0.4358; 0.0015; 0.1032; 30920.54; 44.30; 3132.20; 30920.54; 44.30; 3132.20; 0.0000; 0.0000; 0.0000; 1.0000; 0.0000; 0.0000; 0.00; 0.00; 0.00; 0.00; 0.00; 0.00; 0.00; 0.00; 0.00; 0
82; 1.0000; 0.0000; 0.0000; 0.0000; 0.4416; 0.4364; 0.0014; 0.1015; 30831.73; 43.87; 3102.38; 30831.73; 43.87; 3102.38; 0.0000; 0.0000; 0.0000; 1.0000; 0.0000; 0.0000; 0.00; 0.00; 0.00; 0.00; 0.00; 0.00; 0.00; 0.00; 0.00; 0
83; 1.0000; 0.0000; 0.0000; 0.0000; 0.4416; 0.4372; 0.0014; 0.1021; 30939.67; 43.58; 3081.91; 30939.67; 43.58; 3081.91; 0.0000; 0.0000; 0.0000; 1.0000; 0.0000; 0.0000; 0.00; 0.00; 0.00; 0.00; 0.00; 0.00; 0.00; 0.00; 0.00; 0
84; 1.0000; 0.0000; 0.0000; 0.0000; 0.4416; 0.4354; 0.0015; 0.1043; 30941.88; 42.85; 3029.64; 30941.88; 42.85; 3029.64; 0.0000; 0.0000; 0.0000; 1.0000; 0.0000; 0.0000; 0.00; 0.00; 0.00; 0.00; 0.00; 0.00; 0.00; 0.00; 0.00; 0
85; 1.0000; 0.0000; 0.0000; 0.0000; 0.4416; 0.4359; 0.0014; 0.1008; 30946.16; 43.67; 3087.66; 30946.16; 43.67; 3087.66; 0.0000; 0.0000; 0.0000; 1.0000; 0.0000; 0.0000; 0.00; 0.00; 0.00; 0.00; 0.00; 0.00; 0.00; 0.00; 0.00; 0
86; 1.0000; 0.0000; 0.0000; 0.0000; 0.4416; 0.4354; 0.0015; 0.1042; 30923.89; 43.44; 3071.49; 30923.89; 43.44; 3071.49; 0.0000; 0.0000; 0.0000; 1.0000; 0.0000; 0.0000; 0.00; 0.00; 0.00; 0.00; 0.00; 0.00; 0.00; 0.00; 0.00; 0
87; 1.0000; 0.0000; 0.0000; 0.0000; 0.4416; 0.4365; 0.0015; 0.1041; 30942.38; 43.49; 3075.46; 30942.38; 43.49; 3075.46; 0.0000; 0.0000; 0.0000; 1.0000; 0.0000; 0.0000; 0.00; 0.00; 0.00; 0.00; 0.00; 0.00; 0.00; 0.00; 0.00; 0
88; 1.0000; 0.0000; 0.0000; 0.0000; 0.4416; 0.4377; 0.0014; 0.1013; 30911.34; 43.24; 3057.73; 30911.34; 43.24; 3057.73; 0.0000; 0.0000; 0.0000; 1.0000; 0.0000; 0.0000; 0.00; 0.00; 0.00; 0.00; 0.00; 0.00; 0.00; 0.00; 0.00; 0
89; 1.0000; 0.0000; 0.0000; 0.0000; 0.4416; 0.4379; 0.0014; 0.1007; 30936.73; 43.57; 3080.88; 30936.73; 43.57; 3080.88; 0.0000; 0.0000; 0.0000; 1.0000; 0.0000; 0.0000; 0.00; 0.00; 0.00; 0.00; 0.00; 0.00; 0.00; 0.00; 0.00; 0
90; 1.0000; 0.0000; 0.0000; 0.0000; 0.4416; 0.4380; 0.0014; 0.1008; 30856.84; 43.43; 3071.00; 30856.84; 43.43; 3071.00; 0.0000; 0.0000; 0.0000; 1.0000; 0.0000; 0.0000; 0.00; 0.00; 0.00; 0.00; 0.00; 0.00; 0.00; 0.00; 0.00; 0
91; 1.0000; 0.0000; 0.0000; 0.0000; 0.4416; 0.4358; 0.0015; 0.1028; 30918.26; 43.55; 3079.38; 30918.26; 43.55; 3079.38; 0.0000; 0.0000; 0.0000; 1.0000; 0.0000; 0.0000; 0.00; 0.00; 0.00; 0.00; 0.00; 0.00; 0.00; 0.00; 0.00; 0
92; 1.0000; 0.0000; 0.0000; 0.0000; 0.4416; 0.4359; 0.0014; 0.1017; 30870.14; 43.45; 3072.10; 30870.14; 43.45; 3072.10; 0.0000; 0.0000; 0.0000; 1.0000; 0.0000; 0.0000; 0.00; 0.00; 0.00; 0.00; 0.00; 0.00; 0.00; 0.00; 0.00; 0
93; 1.0000; 0.0000; 0.0000; 0.0000; 0.4416; 0.4353; 0.0014; 0.1011; 30931.88; 43.10; 3047.80; 30931.88; 43.10; 3047.80; 0.0000; 0.0000; 0.0000; 1.0000; 0.0000; 0.0000; 0.00; 0.00; 0.00; 0.00; 0.00; 0.00; 0.00; 0.00; 0.00; 0
94; 1.0000; 0.0000; 0.0000; 0.0000; 0.4416; 0.4374; 0.0014; 0.1024; 31001.25; 43.20; 3054.96; 31001.25; 43.20; 3054.96; 0.0000; 0.0000; 0.0000; 1.0000; 0.0000; 0.0000; 0.00; 0.00; 0.00; 0.00; 0.00; 0.00; 0.00; 0.00; 0.00; 0
95; 1.0000; 0.0000; 0.0000; 0.0000; 0.4416; 0.4371; 0.0014; 0.1020; 30941.71; 43.00; 3040.52; 30941.71; 43.00; 3040.52; 0.0000; 0.0000; 0.0000; 1.0000; 0.0000; 0.0000; 0.00; 0.00; 0.00; 0.00; 0.00; 0.00; 0.00; 0.00; 0.00; 0
96; 1.0000; 0.0000; 0.0000; 0.0000; 0.4416; 0.4366; 0.0015; 0.1027; 30846.89; 43.56; 3079.91; 30846.89; 43.56; 3079.91; 0.0000; 0.0000; 0.0000; 1.0000; 0.0000; 0.0000; 0.00; 0.00; 0.00; 0.00; 0.00; 0.00; 0.00; 0.00; 0.00; 0
97; 1.0000; 0.0000; 0.0000; 0.0000; 0.4416; 0.4363; 0.0015; 0.1025; 30922.02; 42.98; 3039.37; 30922.02; 42.98; 3039.37; 0.0000; 0.0000; 0.0000; 1.0000; 0.0000; 0.0000; 0.00; 0.00; 0.00; 0.00; 0.00; 0.00; 0.00; 0.00; 0.00; 0
98; 1.0000; 0.0000; 0.0000; 0.0000; 0.4416; 0.4373; 0.0014; 0.1017; 30985.51; 43.03; 3042.44; 30985.51; 43.03; 3042.44; 0.0000; 0.0000; 0.0000; 1.0000; 0.0000; 0.0000; 0.00; 0.00; 0.00; 0.00; 0.00; 0.00; 0.00; 0.00; 0.00; 0
99; 1.0000; 0.0000; 0.0000; 0.0000; 0.4416; 0.4347; 0.0015; 0.1028; 30956.40; 43.17; 3052.83; 30956.40; 43.17; 3052.83; 0.0000; 0.0000; 0.0000; 1.0000; 0.0000; 0.0000; 0.00; 0.00; 0.00; 0.00; 0.00; 0.00; 0.00; 0.00; 0.00; 0
100; 1.0000; 0.0000; 0.0000; 0.0000; 0.4416; 0.4364; 0.0014; 0.1018; 30888.62; 43.29; 3061.38; 30888.62; 43.29; 3061.38; 0.0000; 0.0000; 0.0000; 1.0000; 0.0000; 0.0000; 0.00; 0.00; 0.00; 0.00; 0.00; 0.00; 0.00; 0.00; 0.00; 0
