    Year (Census)
    Proportion of populations extant, SE
    Proportion of populations going extinct for the first time in year, SE
    Deterministic growth, Stochastic growth, SE, SD
    Mean population size (across extant populations), SE, SD
    Mean population size (across all populations), SE, SD
    Population-based model: No genetic data (12 skipped fields)



    Mean time to extinction, SE, SD
    Median time to extinction
Year;PExtant;SE(PExtant);PExtinct;SE(PExtinct);det-r;stoch-r;SE(r);SD(r);N-extant;SE(N-extant);SD(N-extant);N-all;SE(N-all);SD(N-all);GeneDiv;SE(GD);SD(GD);Inbreed;SE(Inbr);SD(Inbr);nAlleles;SE(nAlleles);SD(nAlleles);nLethals;SE(nLethals);SD(nLethals);TE;SE(TE);SD(TE);medianTE
Default Scenario
Population 1: Population1
0; 1.0000; 0.0000; 0.0000; 0.0000; -0.0066;      0;      0;      0; 90516.00; 0.00; 0.00; 90516.00; 0.00; 0.00; 0.0000; 0.0000; 0.0000; 1.0000; 0.0000; 0.0000; 0.00; 0.00; 0.00; 0.00; 0.00; 0.00; 0.00; 0.00; 0.00; 0
1; 1.0000; 0.0000; 0.0000; 0.0000; -0.0066; -0.0120; 0.0015; 0.1054; 84412.25; 101.26; 7160.34; 84412.25; 101.26; 7160.34; 0.0000; 0.0000; 0.0000; 1.0000; 0.0000; 0.0000; 0.00; 0.00; 0.00; 0.00; 0.00; 0.00; 0.00; 0.00; 0.00; 0
2; 1.0000; 0.0000; 0.0000; 0.0000; -0.0066; -0.3553; 0.0015; 0.1072; 59412.55; 106.40; 7523.46; 59412.55; 106.40; 7523.46; 0.0000; 0.0000; 0.0000; 1.0000; 0.0000; 0.0000; 0.00; 0.00; 0.00; 0.00; 0.00; 0.00; 0.00; 0.00; 0.00; 0
3; 1.0000; 0.0000; 0.0000; 0.0000; -0.0066; -0.4955; 0.0014; 0.1005; 36257.37; 71.64; 5065.40; 36257.37; 71.64; 5065.40; 0.0000; 0.0000; 0.0000; 1.0000; 0.0000; 0.0000; 0.00; 0.00; 0.00; 0.00; 0.00; 0.00; 0.00; 0.00; 0.00; 0
4; 1.0000; 0.0000; 0.0000; 0.0000; -0.0066; -0.4017; 0.0016; 0.1101; 24379.13; 58.81; 4158.23; 24379.13; 58.81; 4158.23; 0.0000; 0.0000; 0.0000; 1.0000; 0.0000; 0.0000; 0.00; 0.00; 0.00; 0.00; 0.00; 0.00; 0.00; 0.00; 0.00; 0
5; 1.0000; 0.0000; 0.0000; 0.0000; -0.0066; -0.4661; 0.0015; 0.1075; 15323.92; 39.25; 2775.54; 15323.92; 39.25; 2775.54; 0.0000; 0.0000; 0.0000; 1.0000; 0.0000; 0.0000; 0.00; 0.00; 0.00; 0.00; 0.00; 0.00; 0.00; 0.00; 0.00; 0
6; 1.0000; 0.0000; 0.0000; 0.0000; -0.0066; -0.4213; 0.0016; 0.1100; 10100.94; 29.27; 2069.64; 10100.94; 29.27; 2069.64; 0.0000; 0.0000; 0.0000; 1.0000; 0.0000; 0.0000; 0.00; 0.00; 0.00; 0.00; 0.00; 0.00; 0.00; 0.00; 0.00; 0
7; 1.0000; 0.0000; 0.0000; 0.0000; -0.0066; -0.4527; 0.0015; 0.1079; 6439.96; 19.77; 1397.81; 6439.96; 19.77; 1397.81; 0.0000; 0.0000; 0.0000; 1.0000; 0.0000; 0.0000; 0.00; 0.00; 0.00; 0.00; 0.00; 0.00; 0.00; 0.00; 0.00; 0
8; 1.0000; 0.0000; 0.0000; 0.0000; -0.0066; -0.4294; 0.0016; 0.1113; 4208.34; 13.96; 987.15; 4208.34; 13.96; 987.15; 0.0000; 0.0000; 0.0000; 1.0000; 0.0000; 0.0000; 0.00; 0.00; 0.00; 0.00; 0.00; 0.00; 0.00; 0.00; 0.00; 0
9; 1.0000; 0.0000; 0.0000; 0.0000; -0.0066; -0.4447; 0.0016; 0.1098; 2705.19; 9.41; 665.64; 2705.19; 9.41; 665.64; 0.0000; 0.0000; 0.0000; 1.0000; 0.0000; 0.0000; 0.00; 0.00; 0.00; 0.00; 0.00; 0.00; 0.00; 0.00; 0.00; 0
10; 1.0000; 0.0000; 0.0000; 0.0000; -0.0066; -0.4343; 0.0015; 0.1089; 1758.97; 6.52; 460.89; 1758.97; 6.52; 460.89; 0.0000; 0.0000; 0.0000; 1.0000; 0.0000; 0.0000; 0.00; 0.00; 0.00; 0.00; 0.00; 0.00; 0.00; 0.00; 0.00; 0
11; 1.0000; 0.0000; 0.0000; 0.0000; -0.0066; -0.4431; 0.0015; 0.1094; 1132.28; 4.34; 307.06; 1132.28; 4.34; 307.06; 0.0000; 0.0000; 0.0000; 1.0000; 0.0000; 0.0000; 0.00; 0.00; 0.00; 0.00; 0.00; 0.00; 0.00; 0.00; 0.00; 0
12; 1.0000; 0.0000; 0.0000; 0.0000; -0.0066; -0.4362; 0.0016; 0.1100; 734.99; 2.99; 211.12; 734.99; 2.99; 211.12; 0.0000; 0.0000; 0.0000; 1.0000; 0.0000; 0.0000; 0.00; 0.00; 0.00; 0.00; 0.00; 0.00; 0.00; 0.00; 0.00; 0
13; 1.0000; 0.0000; 0.0000; 0.0000; -0.0066; -0.4402; 0.0016; 0.1106; 474.46; 1.99; 140.96; 474.46; 1.99; 140.96; 0.0000; 0.0000; 0.0000; 1.0000; 0.0000; 0.0000; 0.00; 0.00; 0.00; 0.00; 0.00; 0.00; 0.00; 0.00; 0.00; 0
14; 1.0000; 0.0000; 0.0000; 0.0000; -0.0066; -0.4362; 0.0015; 0.1076; 307.71; 1.34; 94.91; 307.71; 1.34; 94.91; 0.0000; 0.0000; 0.0000; 1.0000; 0.0000; 0.0000; 0.00; 0.00; 0.00; 0.00; 0.00; 0.00; 0.00; 0.00; 0.00; 0
15; 1.0000; 0.0000; 0.0000; 0.0000; -0.0066; -0.4389; 0.0015; 0.1076; 198.90; 0.89; 63.12; 198.90; 0.89; 63.12; 0.0000; 0.0000; 0.0000; 1.0000; 0.0000; 0.0000; 0.00; 0.00; 0.00; 0.00; 0.00; 0.00; 0.00; 0.00; 0.00; 0
16; 1.0000; 0.0000; 0.0000; 0.0000; -0.0066; -0.4330; 0.0016; 0.1101; 129.51; 0.61; 42.91; 129.51; 0.61; 42.91; 0.0000; 0.0000; 0.0000; 1.0000; 0.0000; 0.0000; 0.00; 0.00; 0.00; 0.00; 0.00; 0.00; 0.00; 0.00; 0.00; 0
17; 1.0000; 0.0000; 0.0000; 0.0000; -0.0066; -0.4393; 0.0016; 0.1125; 83.72; 0.40; 28.46; 83.72; 0.40; 28.46; 0.0000; 0.0000; 0.0000; 1.0000; 0.0000; 0.0000; 0.00; 0.00; 0.00; 0.00; 0.00; 0.00; 0.00; 0.00; 0.00; 0
18; 1.0000; 0.0000; 0.0000; 0.0000; -0.0066; -0.4364; 0.0017; 0.1175; 54.37; 0.27; 19.25; 54.37; 0.27; 19.25; 0.0000; 0.0000; 0.0000; 1.0000; 0.0000; 0.0000; 0.00; 0.00; 0.00; 0.00; 0.00; 0.00; 0.00; 0.00; 0.00; 0
19; 1.0000; 0.0000; 0.0000; 0.0000; -0.0066; -0.4416; 0.0017; 0.1224; 35.13; 0.18; 12.93; 35.13; 0.18; 12.93; 0.0000; 0.0000; 0.0000; 1.0000; 0.0000; 0.0000; 0.00; 0.00; 0.00; 0.00; 0.00; 0.00; 0.00; 0.00; 0.00; 0
20; 1.0000; 0.0000; 0.0000; 0.0000; -0.0066; -0.4397; 0.0019; 0.1363; 22.80; 0.12; 8.82; 22.80; 0.12; 8.82; 0.0000; 0.0000; 0.0000; 1.0000; 0.0000; 0.0000; 0.00; 0.00; 0.00; 0.00; 0.00; 0.00; 0.00; 0.00; 0.00; 0
21; 0.9962; 0.0009; 0.0038; 0.0009; -0.0066; -0.4510; 0.0024; 0.1716; 14.73; 0.08; 6.00; 14.68; 0.09; 6.03; 0.0000; 0.0000; 0.0000; 1.0000; 0.0000; 0.0000; 0.00; 0.00; 0.00; 0.00; 0.00; 0.00; 21.00; 0.00; 0.00; 0
22; 0.9698; 0.0024; 0.0264; 0.0023; -0.0066; -0.4495; 0.0031; 0.2154; 9.72; 0.06; 4.21; 9.49; 0.06; 4.34; 0.0000; 0.0000; 0.0000; 1.0000; 0.0000; 0.0000; 0.00; 0.00; 0.00; 0.00; 0.00; 0.00; 21.87; 0.03; 0.33; 0
23; 0.8738; 0.0047; 0.0960; 0.0042; -0.0066; -0.4493; 0.0042; 0.2795; 6.64; 0.05; 3.05; 6.03; 0.05; 3.30; 0.0000; 0.0000; 0.0000; 1.0000; 0.0000; 0.0000; 0.00; 0.00; 0.00; 0.00; 0.00; 0.00; 22.73; 0.02; 0.51; 0
24; 0.6914; 0.0065; 0.1824; 0.0055; -0.0066; -0.3991; 0.0057; 0.3368; 4.88; 0.04; 2.24; 3.79; 0.04; 2.54; 0.0000; 0.0000; 0.0000; 1.0000; 0.0000; 0.0000; 0.00; 0.00; 0.00; 0.00; 0.00; 0.00; 23.48; 0.02; 0.70; 0
25; 0.4646; 0.0071; 0.2268; 0.0059; -0.0066; -0.3171; 0.0079; 0.3810; 3.87; 0.03; 1.68; 2.33; 0.03; 1.95; 0.0000; 0.0000; 0.0000; 1.0000; 0.0000; 0.0000; 0.00; 0.00; 0.00; 0.00; 0.00; 0.00; 24.12; 0.02; 0.92; 25
26; 0.2648; 0.0062; 0.1998; 0.0057; -0.0066; -0.2488; 0.0110; 0.4010; 3.31; 0.04; 1.35; 1.38; 0.02; 1.50; 0.0000; 0.0000; 0.0000; 1.0000; 0.0000; 0.0000; 0.00; 0.00; 0.00; 0.00; 0.00; 0.00; 24.63; 0.02; 1.15; 25
27; 0.1382; 0.0049; 0.1266; 0.0047; -0.0066; -0.1787; 0.0156; 0.4095; 2.97; 0.04; 1.08; 0.81; 0.02; 1.13; 0.0000; 0.0000; 0.0000; 1.0000; 0.0000; 0.0000; 0.00; 0.00; 0.00; 0.00; 0.00; 0.00; 24.98; 0.02; 1.35; 25
28; 0.0694; 0.0036; 0.0688; 0.0036; -0.0066; -0.0717; 0.0206; 0.3836; 2.88; 0.05; 0.97; 0.46; 0.01; 0.87; 0.0000; 0.0000; 0.0000; 1.0000; 0.0000; 0.0000; 0.00; 0.00; 0.00; 0.00; 0.00; 0.00; 25.20; 0.02; 1.52; 25
29; 0.0306; 0.0024; 0.0388; 0.0027; -0.0066; -0.0921; 0.0306; 0.3790; 2.73; 0.07; 0.83; 0.25; 0.01; 0.62; 0.0000; 0.0000; 0.0000; 1.0000; 0.0000; 0.0000; 0.00; 0.00; 0.00; 0.00; 0.00; 0.00; 25.36; 0.02; 1.67; 25
30; 0.0148; 0.0017; 0.0158; 0.0018; -0.0066; 0.0212; 0.0478; 0.4113; 2.93; 0.12; 1.02; 0.14; 0.01; 0.48; 0.0000; 0.0000; 0.0000; 1.0000; 0.0000; 0.0000; 0.00; 0.00; 0.00; 0.00; 0.00; 0.00; 25.43; 0.02; 1.75; 25
31; 0.0068; 0.0012; 0.0080; 0.0013; -0.0066; -0.1570; 0.0657; 0.3833; 2.50; 0.11; 0.66; 0.07; 0.00; 0.31; 0.0000; 0.0000; 0.0000; 1.0000; 0.0000; 0.0000; 0.00; 0.00; 0.00; 0.00; 0.00; 0.00; 25.48; 0.03; 1.81; 25
32; 0.0028; 0.0007; 0.0040; 0.0009; -0.0066; 0.0000; 0.0943; 0.3528; 2.71; 0.29; 1.07; 0.04; 0.00; 0.24; 0.0000; 0.0000; 0.0000; 1.0000; 0.0000; 0.0000; 0.00; 0.00; 0.00; 0.00; 0.00; 0.00; 25.50; 0.03; 1.86; 25
33; 0.0006; 0.0003; 0.0022; 0.0007; -0.0066; 0.0959; 0.3207; 0.5555; 2.67; 0.67; 1.15; 0.02; 0.00; 0.15; 0.0000; 0.0000; 0.0000; 1.0000; 0.0000; 0.0000; 0.00; 0.00; 0.00; 0.00; 0.00; 0.00; 25.52; 0.03; 1.89; 25
34; 0.0004; 0.0003; 0.0002; 0.0002; -0.0066; -0.3466; 0.3466; 0.4901; 2.00; 0.00; 0.00; 0.01; 0.00; 0.10; 0.0000; 0.0000; 0.0000; 1.0000; 0.0000; 0.0000; 0.00; 0.00; 0.00; 0.00; 0.00; 0.00; 25.52; 0.03; 1.89; 25
35; 0.0002; 0.0002; 0.0002; 0.0002; -0.0066; 0.0000; 0.0000; 0.0000; 2.00; 0.00; 0.00; 0.00; 0.00; 0.06; 0.0000; 0.0000; 0.0000; 1.0000; 0.0000; 0.0000; 0.00; 0.00; 0.00; 0.00; 0.00; 0.00; 25.52; 0.03; 1.90; 25
36; 0.0002; 0.0002; 0.0000; 0.0000; -0.0066; 0.0000; 0.0000; 0.0000; 2.00; 0.00; 0.00; 0.00; 0.00; 0.05; 0.0000; 0.0000; 0.0000; 1.0000; 0.0000; 0.0000; 0.00; 0.00; 0.00; 0.00; 0.00; 0.00; 25.52; 0.03; 1.90; 25
37; 0.0000; 0.0000; 0.0002; 0.0002; -0.0066;      0;      0;      0; 0.00; 0.00; 0.00; 0.00; 0.00; 0.02; 0.0000; 0.0000; 0.0000; 1.0000; 0.0000; 0.0000; 0.00; 0.00; 0.00; 0.00; 0.00; 0.00; 25.52; 0.03; 1.90; 25
38; 0.0000; 0.0000; 0.0000; 0.0000; -0.0066;      0;      0;      0; 0.00; 0.00; 0.00; 0.00; 0.00; 0.01; 0.0000; 0.0000; 0.0000; 1.0000; 0.0000; 0.0000; 0.00; 0.00; 0.00; 0.00; 0.00; 0.00; 25.52; 0.03; 1.90; 25
39; 0.0000; 0.0000; 0.0000; 0.0000; -0.0066;      0;      0;      0; 0.00; 0.00; 0.00; 0.00; 0.00; 0.00; 0.0000; 0.0000; 0.0000; 1.0000; 0.0000; 0.0000; 0.00; 0.00; 0.00; 0.00; 0.00; 0.00; 25.52; 0.03; 1.90; 25
40; 0.0000; 0.0000; 0.0000; 0.0000; -0.0066;      0;      0;      0; 0.00; 0.00; 0.00; 0.00; 0.00; 0.00; 0.0000; 0.0000; 0.0000; 1.0000; 0.0000; 0.0000; 0.00; 0.00; 0.00; 0.00; 0.00; 0.00; 25.52; 0.03; 1.90; 25
41; 0.0000; 0.0000; 0.0000; 0.0000; -0.0066;      0;      0;      0; 0.00; 0.00; 0.00; 0.00; 0.00; 0.00; 0.0000; 0.0000; 0.0000; 1.0000; 0.0000; 0.0000; 0.00; 0.00; 0.00; 0.00; 0.00; 0.00; 25.52; 0.03; 1.90; 25
42; 0.0000; 0.0000; 0.0000; 0.0000; -0.0066;      0;      0;      0; 0.00; 0.00; 0.00; 0.00; 0.00; 0.00; 0.0000; 0.0000; 0.0000; 1.0000; 0.0000; 0.0000; 0.00; 0.00; 0.00; 0.00; 0.00; 0.00; 25.52; 0.03; 1.90; 25
43; 0.0000; 0.0000; 0.0000; 0.0000; -0.0066;      0;      0;      0; 0.00; 0.00; 0.00; 0.00; 0.00; 0.00; 0.0000; 0.0000; 0.0000; 1.0000; 0.0000; 0.0000; 0.00; 0.00; 0.00; 0.00; 0.00; 0.00; 25.52; 0.03; 1.90; 25
44; 0.0000; 0.0000; 0.0000; 0.0000; -0.0066;      0;      0;      0; 0.00; 0.00; 0.00; 0.00; 0.00; 0.00; 0.0000; 0.0000; 0.0000; 1.0000; 0.0000; 0.0000; 0.00; 0.00; 0.00; 0.00; 0.00; 0.00; 25.52; 0.03; 1.90; 25
45; 0.0000; 0.0000; 0.0000; 0.0000; -0.0066;      0;      0;      0; 0.00; 0.00; 0.00; 0.00; 0.00; 0.00; 0.0000; 0.0000; 0.0000; 1.0000; 0.0000; 0.0000; 0.00; 0.00; 0.00; 0.00; 0.00; 0.00; 25.52; 0.03; 1.90; 25
46; 0.0000; 0.0000; 0.0000; 0.0000; -0.0066;      0;      0;      0; 0.00; 0.00; 0.00; 0.00; 0.00; 0.00; 0.0000; 0.0000; 0.0000; 1.0000; 0.0000; 0.0000; 0.00; 0.00; 0.00; 0.00; 0.00; 0.00; 25.52; 0.03; 1.90; 25
47; 0.0000; 0.0000; 0.0000; 0.0000; -0.0066;      0;      0;      0; 0.00; 0.00; 0.00; 0.00; 0.00; 0.00; 0.0000; 0.0000; 0.0000; 1.0000; 0.0000; 0.0000; 0.00; 0.00; 0.00; 0.00; 0.00; 0.00; 25.52; 0.03; 1.90; 25
48; 0.0000; 0.0000; 0.0000; 0.0000; -0.0066;      0;      0;      0; 0.00; 0.00; 0.00; 0.00; 0.00; 0.00; 0.0000; 0.0000; 0.0000; 1.0000; 0.0000; 0.0000; 0.00; 0.00; 0.00; 0.00; 0.00; 0.00; 25.52; 0.03; 1.90; 25
49; 0.0000; 0.0000; 0.0000; 0.0000; -0.0066;      0;      0;      0; 0.00; 0.00; 0.00; 0.00; 0.00; 0.00; 0.0000; 0.0000; 0.0000; 1.0000; 0.0000; 0.0000; 0.00; 0.00; 0.00; 0.00; 0.00; 0.00; 25.52; 0.03; 1.90; 25
50; 0.0000; 0.0000; 0.0000; 0.0000; -0.0066;      0;      0;      0; 0.00; 0.00; 0.00; 0.00; 0.00; 0.00; 0.0000; 0.0000; 0.0000; 1.0000; 0.0000; 0.0000; 0.00; 0.00; 0.00; 0.00; 0.00; 0.00; 25.52; 0.03; 1.90; 25
51; 0.0000; 0.0000; 0.0000; 0.0000; -0.0066;      0;      0;      0; 0.00; 0.00; 0.00; 0.00; 0.00; 0.00; 0.0000; 0.0000; 0.0000; 1.0000; 0.0000; 0.0000; 0.00; 0.00; 0.00; 0.00; 0.00; 0.00; 25.52; 0.03; 1.90; 25
52; 0.0000; 0.0000; 0.0000; 0.0000; -0.0066;      0;      0;      0; 0.00; 0.00; 0.00; 0.00; 0.00; 0.00; 0.0000; 0.0000; 0.0000; 1.0000; 0.0000; 0.0000; 0.00; 0.00; 0.00; 0.00; 0.00; 0.00; 25.52; 0.03; 1.90; 25
53; 0.0000; 0.0000; 0.0000; 0.0000; -0.0066;      0;      0;      0; 0.00; 0.00; 0.00; 0.00; 0.00; 0.00; 0.0000; 0.0000; 0.0000; 1.0000; 0.0000; 0.0000; 0.00; 0.00; 0.00; 0.00; 0.00; 0.00; 25.52; 0.03; 1.90; 25
54; 0.0000; 0.0000; 0.0000; 0.0000; -0.0066;      0;      0;      0; 0.00; 0.00; 0.00; 0.00; 0.00; 0.00; 0.0000; 0.0000; 0.0000; 1.0000; 0.0000; 0.0000; 0.00; 0.00; 0.00; 0.00; 0.00; 0.00; 25.52; 0.03; 1.90; 25
55; 0.0000; 0.0000; 0.0000; 0.0000; -0.0066;      0;      0;      0; 0.00; 0.00; 0.00; 0.00; 0.00; 0.00; 0.0000; 0.0000; 0.0000; 1.0000; 0.0000; 0.0000; 0.00; 0.00; 0.00; 0.00; 0.00; 0.00; 25.52; 0.03; 1.90; 25
56; 0.0000; 0.0000; 0.0000; 0.0000; -0.0066;      0;      0;      0; 0.00; 0.00; 0.00; 0.00; 0.00; 0.00; 0.0000; 0.0000; 0.0000; 1.0000; 0.0000; 0.0000; 0.00; 0.00; 0.00; 0.00; 0.00; 0.00; 25.52; 0.03; 1.90; 25
57; 0.0000; 0.0000; 0.0000; 0.0000; -0.0066;      0;      0;      0; 0.00; 0.00; 0.00; 0.00; 0.00; 0.00; 0.0000; 0.0000; 0.0000; 1.0000; 0.0000; 0.0000; 0.00; 0.00; 0.00; 0.00; 0.00; 0.00; 25.52; 0.03; 1.90; 25
58; 0.0000; 0.0000; 0.0000; 0.0000; -0.0066;      0;      0;      0; 0.00; 0.00; 0.00; 0.00; 0.00; 0.00; 0.0000; 0.0000; 0.0000; 1.0000; 0.0000; 0.0000; 0.00; 0.00; 0.00; 0.00; 0.00; 0.00; 25.52; 0.03; 1.90; 25
59; 0.0000; 0.0000; 0.0000; 0.0000; -0.0066;      0;      0;      0; 0.00; 0.00; 0.00; 0.00; 0.00; 0.00; 0.0000; 0.0000; 0.0000; 1.0000; 0.0000; 0.0000; 0.00; 0.00; 0.00; 0.00; 0.00; 0.00; 25.52; 0.03; 1.90; 25
60; 0.0000; 0.0000; 0.0000; 0.0000; -0.0066;      0;      0;      0; 0.00; 0.00; 0.00; 0.00; 0.00; 0.00; 0.0000; 0.0000; 0.0000; 1.0000; 0.0000; 0.0000; 0.00; 0.00; 0.00; 0.00; 0.00; 0.00; 25.52; 0.03; 1.90; 25
61; 0.0000; 0.0000; 0.0000; 0.0000; -0.0066;      0;      0;      0; 0.00; 0.00; 0.00; 0.00; 0.00; 0.00; 0.0000; 0.0000; 0.0000; 1.0000; 0.0000; 0.0000; 0.00; 0.00; 0.00; 0.00; 0.00; 0.00; 25.52; 0.03; 1.90; 25
62; 0.0000; 0.0000; 0.0000; 0.0000; -0.0066;      0;      0;      0; 0.00; 0.00; 0.00; 0.00; 0.00; 0.00; 0.0000; 0.0000; 0.0000; 1.0000; 0.0000; 0.0000; 0.00; 0.00; 0.00; 0.00; 0.00; 0.00; 25.52; 0.03; 1.90; 25
63; 0.0000; 0.0000; 0.0000; 0.0000; -0.0066;      0;      0;      0; 0.00; 0.00; 0.00; 0.00; 0.00; 0.00; 0.0000; 0.0000; 0.0000; 1.0000; 0.0000; 0.0000; 0.00; 0.00; 0.00; 0.00; 0.00; 0.00; 25.52; 0.03; 1.90; 25
64; 0.0000; 0.0000; 0.0000; 0.0000; -0.0066;      0;      0;      0; 0.00; 0.00; 0.00; 0.00; 0.00; 0.00; 0.0000; 0.0000; 0.0000; 1.0000; 0.0000; 0.0000; 0.00; 0.00; 0.00; 0.00; 0.00; 0.00; 25.52; 0.03; 1.90; 25
65; 0.0000; 0.0000; 0.0000; 0.0000; -0.0066;      0;      0;      0; 0.00; 0.00; 0.00; 0.00; 0.00; 0.00; 0.0000; 0.0000; 0.0000; 1.0000; 0.0000; 0.0000; 0.00; 0.00; 0.00; 0.00; 0.00; 0.00; 25.52; 0.03; 1.90; 25
66; 0.0000; 0.0000; 0.0000; 0.0000; -0.0066;      0;      0;      0; 0.00; 0.00; 0.00; 0.00; 0.00; 0.00; 0.0000; 0.0000; 0.0000; 1.0000; 0.0000; 0.0000; 0.00; 0.00; 0.00; 0.00; 0.00; 0.00; 25.52; 0.03; 1.90; 25
67; 0.0000; 0.0000; 0.0000; 0.0000; -0.0066;      0;      0;      0; 0.00; 0.00; 0.00; 0.00; 0.00; 0.00; 0.0000; 0.0000; 0.0000; 1.0000; 0.0000; 0.0000; 0.00; 0.00; 0.00; 0.00; 0.00; 0.00; 25.52; 0.03; 1.90; 25
68; 0.0000; 0.0000; 0.0000; 0.0000; -0.0066;      0;      0;      0; 0.00; 0.00; 0.00; 0.00; 0.00; 0.00; 0.0000; 0.0000; 0.0000; 1.0000; 0.0000; 0.0000; 0.00; 0.00; 0.00; 0.00; 0.00; 0.00; 25.52; 0.03; 1.90; 25
69; 0.0000; 0.0000; 0.0000; 0.0000; -0.0066;      0;      0;      0; 0.00; 0.00; 0.00; 0.00; 0.00; 0.00; 0.0000; 0.0000; 0.0000; 1.0000; 0.0000; 0.0000; 0.00; 0.00; 0.00; 0.00; 0.00; 0.00; 25.52; 0.03; 1.90; 25
70; 0.0000; 0.0000; 0.0000; 0.0000; -0.0066;      0;      0;      0; 0.00; 0.00; 0.00; 0.00; 0.00; 0.00; 0.0000; 0.0000; 0.0000; 1.0000; 0.0000; 0.0000; 0.00; 0.00; 0.00; 0.00; 0.00; 0.00; 25.52; 0.03; 1.90; 25
71; 0.0000; 0.0000; 0.0000; 0.0000; -0.0066;      0;      0;      0; 0.00; 0.00; 0.00; 0.00; 0.00; 0.00; 0.0000; 0.0000; 0.0000; 1.0000; 0.0000; 0.0000; 0.00; 0.00; 0.00; 0.00; 0.00; 0.00; 25.52; 0.03; 1.90; 25
72; 0.0000; 0.0000; 0.0000; 0.0000; -0.0066;      0;      0;      0; 0.00; 0.00; 0.00; 0.00; 0.00; 0.00; 0.0000; 0.0000; 0.0000; 1.0000; 0.0000; 0.0000; 0.00; 0.00; 0.00; 0.00; 0.00; 0.00; 25.52; 0.03; 1.90; 25
73; 0.0000; 0.0000; 0.0000; 0.0000; -0.0066;      0;      0;      0; 0.00; 0.00; 0.00; 0.00; 0.00; 0.00; 0.0000; 0.0000; 0.0000; 1.0000; 0.0000; 0.0000; 0.00; 0.00; 0.00; 0.00; 0.00; 0.00; 25.52; 0.03; 1.90; 25
74; 0.0000; 0.0000; 0.0000; 0.0000; -0.0066;      0;      0;      0; 0.00; 0.00; 0.00; 0.00; 0.00; 0.00; 0.0000; 0.0000; 0.0000; 1.0000; 0.0000; 0.0000; 0.00; 0.00; 0.00; 0.00; 0.00; 0.00; 25.52; 0.03; 1.90; 25
75; 0.0000; 0.0000; 0.0000; 0.0000; -0.0066;      0;      0;      0; 0.00; 0.00; 0.00; 0.00; 0.00; 0.00; 0.0000; 0.0000; 0.0000; 1.0000; 0.0000; 0.0000; 0.00; 0.00; 0.00; 0.00; 0.00; 0.00; 25.52; 0.03; 1.90; 25
76; 0.0000; 0.0000; 0.0000; 0.0000; -0.0066;      0;      0;      0; 0.00; 0.00; 0.00; 0.00; 0.00; 0.00; 0.0000; 0.0000; 0.0000; 1.0000; 0.0000; 0.0000; 0.00; 0.00; 0.00; 0.00; 0.00; 0.00; 25.52; 0.03; 1.90; 25
77; 0.0000; 0.0000; 0.0000; 0.0000; -0.0066;      0;      0;      0; 0.00; 0.00; 0.00; 0.00; 0.00; 0.00; 0.0000; 0.0000; 0.0000; 1.0000; 0.0000; 0.0000; 0.00; 0.00; 0.00; 0.00; 0.00; 0.00; 25.52; 0.03; 1.90; 25
78; 0.0000; 0.0000; 0.0000; 0.0000; -0.0066;      0;      0;      0; 0.00; 0.00; 0.00; 0.00; 0.00; 0.00; 0.0000; 0.0000; 0.0000; 1.0000; 0.0000; 0.0000; 0.00; 0.00; 0.00; 0.00; 0.00; 0.00; 25.52; 0.03; 1.90; 25
79; 0.0000; 0.0000; 0.0000; 0.0000; -0.0066;      0;      0;      0; 0.00; 0.00; 0.00; 0.00; 0.00; 0.00; 0.0000; 0.0000; 0.0000; 1.0000; 0.0000; 0.0000; 0.00; 0.00; 0.00; 0.00; 0.00; 0.00; 25.52; 0.03; 1.90; 25
80; 0.0000; 0.0000; 0.0000; 0.0000; -0.0066;      0;      0;      0; 0.00; 0.00; 0.00; 0.00; 0.00; 0.00; 0.0000; 0.0000; 0.0000; 1.0000; 0.0000; 0.0000; 0.00; 0.00; 0.00; 0.00; 0.00; 0.00; 25.52; 0.03; 1.90; 25
81; 0.0000; 0.0000; 0.0000; 0.0000; -0.0066;      0;      0;      0; 0.00; 0.00; 0.00; 0.00; 0.00; 0.00; 0.0000; 0.0000; 0.0000; 1.0000; 0.0000; 0.0000; 0.00; 0.00; 0.00; 0.00; 0.00; 0.00; 25.52; 0.03; 1.90; 25
82; 0.0000; 0.0000; 0.0000; 0.0000; -0.0066;      0;      0;      0; 0.00; 0.00; 0.00; 0.00; 0.00; 0.00; 0.0000; 0.0000; 0.0000; 1.0000; 0.0000; 0.0000; 0.00; 0.00; 0.00; 0.00; 0.00; 0.00; 25.52; 0.03; 1.90; 25
83; 0.0000; 0.0000; 0.0000; 0.0000; -0.0066;      0;      0;      0; 0.00; 0.00; 0.00; 0.00; 0.00; 0.00; 0.0000; 0.0000; 0.0000; 1.0000; 0.0000; 0.0000; 0.00; 0.00; 0.00; 0.00; 0.00; 0.00; 25.52; 0.03; 1.90; 25
84; 0.0000; 0.0000; 0.0000; 0.0000; -0.0066;      0;      0;      0; 0.00; 0.00; 0.00; 0.00; 0.00; 0.00; 0.0000; 0.0000; 0.0000; 1.0000; 0.0000; 0.0000; 0.00; 0.00; 0.00; 0.00; 0.00; 0.00; 25.52; 0.03; 1.90; 25
85; 0.0000; 0.0000; 0.0000; 0.0000; -0.0066;      0;      0;      0; 0.00; 0.00; 0.00; 0.00; 0.00; 0.00; 0.0000; 0.0000; 0.0000; 1.0000; 0.0000; 0.0000; 0.00; 0.00; 0.00; 0.00; 0.00; 0.00; 25.52; 0.03; 1.90; 25
86; 0.0000; 0.0000; 0.0000; 0.0000; -0.0066;      0;      0;      0; 0.00; 0.00; 0.00; 0.00; 0.00; 0.00; 0.0000; 0.0000; 0.0000; 1.0000; 0.0000; 0.0000; 0.00; 0.00; 0.00; 0.00; 0.00; 0.00; 25.52; 0.03; 1.90; 25
87; 0.0000; 0.0000; 0.0000; 0.0000; -0.0066;      0;      0;      0; 0.00; 0.00; 0.00; 0.00; 0.00; 0.00; 0.0000; 0.0000; 0.0000; 1.0000; 0.0000; 0.0000; 0.00; 0.00; 0.00; 0.00; 0.00; 0.00; 25.52; 0.03; 1.90; 25
88; 0.0000; 0.0000; 0.0000; 0.0000; -0.0066;      0;      0;      0; 0.00; 0.00; 0.00; 0.00; 0.00; 0.00; 0.0000; 0.0000; 0.0000; 1.0000; 0.0000; 0.0000; 0.00; 0.00; 0.00; 0.00; 0.00; 0.00; 25.52; 0.03; 1.90; 25
89; 0.0000; 0.0000; 0.0000; 0.0000; -0.0066;      0;      0;      0; 0.00; 0.00; 0.00; 0.00; 0.00; 0.00; 0.0000; 0.0000; 0.0000; 1.0000; 0.0000; 0.0000; 0.00; 0.00; 0.00; 0.00; 0.00; 0.00; 25.52; 0.03; 1.90; 25
90; 0.0000; 0.0000; 0.0000; 0.0000; -0.0066;      0;      0;      0; 0.00; 0.00; 0.00; 0.00; 0.00; 0.00; 0.0000; 0.0000; 0.0000; 1.0000; 0.0000; 0.0000; 0.00; 0.00; 0.00; 0.00; 0.00; 0.00; 25.52; 0.03; 1.90; 25
91; 0.0000; 0.0000; 0.0000; 0.0000; -0.0066;      0;      0;      0; 0.00; 0.00; 0.00; 0.00; 0.00; 0.00; 0.0000; 0.0000; 0.0000; 1.0000; 0.0000; 0.0000; 0.00; 0.00; 0.00; 0.00; 0.00; 0.00; 25.52; 0.03; 1.90; 25
92; 0.0000; 0.0000; 0.0000; 0.0000; -0.0066;      0;      0;      0; 0.00; 0.00; 0.00; 0.00; 0.00; 0.00; 0.0000; 0.0000; 0.0000; 1.0000; 0.0000; 0.0000; 0.00; 0.00; 0.00; 0.00; 0.00; 0.00; 25.52; 0.03; 1.90; 25
93; 0.0000; 0.0000; 0.0000; 0.0000; -0.0066;      0;      0;      0; 0.00; 0.00; 0.00; 0.00; 0.00; 0.00; 0.0000; 0.0000; 0.0000; 1.0000; 0.0000; 0.0000; 0.00; 0.00; 0.00; 0.00; 0.00; 0.00; 25.52; 0.03; 1.90; 25
94; 0.0000; 0.0000; 0.0000; 0.0000; -0.0066;      0;      0;      0; 0.00; 0.00; 0.00; 0.00; 0.00; 0.00; 0.0000; 0.0000; 0.0000; 1.0000; 0.0000; 0.0000; 0.00; 0.00; 0.00; 0.00; 0.00; 0.00; 25.52; 0.03; 1.90; 25
95; 0.0000; 0.0000; 0.0000; 0.0000; -0.0066;      0;      0;      0; 0.00; 0.00; 0.00; 0.00; 0.00; 0.00; 0.0000; 0.0000; 0.0000; 1.0000; 0.0000; 0.0000; 0.00; 0.00; 0.00; 0.00; 0.00; 0.00; 25.52; 0.03; 1.90; 25
96; 0.0000; 0.0000; 0.0000; 0.0000; -0.0066;      0;      0;      0; 0.00; 0.00; 0.00; 0.00; 0.00; 0.00; 0.0000; 0.0000; 0.0000; 1.0000; 0.0000; 0.0000; 0.00; 0.00; 0.00; 0.00; 0.00; 0.00; 25.52; 0.03; 1.90; 25
97; 0.0000; 0.0000; 0.0000; 0.0000; -0.0066;      0;      0;      0; 0.00; 0.00; 0.00; 0.00; 0.00; 0.00; 0.0000; 0.0000; 0.0000; 1.0000; 0.0000; 0.0000; 0.00; 0.00; 0.00; 0.00; 0.00; 0.00; 25.52; 0.03; 1.90; 25
98; 0.0000; 0.0000; 0.0000; 0.0000; -0.0066;      0;      0;      0; 0.00; 0.00; 0.00; 0.00; 0.00; 0.00; 0.0000; 0.0000; 0.0000; 1.0000; 0.0000; 0.0000; 0.00; 0.00; 0.00; 0.00; 0.00; 0.00; 25.52; 0.03; 1.90; 25
99; 0.0000; 0.0000; 0.0000; 0.0000; -0.0066;      0;      0;      0; 0.00; 0.00; 0.00; 0.00; 0.00; 0.00; 0.0000; 0.0000; 0.0000; 1.0000; 0.0000; 0.0000; 0.00; 0.00; 0.00; 0.00; 0.00; 0.00; 25.52; 0.03; 1.90; 25
100; 0.0000; 0.0000; 0.0000; 0.0000; -0.0066;      0;      0;      0; 0.00; 0.00; 0.00; 0.00; 0.00; 0.00; 0.0000; 0.0000; 0.0000; 1.0000; 0.0000; 0.0000; 0.00; 0.00; 0.00; 0.00; 0.00; 0.00; 25.52; 0.03; 1.90; 25
