    Year (Census)
    Proportion of populations extant, SE
    Proportion of populations going extinct for the first time in year, SE
    Deterministic growth, Stochastic growth, SE, SD
    Mean population size (across extant populations), SE, SD
    Mean population size (across all populations), SE, SD
    Population-based model: No genetic data (12 skipped fields)



    Mean time to extinction, SE, SD
    Median time to extinction
Year;PExtant;SE(PExtant);PExtinct;SE(PExtinct);det-r;stoch-r;SE(r);SD(r);N-extant;SE(N-extant);SD(N-extant);N-all;SE(N-all);SD(N-all);GeneDiv;SE(GD);SD(GD);Inbreed;SE(Inbr);SD(Inbr);nAlleles;SE(nAlleles);SD(nAlleles);nLethals;SE(nLethals);SD(nLethals);TE;SE(TE);SD(TE);medianTE
Default Scenario
Population 1: Population1
0; 1.0000; 0.0000; 0.0000; 0.0000; 0.5152;      0;      0;      0; 136806.00; 0.00; 0.00; 136806.00; 0.00; 0.00; 0.0000; 0.0000; 0.0000; 1.0000; 0.0000; 0.0000; 0.00; 0.00; 0.00; 0.00; 0.00; 0.00; 0.00; 0.00; 0.00; 0
1; 1.0000; 0.0000; 0.0000; 0.0000; 0.5152; 0.5124; 0.0013; 0.0942; 136701.26; 193.90; 13710.85; 136701.26; 193.90; 13710.85; 0.0000; 0.0000; 0.0000; 1.0000; 0.0000; 0.0000; 0.00; 0.00; 0.00; 0.00; 0.00; 0.00; 0.00; 0.00; 0.00; 0
2; 1.0000; 0.0000; 0.0000; 0.0000; 0.5152; 0.5084; 0.0013; 0.0953; 136801.29; 190.88; 13497.58; 136801.29; 190.88; 13497.58; 0.0000; 0.0000; 0.0000; 1.0000; 0.0000; 0.0000; 0.00; 0.00; 0.00; 0.00; 0.00; 0.00; 0.00; 0.00; 0.00; 0
3; 1.0000; 0.0000; 0.0000; 0.0000; 0.5152; 0.5122; 0.0014; 0.0965; 136539.44; 192.00; 13576.64; 136539.44; 192.00; 13576.64; 0.0000; 0.0000; 0.0000; 1.0000; 0.0000; 0.0000; 0.00; 0.00; 0.00; 0.00; 0.00; 0.00; 0.00; 0.00; 0.00; 0
4; 1.0000; 0.0000; 0.0000; 0.0000; 0.5152; 0.5118; 0.0013; 0.0951; 136842.18; 191.81; 13563.15; 136842.18; 191.81; 13563.15; 0.0000; 0.0000; 0.0000; 1.0000; 0.0000; 0.0000; 0.00; 0.00; 0.00; 0.00; 0.00; 0.00; 0.00; 0.00; 0.00; 0
5; 1.0000; 0.0000; 0.0000; 0.0000; 0.5152; 0.5089; 0.0014; 0.0955; 137331.75; 193.14; 13657.20; 137331.75; 193.14; 13657.20; 0.0000; 0.0000; 0.0000; 1.0000; 0.0000; 0.0000; 0.00; 0.00; 0.00; 0.00; 0.00; 0.00; 0.00; 0.00; 0.00; 0
6; 1.0000; 0.0000; 0.0000; 0.0000; 0.5152; 0.5105; 0.0014; 0.0962; 136869.45; 193.43; 13677.45; 136869.45; 193.43; 13677.45; 0.0000; 0.0000; 0.0000; 1.0000; 0.0000; 0.0000; 0.00; 0.00; 0.00; 0.00; 0.00; 0.00; 0.00; 0.00; 0.00; 0
7; 1.0000; 0.0000; 0.0000; 0.0000; 0.5152; 0.5106; 0.0013; 0.0935; 137047.44; 195.61; 13831.93; 137047.44; 195.61; 13831.93; 0.0000; 0.0000; 0.0000; 1.0000; 0.0000; 0.0000; 0.00; 0.00; 0.00; 0.00; 0.00; 0.00; 0.00; 0.00; 0.00; 0
8; 1.0000; 0.0000; 0.0000; 0.0000; 0.5152; 0.5092; 0.0014; 0.0968; 136331.26; 192.93; 13642.51; 136331.26; 192.93; 13642.51; 0.0000; 0.0000; 0.0000; 1.0000; 0.0000; 0.0000; 0.00; 0.00; 0.00; 0.00; 0.00; 0.00; 0.00; 0.00; 0.00; 0
9; 1.0000; 0.0000; 0.0000; 0.0000; 0.5152; 0.5103; 0.0013; 0.0946; 136582.65; 191.65; 13551.85; 136582.65; 191.65; 13551.85; 0.0000; 0.0000; 0.0000; 1.0000; 0.0000; 0.0000; 0.00; 0.00; 0.00; 0.00; 0.00; 0.00; 0.00; 0.00; 0.00; 0
10; 1.0000; 0.0000; 0.0000; 0.0000; 0.5152; 0.5093; 0.0013; 0.0930; 136671.56; 194.75; 13771.01; 136671.56; 194.75; 13771.01; 0.0000; 0.0000; 0.0000; 1.0000; 0.0000; 0.0000; 0.00; 0.00; 0.00; 0.00; 0.00; 0.00; 0.00; 0.00; 0.00; 0
11; 1.0000; 0.0000; 0.0000; 0.0000; 0.5152; 0.5126; 0.0013; 0.0936; 136650.69; 190.21; 13449.68; 136650.69; 190.21; 13449.68; 0.0000; 0.0000; 0.0000; 1.0000; 0.0000; 0.0000; 0.00; 0.00; 0.00; 0.00; 0.00; 0.00; 0.00; 0.00; 0.00; 0
12; 1.0000; 0.0000; 0.0000; 0.0000; 0.5152; 0.5105; 0.0014; 0.0956; 137003.49; 192.25; 13594.39; 137003.49; 192.25; 13594.39; 0.0000; 0.0000; 0.0000; 1.0000; 0.0000; 0.0000; 0.00; 0.00; 0.00; 0.00; 0.00; 0.00; 0.00; 0.00; 0.00; 0
13; 1.0000; 0.0000; 0.0000; 0.0000; 0.5152; 0.5096; 0.0013; 0.0917; 136879.90; 193.26; 13665.73; 136879.90; 193.26; 13665.73; 0.0000; 0.0000; 0.0000; 1.0000; 0.0000; 0.0000; 0.00; 0.00; 0.00; 0.00; 0.00; 0.00; 0.00; 0.00; 0.00; 0
14; 1.0000; 0.0000; 0.0000; 0.0000; 0.5152; 0.5133; 0.0013; 0.0939; 136740.83; 192.01; 13576.91; 136740.83; 192.01; 13576.91; 0.0000; 0.0000; 0.0000; 1.0000; 0.0000; 0.0000; 0.00; 0.00; 0.00; 0.00; 0.00; 0.00; 0.00; 0.00; 0.00; 0
15; 1.0000; 0.0000; 0.0000; 0.0000; 0.5152; 0.5118; 0.0013; 0.0948; 136869.76; 190.82; 13493.35; 136869.76; 190.82; 13493.35; 0.0000; 0.0000; 0.0000; 1.0000; 0.0000; 0.0000; 0.00; 0.00; 0.00; 0.00; 0.00; 0.00; 0.00; 0.00; 0.00; 0
16; 1.0000; 0.0000; 0.0000; 0.0000; 0.5152; 0.5117; 0.0013; 0.0937; 136875.24; 193.88; 13709.21; 136875.24; 193.88; 13709.21; 0.0000; 0.0000; 0.0000; 1.0000; 0.0000; 0.0000; 0.00; 0.00; 0.00; 0.00; 0.00; 0.00; 0.00; 0.00; 0.00; 0
17; 1.0000; 0.0000; 0.0000; 0.0000; 0.5152; 0.5101; 0.0013; 0.0941; 136763.50; 193.39; 13674.98; 136763.50; 193.39; 13674.98; 0.0000; 0.0000; 0.0000; 1.0000; 0.0000; 0.0000; 0.00; 0.00; 0.00; 0.00; 0.00; 0.00; 0.00; 0.00; 0.00; 0
18; 1.0000; 0.0000; 0.0000; 0.0000; 0.5152; 0.5110; 0.0013; 0.0928; 136799.99; 194.01; 13718.80; 136799.99; 194.01; 13718.80; 0.0000; 0.0000; 0.0000; 1.0000; 0.0000; 0.0000; 0.00; 0.00; 0.00; 0.00; 0.00; 0.00; 0.00; 0.00; 0.00; 0
19; 1.0000; 0.0000; 0.0000; 0.0000; 0.5152; 0.5100; 0.0013; 0.0940; 136581.92; 192.92; 13641.24; 136581.92; 192.92; 13641.24; 0.0000; 0.0000; 0.0000; 1.0000; 0.0000; 0.0000; 0.00; 0.00; 0.00; 0.00; 0.00; 0.00; 0.00; 0.00; 0.00; 0
20; 1.0000; 0.0000; 0.0000; 0.0000; 0.5152; 0.5098; 0.0013; 0.0952; 136733.05; 194.28; 13737.41; 136733.05; 194.28; 13737.41; 0.0000; 0.0000; 0.0000; 1.0000; 0.0000; 0.0000; 0.00; 0.00; 0.00; 0.00; 0.00; 0.00; 0.00; 0.00; 0.00; 0
21; 1.0000; 0.0000; 0.0000; 0.0000; 0.5152; 0.5143; 0.0013; 0.0944; 137069.12; 193.69; 13695.62; 137069.12; 193.69; 13695.62; 0.0000; 0.0000; 0.0000; 1.0000; 0.0000; 0.0000; 0.00; 0.00; 0.00; 0.00; 0.00; 0.00; 0.00; 0.00; 0.00; 0
22; 1.0000; 0.0000; 0.0000; 0.0000; 0.5152; 0.5115; 0.0013; 0.0943; 136975.56; 191.13; 13514.90; 136975.56; 191.13; 13514.90; 0.0000; 0.0000; 0.0000; 1.0000; 0.0000; 0.0000; 0.00; 0.00; 0.00; 0.00; 0.00; 0.00; 0.00; 0.00; 0.00; 0
23; 1.0000; 0.0000; 0.0000; 0.0000; 0.5152; 0.5094; 0.0013; 0.0943; 136776.09; 192.88; 13638.55; 136776.09; 192.88; 13638.55; 0.0000; 0.0000; 0.0000; 1.0000; 0.0000; 0.0000; 0.00; 0.00; 0.00; 0.00; 0.00; 0.00; 0.00; 0.00; 0.00; 0
24; 1.0000; 0.0000; 0.0000; 0.0000; 0.5152; 0.5103; 0.0013; 0.0954; 137039.73; 189.14; 13373.90; 137039.73; 189.14; 13373.90; 0.0000; 0.0000; 0.0000; 1.0000; 0.0000; 0.0000; 0.00; 0.00; 0.00; 0.00; 0.00; 0.00; 0.00; 0.00; 0.00; 0
25; 1.0000; 0.0000; 0.0000; 0.0000; 0.5152; 0.5101; 0.0013; 0.0945; 136817.62; 191.85; 13565.49; 136817.62; 191.85; 13565.49; 0.0000; 0.0000; 0.0000; 1.0000; 0.0000; 0.0000; 0.00; 0.00; 0.00; 0.00; 0.00; 0.00; 0.00; 0.00; 0.00; 0
26; 1.0000; 0.0000; 0.0000; 0.0000; 0.5152; 0.5107; 0.0013; 0.0937; 136592.67; 197.42; 13959.88; 136592.67; 197.42; 13959.88; 0.0000; 0.0000; 0.0000; 1.0000; 0.0000; 0.0000; 0.00; 0.00; 0.00; 0.00; 0.00; 0.00; 0.00; 0.00; 0.00; 0
27; 1.0000; 0.0000; 0.0000; 0.0000; 0.5152; 0.5087; 0.0014; 0.0962; 136750.74; 192.77; 13630.61; 136750.74; 192.77; 13630.61; 0.0000; 0.0000; 0.0000; 1.0000; 0.0000; 0.0000; 0.00; 0.00; 0.00; 0.00; 0.00; 0.00; 0.00; 0.00; 0.00; 0
28; 1.0000; 0.0000; 0.0000; 0.0000; 0.5152; 0.5140; 0.0013; 0.0923; 136684.71; 190.92; 13500.34; 136684.71; 190.92; 13500.34; 0.0000; 0.0000; 0.0000; 1.0000; 0.0000; 0.0000; 0.00; 0.00; 0.00; 0.00; 0.00; 0.00; 0.00; 0.00; 0.00; 0
29; 1.0000; 0.0000; 0.0000; 0.0000; 0.5152; 0.5118; 0.0013; 0.0931; 137032.37; 191.66; 13552.38; 137032.37; 191.66; 13552.38; 0.0000; 0.0000; 0.0000; 1.0000; 0.0000; 0.0000; 0.00; 0.00; 0.00; 0.00; 0.00; 0.00; 0.00; 0.00; 0.00; 0
30; 1.0000; 0.0000; 0.0000; 0.0000; 0.5152; 0.5100; 0.0013; 0.0931; 136712.23; 191.84; 13564.87; 136712.23; 191.84; 13564.87; 0.0000; 0.0000; 0.0000; 1.0000; 0.0000; 0.0000; 0.00; 0.00; 0.00; 0.00; 0.00; 0.00; 0.00; 0.00; 0.00; 0
31; 1.0000; 0.0000; 0.0000; 0.0000; 0.5152; 0.5088; 0.0014; 0.0960; 136663.91; 194.30; 13739.06; 136663.91; 194.30; 13739.06; 0.0000; 0.0000; 0.0000; 1.0000; 0.0000; 0.0000; 0.00; 0.00; 0.00; 0.00; 0.00; 0.00; 0.00; 0.00; 0.00; 0
32; 1.0000; 0.0000; 0.0000; 0.0000; 0.5152; 0.5101; 0.0013; 0.0927; 136720.22; 191.01; 13506.76; 136720.22; 191.01; 13506.76; 0.0000; 0.0000; 0.0000; 1.0000; 0.0000; 0.0000; 0.00; 0.00; 0.00; 0.00; 0.00; 0.00; 0.00; 0.00; 0.00; 0
33; 1.0000; 0.0000; 0.0000; 0.0000; 0.5152; 0.5110; 0.0013; 0.0940; 136558.43; 191.54; 13543.76; 136558.43; 191.54; 13543.76; 0.0000; 0.0000; 0.0000; 1.0000; 0.0000; 0.0000; 0.00; 0.00; 0.00; 0.00; 0.00; 0.00; 0.00; 0.00; 0.00; 0
34; 1.0000; 0.0000; 0.0000; 0.0000; 0.5152; 0.5128; 0.0013; 0.0945; 136609.08; 192.70; 13625.96; 136609.08; 192.70; 13625.96; 0.0000; 0.0000; 0.0000; 1.0000; 0.0000; 0.0000; 0.00; 0.00; 0.00; 0.00; 0.00; 0.00; 0.00; 0.00; 0.00; 0
35; 1.0000; 0.0000; 0.0000; 0.0000; 0.5152; 0.5084; 0.0013; 0.0953; 136391.99; 195.33; 13812.02; 136391.99; 195.33; 13812.02; 0.0000; 0.0000; 0.0000; 1.0000; 0.0000; 0.0000; 0.00; 0.00; 0.00; 0.00; 0.00; 0.00; 0.00; 0.00; 0.00; 0
36; 1.0000; 0.0000; 0.0000; 0.0000; 0.5152; 0.5125; 0.0013; 0.0946; 136784.17; 192.35; 13601.30; 136784.17; 192.35; 13601.30; 0.0000; 0.0000; 0.0000; 1.0000; 0.0000; 0.0000; 0.00; 0.00; 0.00; 0.00; 0.00; 0.00; 0.00; 0.00; 0.00; 0
37; 1.0000; 0.0000; 0.0000; 0.0000; 0.5152; 0.5108; 0.0013; 0.0949; 136674.05; 196.42; 13889.15; 136674.05; 196.42; 13889.15; 0.0000; 0.0000; 0.0000; 1.0000; 0.0000; 0.0000; 0.00; 0.00; 0.00; 0.00; 0.00; 0.00; 0.00; 0.00; 0.00; 0
38; 1.0000; 0.0000; 0.0000; 0.0000; 0.5152; 0.5101; 0.0013; 0.0948; 136729.73; 193.98; 13716.44; 136729.73; 193.98; 13716.44; 0.0000; 0.0000; 0.0000; 1.0000; 0.0000; 0.0000; 0.00; 0.00; 0.00; 0.00; 0.00; 0.00; 0.00; 0.00; 0.00; 0
39; 1.0000; 0.0000; 0.0000; 0.0000; 0.5152; 0.5102; 0.0013; 0.0950; 136457.21; 190.25; 13452.70; 136457.21; 190.25; 13452.70; 0.0000; 0.0000; 0.0000; 1.0000; 0.0000; 0.0000; 0.00; 0.00; 0.00; 0.00; 0.00; 0.00; 0.00; 0.00; 0.00; 0
40; 1.0000; 0.0000; 0.0000; 0.0000; 0.5152; 0.5110; 0.0013; 0.0939; 136810.93; 191.05; 13509.20; 136810.93; 191.05; 13509.20; 0.0000; 0.0000; 0.0000; 1.0000; 0.0000; 0.0000; 0.00; 0.00; 0.00; 0.00; 0.00; 0.00; 0.00; 0.00; 0.00; 0
41; 1.0000; 0.0000; 0.0000; 0.0000; 0.5152; 0.5081; 0.0014; 0.0956; 136832.79; 191.55; 13544.57; 136832.79; 191.55; 13544.57; 0.0000; 0.0000; 0.0000; 1.0000; 0.0000; 0.0000; 0.00; 0.00; 0.00; 0.00; 0.00; 0.00; 0.00; 0.00; 0.00; 0
42; 1.0000; 0.0000; 0.0000; 0.0000; 0.5152; 0.5122; 0.0013; 0.0939; 136665.25; 190.29; 13455.49; 136665.25; 190.29; 13455.49; 0.0000; 0.0000; 0.0000; 1.0000; 0.0000; 0.0000; 0.00; 0.00; 0.00; 0.00; 0.00; 0.00; 0.00; 0.00; 0.00; 0
43; 1.0000; 0.0000; 0.0000; 0.0000; 0.5152; 0.5109; 0.0013; 0.0941; 136879.65; 195.67; 13835.85; 136879.65; 195.67; 13835.85; 0.0000; 0.0000; 0.0000; 1.0000; 0.0000; 0.0000; 0.00; 0.00; 0.00; 0.00; 0.00; 0.00; 0.00; 0.00; 0.00; 0
44; 1.0000; 0.0000; 0.0000; 0.0000; 0.5152; 0.5100; 0.0013; 0.0928; 136751.34; 191.58; 13546.97; 136751.34; 191.58; 13546.97; 0.0000; 0.0000; 0.0000; 1.0000; 0.0000; 0.0000; 0.00; 0.00; 0.00; 0.00; 0.00; 0.00; 0.00; 0.00; 0.00; 0
45; 1.0000; 0.0000; 0.0000; 0.0000; 0.5152; 0.5115; 0.0014; 0.0957; 136589.56; 189.39; 13391.71; 136589.56; 189.39; 13391.71; 0.0000; 0.0000; 0.0000; 1.0000; 0.0000; 0.0000; 0.00; 0.00; 0.00; 0.00; 0.00; 0.00; 0.00; 0.00; 0.00; 0
46; 1.0000; 0.0000; 0.0000; 0.0000; 0.5152; 0.5100; 0.0013; 0.0935; 136191.64; 194.10; 13725.19; 136191.64; 194.10; 13725.19; 0.0000; 0.0000; 0.0000; 1.0000; 0.0000; 0.0000; 0.00; 0.00; 0.00; 0.00; 0.00; 0.00; 0.00; 0.00; 0.00; 0
47; 1.0000; 0.0000; 0.0000; 0.0000; 0.5152; 0.5100; 0.0014; 0.0957; 136720.29; 192.43; 13606.64; 136720.29; 192.43; 13606.64; 0.0000; 0.0000; 0.0000; 1.0000; 0.0000; 0.0000; 0.00; 0.00; 0.00; 0.00; 0.00; 0.00; 0.00; 0.00; 0.00; 0
48; 1.0000; 0.0000; 0.0000; 0.0000; 0.5152; 0.5106; 0.0013; 0.0948; 136528.80; 194.33; 13741.18; 136528.80; 194.33; 13741.18; 0.0000; 0.0000; 0.0000; 1.0000; 0.0000; 0.0000; 0.00; 0.00; 0.00; 0.00; 0.00; 0.00; 0.00; 0.00; 0.00; 0
49; 1.0000; 0.0000; 0.0000; 0.0000; 0.5152; 0.5102; 0.0013; 0.0944; 136435.50; 190.39; 13462.66; 136435.50; 190.39; 13462.66; 0.0000; 0.0000; 0.0000; 1.0000; 0.0000; 0.0000; 0.00; 0.00; 0.00; 0.00; 0.00; 0.00; 0.00; 0.00; 0.00; 0
50; 1.0000; 0.0000; 0.0000; 0.0000; 0.5152; 0.5078; 0.0014; 0.0983; 136648.91; 192.28; 13596.22; 136648.91; 192.28; 13596.22; 0.0000; 0.0000; 0.0000; 1.0000; 0.0000; 0.0000; 0.00; 0.00; 0.00; 0.00; 0.00; 0.00; 0.00; 0.00; 0.00; 0
51; 1.0000; 0.0000; 0.0000; 0.0000; 0.5152; 0.5127; 0.0013; 0.0939; 136664.44; 193.42; 13677.09; 136664.44; 193.42; 13677.09; 0.0000; 0.0000; 0.0000; 1.0000; 0.0000; 0.0000; 0.00; 0.00; 0.00; 0.00; 0.00; 0.00; 0.00; 0.00; 0.00; 0
52; 1.0000; 0.0000; 0.0000; 0.0000; 0.5152; 0.5104; 0.0013; 0.0951; 136807.11; 193.59; 13688.70; 136807.11; 193.59; 13688.70; 0.0000; 0.0000; 0.0000; 1.0000; 0.0000; 0.0000; 0.00; 0.00; 0.00; 0.00; 0.00; 0.00; 0.00; 0.00; 0.00; 0
53; 1.0000; 0.0000; 0.0000; 0.0000; 0.5152; 0.5113; 0.0013; 0.0935; 136943.85; 189.96; 13431.87; 136943.85; 189.96; 13431.87; 0.0000; 0.0000; 0.0000; 1.0000; 0.0000; 0.0000; 0.00; 0.00; 0.00; 0.00; 0.00; 0.00; 0.00; 0.00; 0.00; 0
54; 1.0000; 0.0000; 0.0000; 0.0000; 0.5152; 0.5100; 0.0013; 0.0946; 136545.13; 192.44; 13607.90; 136545.13; 192.44; 13607.90; 0.0000; 0.0000; 0.0000; 1.0000; 0.0000; 0.0000; 0.00; 0.00; 0.00; 0.00; 0.00; 0.00; 0.00; 0.00; 0.00; 0
55; 1.0000; 0.0000; 0.0000; 0.0000; 0.5152; 0.5099; 0.0013; 0.0938; 136885.43; 193.03; 13649.56; 136885.43; 193.03; 13649.56; 0.0000; 0.0000; 0.0000; 1.0000; 0.0000; 0.0000; 0.00; 0.00; 0.00; 0.00; 0.00; 0.00; 0.00; 0.00; 0.00; 0
56; 1.0000; 0.0000; 0.0000; 0.0000; 0.5152; 0.5117; 0.0013; 0.0935; 137013.65; 195.37; 13814.41; 137013.65; 195.37; 13814.41; 0.0000; 0.0000; 0.0000; 1.0000; 0.0000; 0.0000; 0.00; 0.00; 0.00; 0.00; 0.00; 0.00; 0.00; 0.00; 0.00; 0
57; 1.0000; 0.0000; 0.0000; 0.0000; 0.5152; 0.5130; 0.0013; 0.0927; 136846.18; 194.16; 13728.85; 136846.18; 194.16; 13728.85; 0.0000; 0.0000; 0.0000; 1.0000; 0.0000; 0.0000; 0.00; 0.00; 0.00; 0.00; 0.00; 0.00; 0.00; 0.00; 0.00; 0
58; 1.0000; 0.0000; 0.0000; 0.0000; 0.5152; 0.5104; 0.0013; 0.0953; 136450.06; 194.65; 13763.98; 136450.06; 194.65; 13763.98; 0.0000; 0.0000; 0.0000; 1.0000; 0.0000; 0.0000; 0.00; 0.00; 0.00; 0.00; 0.00; 0.00; 0.00; 0.00; 0.00; 0
59; 1.0000; 0.0000; 0.0000; 0.0000; 0.5152; 0.5145; 0.0013; 0.0944; 136611.77; 192.89; 13639.34; 136611.77; 192.89; 13639.34; 0.0000; 0.0000; 0.0000; 1.0000; 0.0000; 0.0000; 0.00; 0.00; 0.00; 0.00; 0.00; 0.00; 0.00; 0.00; 0.00; 0
60; 1.0000; 0.0000; 0.0000; 0.0000; 0.5152; 0.5088; 0.0013; 0.0937; 136787.94; 192.54; 13614.86; 136787.94; 192.54; 13614.86; 0.0000; 0.0000; 0.0000; 1.0000; 0.0000; 0.0000; 0.00; 0.00; 0.00; 0.00; 0.00; 0.00; 0.00; 0.00; 0.00; 0
61; 1.0000; 0.0000; 0.0000; 0.0000; 0.5152; 0.5117; 0.0013; 0.0954; 136706.21; 192.51; 13612.64; 136706.21; 192.51; 13612.64; 0.0000; 0.0000; 0.0000; 1.0000; 0.0000; 0.0000; 0.00; 0.00; 0.00; 0.00; 0.00; 0.00; 0.00; 0.00; 0.00; 0
62; 1.0000; 0.0000; 0.0000; 0.0000; 0.5152; 0.5110; 0.0014; 0.0959; 136946.52; 193.61; 13690.18; 136946.52; 193.61; 13690.18; 0.0000; 0.0000; 0.0000; 1.0000; 0.0000; 0.0000; 0.00; 0.00; 0.00; 0.00; 0.00; 0.00; 0.00; 0.00; 0.00; 0
63; 1.0000; 0.0000; 0.0000; 0.0000; 0.5152; 0.5113; 0.0013; 0.0939; 136940.79; 193.46; 13679.96; 136940.79; 193.46; 13679.96; 0.0000; 0.0000; 0.0000; 1.0000; 0.0000; 0.0000; 0.00; 0.00; 0.00; 0.00; 0.00; 0.00; 0.00; 0.00; 0.00; 0
64; 1.0000; 0.0000; 0.0000; 0.0000; 0.5152; 0.5119; 0.0013; 0.0944; 136935.04; 190.16; 13446.63; 136935.04; 190.16; 13446.63; 0.0000; 0.0000; 0.0000; 1.0000; 0.0000; 0.0000; 0.00; 0.00; 0.00; 0.00; 0.00; 0.00; 0.00; 0.00; 0.00; 0
65; 1.0000; 0.0000; 0.0000; 0.0000; 0.5152; 0.5110; 0.0013; 0.0943; 137013.18; 192.47; 13609.89; 137013.18; 192.47; 13609.89; 0.0000; 0.0000; 0.0000; 1.0000; 0.0000; 0.0000; 0.00; 0.00; 0.00; 0.00; 0.00; 0.00; 0.00; 0.00; 0.00; 0
66; 1.0000; 0.0000; 0.0000; 0.0000; 0.5152; 0.5114; 0.0013; 0.0929; 137002.81; 188.70; 13343.11; 137002.81; 188.70; 13343.11; 0.0000; 0.0000; 0.0000; 1.0000; 0.0000; 0.0000; 0.00; 0.00; 0.00; 0.00; 0.00; 0.00; 0.00; 0.00; 0.00; 0
67; 1.0000; 0.0000; 0.0000; 0.0000; 0.5152; 0.5117; 0.0013; 0.0933; 136824.80; 194.31; 13739.45; 136824.80; 194.31; 13739.45; 0.0000; 0.0000; 0.0000; 1.0000; 0.0000; 0.0000; 0.00; 0.00; 0.00; 0.00; 0.00; 0.00; 0.00; 0.00; 0.00; 0
68; 1.0000; 0.0000; 0.0000; 0.0000; 0.5152; 0.5115; 0.0013; 0.0938; 137042.10; 192.43; 13606.96; 137042.10; 192.43; 13606.96; 0.0000; 0.0000; 0.0000; 1.0000; 0.0000; 0.0000; 0.00; 0.00; 0.00; 0.00; 0.00; 0.00; 0.00; 0.00; 0.00; 0
69; 1.0000; 0.0000; 0.0000; 0.0000; 0.5152; 0.5075; 0.0013; 0.0946; 136857.32; 191.74; 13558.08; 136857.32; 191.74; 13558.08; 0.0000; 0.0000; 0.0000; 1.0000; 0.0000; 0.0000; 0.00; 0.00; 0.00; 0.00; 0.00; 0.00; 0.00; 0.00; 0.00; 0
70; 1.0000; 0.0000; 0.0000; 0.0000; 0.5152; 0.5110; 0.0013; 0.0928; 137131.24; 191.12; 13514.00; 137131.24; 191.12; 13514.00; 0.0000; 0.0000; 0.0000; 1.0000; 0.0000; 0.0000; 0.00; 0.00; 0.00; 0.00; 0.00; 0.00; 0.00; 0.00; 0.00; 0
71; 1.0000; 0.0000; 0.0000; 0.0000; 0.5152; 0.5131; 0.0013; 0.0941; 136978.31; 193.43; 13677.76; 136978.31; 193.43; 13677.76; 0.0000; 0.0000; 0.0000; 1.0000; 0.0000; 0.0000; 0.00; 0.00; 0.00; 0.00; 0.00; 0.00; 0.00; 0.00; 0.00; 0
72; 1.0000; 0.0000; 0.0000; 0.0000; 0.5152; 0.5099; 0.0014; 0.0960; 136694.84; 190.83; 13493.67; 136694.84; 190.83; 13493.67; 0.0000; 0.0000; 0.0000; 1.0000; 0.0000; 0.0000; 0.00; 0.00; 0.00; 0.00; 0.00; 0.00; 0.00; 0.00; 0.00; 0
73; 1.0000; 0.0000; 0.0000; 0.0000; 0.5152; 0.5087; 0.0013; 0.0947; 136748.70; 194.92; 13782.94; 136748.70; 194.92; 13782.94; 0.0000; 0.0000; 0.0000; 1.0000; 0.0000; 0.0000; 0.00; 0.00; 0.00; 0.00; 0.00; 0.00; 0.00; 0.00; 0.00; 0
74; 1.0000; 0.0000; 0.0000; 0.0000; 0.5152; 0.5106; 0.0014; 0.0958; 136970.15; 190.37; 13461.43; 136970.15; 190.37; 13461.43; 0.0000; 0.0000; 0.0000; 1.0000; 0.0000; 0.0000; 0.00; 0.00; 0.00; 0.00; 0.00; 0.00; 0.00; 0.00; 0.00; 0
75; 1.0000; 0.0000; 0.0000; 0.0000; 0.5152; 0.5104; 0.0013; 0.0946; 136845.26; 192.72; 13627.05; 136845.26; 192.72; 13627.05; 0.0000; 0.0000; 0.0000; 1.0000; 0.0000; 0.0000; 0.00; 0.00; 0.00; 0.00; 0.00; 0.00; 0.00; 0.00; 0.00; 0
76; 1.0000; 0.0000; 0.0000; 0.0000; 0.5152; 0.5107; 0.0014; 0.0955; 136846.87; 190.41; 13463.97; 136846.87; 190.41; 13463.97; 0.0000; 0.0000; 0.0000; 1.0000; 0.0000; 0.0000; 0.00; 0.00; 0.00; 0.00; 0.00; 0.00; 0.00; 0.00; 0.00; 0
77; 1.0000; 0.0000; 0.0000; 0.0000; 0.5152; 0.5107; 0.0013; 0.0948; 136800.59; 193.75; 13699.96; 136800.59; 193.75; 13699.96; 0.0000; 0.0000; 0.0000; 1.0000; 0.0000; 0.0000; 0.00; 0.00; 0.00; 0.00; 0.00; 0.00; 0.00; 0.00; 0.00; 0
78; 1.0000; 0.0000; 0.0000; 0.0000; 0.5152; 0.5102; 0.0013; 0.0945; 136995.97; 196.26; 13877.61; 136995.97; 196.26; 13877.61; 0.0000; 0.0000; 0.0000; 1.0000; 0.0000; 0.0000; 0.00; 0.00; 0.00; 0.00; 0.00; 0.00; 0.00; 0.00; 0.00; 0
79; 1.0000; 0.0000; 0.0000; 0.0000; 0.5152; 0.5097; 0.0013; 0.0950; 136806.84; 197.00; 13929.73; 136806.84; 197.00; 13929.73; 0.0000; 0.0000; 0.0000; 1.0000; 0.0000; 0.0000; 0.00; 0.00; 0.00; 0.00; 0.00; 0.00; 0.00; 0.00; 0.00; 0
80; 1.0000; 0.0000; 0.0000; 0.0000; 0.5152; 0.5093; 0.0013; 0.0941; 136935.68; 191.16; 13517.08; 136935.68; 191.16; 13517.08; 0.0000; 0.0000; 0.0000; 1.0000; 0.0000; 0.0000; 0.00; 0.00; 0.00; 0.00; 0.00; 0.00; 0.00; 0.00; 0.00; 0
81; 1.0000; 0.0000; 0.0000; 0.0000; 0.5152; 0.5095; 0.0013; 0.0946; 136864.19; 191.48; 13539.92; 136864.19; 191.48; 13539.92; 0.0000; 0.0000; 0.0000; 1.0000; 0.0000; 0.0000; 0.00; 0.00; 0.00; 0.00; 0.00; 0.00; 0.00; 0.00; 0.00; 0
82; 1.0000; 0.0000; 0.0000; 0.0000; 0.5152; 0.5119; 0.0013; 0.0948; 136613.71; 192.16; 13587.72; 136613.71; 192.16; 13587.72; 0.0000; 0.0000; 0.0000; 1.0000; 0.0000; 0.0000; 0.00; 0.00; 0.00; 0.00; 0.00; 0.00; 0.00; 0.00; 0.00; 0
83; 1.0000; 0.0000; 0.0000; 0.0000; 0.5152; 0.5094; 0.0013; 0.0954; 136750.91; 191.32; 13528.32; 136750.91; 191.32; 13528.32; 0.0000; 0.0000; 0.0000; 1.0000; 0.0000; 0.0000; 0.00; 0.00; 0.00; 0.00; 0.00; 0.00; 0.00; 0.00; 0.00; 0
84; 1.0000; 0.0000; 0.0000; 0.0000; 0.5152; 0.5117; 0.0013; 0.0921; 136825.88; 189.09; 13370.94; 136825.88; 189.09; 13370.94; 0.0000; 0.0000; 0.0000; 1.0000; 0.0000; 0.0000; 0.00; 0.00; 0.00; 0.00; 0.00; 0.00; 0.00; 0.00; 0.00; 0
85; 1.0000; 0.0000; 0.0000; 0.0000; 0.5152; 0.5100; 0.0013; 0.0940; 136842.49; 193.13; 13656.03; 136842.49; 193.13; 13656.03; 0.0000; 0.0000; 0.0000; 1.0000; 0.0000; 0.0000; 0.00; 0.00; 0.00; 0.00; 0.00; 0.00; 0.00; 0.00; 0.00; 0
86; 1.0000; 0.0000; 0.0000; 0.0000; 0.5152; 0.5092; 0.0014; 0.0964; 136803.85; 194.19; 13731.35; 136803.85; 194.19; 13731.35; 0.0000; 0.0000; 0.0000; 1.0000; 0.0000; 0.0000; 0.00; 0.00; 0.00; 0.00; 0.00; 0.00; 0.00; 0.00; 0.00; 0
87; 1.0000; 0.0000; 0.0000; 0.0000; 0.5152; 0.5122; 0.0013; 0.0932; 136644.14; 189.39; 13391.69; 136644.14; 189.39; 13391.69; 0.0000; 0.0000; 0.0000; 1.0000; 0.0000; 0.0000; 0.00; 0.00; 0.00; 0.00; 0.00; 0.00; 0.00; 0.00; 0.00; 0
88; 1.0000; 0.0000; 0.0000; 0.0000; 0.5152; 0.5113; 0.0013; 0.0937; 136670.76; 193.45; 13679.18; 136670.76; 193.45; 13679.18; 0.0000; 0.0000; 0.0000; 1.0000; 0.0000; 0.0000; 0.00; 0.00; 0.00; 0.00; 0.00; 0.00; 0.00; 0.00; 0.00; 0
89; 1.0000; 0.0000; 0.0000; 0.0000; 0.5152; 0.5107; 0.0014; 0.0956; 136861.29; 191.94; 13572.23; 136861.29; 191.94; 13572.23; 0.0000; 0.0000; 0.0000; 1.0000; 0.0000; 0.0000; 0.00; 0.00; 0.00; 0.00; 0.00; 0.00; 0.00; 0.00; 0.00; 0
90; 1.0000; 0.0000; 0.0000; 0.0000; 0.5152; 0.5108; 0.0013; 0.0941; 137024.76; 190.18; 13447.89; 137024.76; 190.18; 13447.89; 0.0000; 0.0000; 0.0000; 1.0000; 0.0000; 0.0000; 0.00; 0.00; 0.00; 0.00; 0.00; 0.00; 0.00; 0.00; 0.00; 0
91; 1.0000; 0.0000; 0.0000; 0.0000; 0.5152; 0.5100; 0.0013; 0.0935; 136733.52; 193.02; 13648.33; 136733.52; 193.02; 13648.33; 0.0000; 0.0000; 0.0000; 1.0000; 0.0000; 0.0000; 0.00; 0.00; 0.00; 0.00; 0.00; 0.00; 0.00; 0.00; 0.00; 0
92; 1.0000; 0.0000; 0.0000; 0.0000; 0.5152; 0.5096; 0.0014; 0.0968; 136896.65; 193.60; 13689.51; 136896.65; 193.60; 13689.51; 0.0000; 0.0000; 0.0000; 1.0000; 0.0000; 0.0000; 0.00; 0.00; 0.00; 0.00; 0.00; 0.00; 0.00; 0.00; 0.00; 0
93; 1.0000; 0.0000; 0.0000; 0.0000; 0.5152; 0.5117; 0.0013; 0.0933; 136721.84; 194.92; 13782.68; 136721.84; 194.92; 13782.68; 0.0000; 0.0000; 0.0000; 1.0000; 0.0000; 0.0000; 0.00; 0.00; 0.00; 0.00; 0.00; 0.00; 0.00; 0.00; 0.00; 0
94; 1.0000; 0.0000; 0.0000; 0.0000; 0.5152; 0.5119; 0.0013; 0.0946; 136797.33; 191.19; 13519.31; 136797.33; 191.19; 13519.31; 0.0000; 0.0000; 0.0000; 1.0000; 0.0000; 0.0000; 0.00; 0.00; 0.00; 0.00; 0.00; 0.00; 0.00; 0.00; 0.00; 0
95; 1.0000; 0.0000; 0.0000; 0.0000; 0.5152; 0.5114; 0.0013; 0.0945; 136792.52; 192.03; 13578.26; 136792.52; 192.03; 13578.26; 0.0000; 0.0000; 0.0000; 1.0000; 0.0000; 0.0000; 0.00; 0.00; 0.00; 0.00; 0.00; 0.00; 0.00; 0.00; 0.00; 0
96; 1.0000; 0.0000; 0.0000; 0.0000; 0.5152; 0.5102; 0.0013; 0.0944; 137080.59; 188.20; 13307.85; 137080.59; 188.20; 13307.85; 0.0000; 0.0000; 0.0000; 1.0000; 0.0000; 0.0000; 0.00; 0.00; 0.00; 0.00; 0.00; 0.00; 0.00; 0.00; 0.00; 0
97; 1.0000; 0.0000; 0.0000; 0.0000; 0.5152; 0.5078; 0.0013; 0.0950; 136679.37; 192.56; 13616.07; 136679.37; 192.56; 13616.07; 0.0000; 0.0000; 0.0000; 1.0000; 0.0000; 0.0000; 0.00; 0.00; 0.00; 0.00; 0.00; 0.00; 0.00; 0.00; 0.00; 0
98; 1.0000; 0.0000; 0.0000; 0.0000; 0.5152; 0.5119; 0.0013; 0.0949; 136583.67; 190.37; 13460.97; 136583.67; 190.37; 13460.97; 0.0000; 0.0000; 0.0000; 1.0000; 0.0000; 0.0000; 0.00; 0.00; 0.00; 0.00; 0.00; 0.00; 0.00; 0.00; 0.00; 0
99; 1.0000; 0.0000; 0.0000; 0.0000; 0.5152; 0.5092; 0.0013; 0.0949; 136691.02; 192.41; 13605.20; 136691.02; 192.41; 13605.20; 0.0000; 0.0000; 0.0000; 1.0000; 0.0000; 0.0000; 0.00; 0.00; 0.00; 0.00; 0.00; 0.00; 0.00; 0.00; 0.00; 0
100; 1.0000; 0.0000; 0.0000; 0.0000; 0.5152; 0.5090; 0.0013; 0.0954; 136974.69; 193.76; 13700.74; 136974.69; 193.76; 13700.74; 0.0000; 0.0000; 0.0000; 1.0000; 0.0000; 0.0000; 0.00; 0.00; 0.00; 0.00; 0.00; 0.00; 0.00; 0.00; 0.00; 0
