    Year (Census)
    Proportion of populations extant, SE
    Proportion of populations going extinct for the first time in year, SE
    Deterministic growth, Stochastic growth, SE, SD
    Mean population size (across extant populations), SE, SD
    Mean population size (across all populations), SE, SD
    Population-based model: No genetic data (12 skipped fields)



    Mean time to extinction, SE, SD
    Median time to extinction
Year;PExtant;SE(PExtant);PExtinct;SE(PExtinct);det-r;stoch-r;SE(r);SD(r);N-extant;SE(N-extant);SD(N-extant);N-all;SE(N-all);SD(N-all);GeneDiv;SE(GD);SD(GD);Inbreed;SE(Inbr);SD(Inbr);nAlleles;SE(nAlleles);SD(nAlleles);nLethals;SE(nLethals);SD(nLethals);TE;SE(TE);SD(TE);medianTE
Default Scenario
Population 1: Population1
0; 1.0000; 0.0000; 0.0000; 0.0000; -0.0563;      0;      0;      0; 19472.00; 0.00; 0.00; 19472.00; 0.00; 0.00; 0.0000; 0.0000; 0.0000; 1.0000; 0.0000; 0.0000; 0.00; 0.00; 0.00; 0.00; 0.00; 0.00; 0.00; 0.00; 0.00; 0
1; 1.0000; 0.0000; 0.0000; 0.0000; -0.0563; -0.0626; 0.0013; 0.0894; 17714.98; 19.33; 1366.96; 17714.98; 19.33; 1366.96; 0.0000; 0.0000; 0.0000; 1.0000; 0.0000; 0.0000; 0.00; 0.00; 0.00; 0.00; 0.00; 0.00; 0.00; 0.00; 0.00; 0
2; 1.0000; 0.0000; 0.0000; 0.0000; -0.0563; -0.0601; 0.0013; 0.0893; 16462.72; 22.97; 1624.43; 16462.72; 22.97; 1624.43; 0.0000; 0.0000; 0.0000; 1.0000; 0.0000; 0.0000; 0.00; 0.00; 0.00; 0.00; 0.00; 0.00; 0.00; 0.00; 0.00; 0
3; 1.0000; 0.0000; 0.0000; 0.0000; -0.0563; -0.0580; 0.0013; 0.0900; 15448.63; 25.26; 1786.15; 15448.63; 25.26; 1786.15; 0.0000; 0.0000; 0.0000; 1.0000; 0.0000; 0.0000; 0.00; 0.00; 0.00; 0.00; 0.00; 0.00; 0.00; 0.00; 0.00; 0
4; 1.0000; 0.0000; 0.0000; 0.0000; -0.0563; -0.0598; 0.0013; 0.0906; 14524.43; 26.91; 1902.57; 14524.43; 26.91; 1902.57; 0.0000; 0.0000; 0.0000; 1.0000; 0.0000; 0.0000; 0.00; 0.00; 0.00; 0.00; 0.00; 0.00; 0.00; 0.00; 0.00; 0
5; 1.0000; 0.0000; 0.0000; 0.0000; -0.0563; -0.0595; 0.0013; 0.0899; 13681.08; 28.42; 2009.61; 13681.08; 28.42; 2009.61; 0.0000; 0.0000; 0.0000; 1.0000; 0.0000; 0.0000; 0.00; 0.00; 0.00; 0.00; 0.00; 0.00; 0.00; 0.00; 0.00; 0
6; 1.0000; 0.0000; 0.0000; 0.0000; -0.0563; -0.0562; 0.0013; 0.0896; 12944.89; 29.26; 2068.94; 12944.89; 29.26; 2068.94; 0.0000; 0.0000; 0.0000; 1.0000; 0.0000; 0.0000; 0.00; 0.00; 0.00; 0.00; 0.00; 0.00; 0.00; 0.00; 0.00; 0
7; 1.0000; 0.0000; 0.0000; 0.0000; -0.0563; -0.0589; 0.0013; 0.0905; 12220.57; 29.87; 2112.38; 12220.57; 29.87; 2112.38; 0.0000; 0.0000; 0.0000; 1.0000; 0.0000; 0.0000; 0.00; 0.00; 0.00; 0.00; 0.00; 0.00; 0.00; 0.00; 0.00; 0
8; 1.0000; 0.0000; 0.0000; 0.0000; -0.0563; -0.0596; 0.0013; 0.0912; 11538.03; 30.47; 2154.79; 11538.03; 30.47; 2154.79; 0.0000; 0.0000; 0.0000; 1.0000; 0.0000; 0.0000; 0.00; 0.00; 0.00; 0.00; 0.00; 0.00; 0.00; 0.00; 0.00; 0
9; 1.0000; 0.0000; 0.0000; 0.0000; -0.0563; -0.0597; 0.0013; 0.0896; 10891.28; 30.54; 2159.18; 10891.28; 30.54; 2159.18; 0.0000; 0.0000; 0.0000; 1.0000; 0.0000; 0.0000; 0.00; 0.00; 0.00; 0.00; 0.00; 0.00; 0.00; 0.00; 0.00; 0
10; 1.0000; 0.0000; 0.0000; 0.0000; -0.0563; -0.0585; 0.0013; 0.0905; 10298.24; 30.89; 2184.53; 10298.24; 30.89; 2184.53; 0.0000; 0.0000; 0.0000; 1.0000; 0.0000; 0.0000; 0.00; 0.00; 0.00; 0.00; 0.00; 0.00; 0.00; 0.00; 0.00; 0
11; 1.0000; 0.0000; 0.0000; 0.0000; -0.0563; -0.0555; 0.0013; 0.0907; 9758.43; 30.45; 2153.31; 9758.43; 30.45; 2153.31; 0.0000; 0.0000; 0.0000; 1.0000; 0.0000; 0.0000; 0.00; 0.00; 0.00; 0.00; 0.00; 0.00; 0.00; 0.00; 0.00; 0
12; 1.0000; 0.0000; 0.0000; 0.0000; -0.0563; -0.0597; 0.0013; 0.0906; 9214.32; 30.15; 2132.24; 9214.32; 30.15; 2132.24; 0.0000; 0.0000; 0.0000; 1.0000; 0.0000; 0.0000; 0.00; 0.00; 0.00; 0.00; 0.00; 0.00; 0.00; 0.00; 0.00; 0
13; 1.0000; 0.0000; 0.0000; 0.0000; -0.0563; -0.0594; 0.0013; 0.0925; 8705.40; 29.88; 2112.60; 8705.40; 29.88; 2112.60; 0.0000; 0.0000; 0.0000; 1.0000; 0.0000; 0.0000; 0.00; 0.00; 0.00; 0.00; 0.00; 0.00; 0.00; 0.00; 0.00; 0
14; 1.0000; 0.0000; 0.0000; 0.0000; -0.0563; -0.0586; 0.0013; 0.0888; 8230.88; 29.60; 2092.88; 8230.88; 29.60; 2092.88; 0.0000; 0.0000; 0.0000; 1.0000; 0.0000; 0.0000; 0.00; 0.00; 0.00; 0.00; 0.00; 0.00; 0.00; 0.00; 0.00; 0
15; 1.0000; 0.0000; 0.0000; 0.0000; -0.0563; -0.0581; 0.0013; 0.0905; 7785.78; 29.11; 2058.73; 7785.78; 29.11; 2058.73; 0.0000; 0.0000; 0.0000; 1.0000; 0.0000; 0.0000; 0.00; 0.00; 0.00; 0.00; 0.00; 0.00; 0.00; 0.00; 0.00; 0
16; 1.0000; 0.0000; 0.0000; 0.0000; -0.0563; -0.0600; 0.0013; 0.0901; 7348.26; 28.37; 2006.28; 7348.26; 28.37; 2006.28; 0.0000; 0.0000; 0.0000; 1.0000; 0.0000; 0.0000; 0.00; 0.00; 0.00; 0.00; 0.00; 0.00; 0.00; 0.00; 0.00; 0
17; 1.0000; 0.0000; 0.0000; 0.0000; -0.0563; -0.0588; 0.0013; 0.0900; 6946.08; 27.75; 1962.48; 6946.08; 27.75; 1962.48; 0.0000; 0.0000; 0.0000; 1.0000; 0.0000; 0.0000; 0.00; 0.00; 0.00; 0.00; 0.00; 0.00; 0.00; 0.00; 0.00; 0
18; 1.0000; 0.0000; 0.0000; 0.0000; -0.0563; -0.0579; 0.0013; 0.0897; 6570.17; 27.01; 1909.72; 6570.17; 27.01; 1909.72; 0.0000; 0.0000; 0.0000; 1.0000; 0.0000; 0.0000; 0.00; 0.00; 0.00; 0.00; 0.00; 0.00; 0.00; 0.00; 0.00; 0
19; 1.0000; 0.0000; 0.0000; 0.0000; -0.0563; -0.0585; 0.0013; 0.0895; 6213.01; 26.38; 1865.26; 6213.01; 26.38; 1865.26; 0.0000; 0.0000; 0.0000; 1.0000; 0.0000; 0.0000; 0.00; 0.00; 0.00; 0.00; 0.00; 0.00; 0.00; 0.00; 0.00; 0
20; 1.0000; 0.0000; 0.0000; 0.0000; -0.0563; -0.0593; 0.0013; 0.0904; 5871.54; 25.69; 1816.70; 5871.54; 25.69; 1816.70; 0.0000; 0.0000; 0.0000; 1.0000; 0.0000; 0.0000; 0.00; 0.00; 0.00; 0.00; 0.00; 0.00; 0.00; 0.00; 0.00; 0
21; 1.0000; 0.0000; 0.0000; 0.0000; -0.0563; -0.0613; 0.0013; 0.0921; 5536.52; 24.84; 1756.47; 5536.52; 24.84; 1756.47; 0.0000; 0.0000; 0.0000; 1.0000; 0.0000; 0.0000; 0.00; 0.00; 0.00; 0.00; 0.00; 0.00; 0.00; 0.00; 0.00; 0
22; 1.0000; 0.0000; 0.0000; 0.0000; -0.0563; -0.0575; 0.0013; 0.0916; 5239.15; 24.16; 1708.42; 5239.15; 24.16; 1708.42; 0.0000; 0.0000; 0.0000; 1.0000; 0.0000; 0.0000; 0.00; 0.00; 0.00; 0.00; 0.00; 0.00; 0.00; 0.00; 0.00; 0
23; 1.0000; 0.0000; 0.0000; 0.0000; -0.0563; -0.0590; 0.0013; 0.0915; 4954.80; 23.59; 1668.36; 4954.80; 23.59; 1668.36; 0.0000; 0.0000; 0.0000; 1.0000; 0.0000; 0.0000; 0.00; 0.00; 0.00; 0.00; 0.00; 0.00; 0.00; 0.00; 0.00; 0
24; 1.0000; 0.0000; 0.0000; 0.0000; -0.0563; -0.0577; 0.0013; 0.0905; 4687.95; 22.81; 1613.02; 4687.95; 22.81; 1613.02; 0.0000; 0.0000; 0.0000; 1.0000; 0.0000; 0.0000; 0.00; 0.00; 0.00; 0.00; 0.00; 0.00; 0.00; 0.00; 0.00; 0
25; 1.0000; 0.0000; 0.0000; 0.0000; -0.0563; -0.0600; 0.0013; 0.0900; 4426.66; 22.13; 1564.58; 4426.66; 22.13; 1564.58; 0.0000; 0.0000; 0.0000; 1.0000; 0.0000; 0.0000; 0.00; 0.00; 0.00; 0.00; 0.00; 0.00; 0.00; 0.00; 0.00; 0
26; 1.0000; 0.0000; 0.0000; 0.0000; -0.0563; -0.0600; 0.0013; 0.0912; 4178.77; 21.31; 1507.01; 4178.77; 21.31; 1507.01; 0.0000; 0.0000; 0.0000; 1.0000; 0.0000; 0.0000; 0.00; 0.00; 0.00; 0.00; 0.00; 0.00; 0.00; 0.00; 0.00; 0
27; 1.0000; 0.0000; 0.0000; 0.0000; -0.0563; -0.0600; 0.0013; 0.0903; 3944.93; 20.51; 1450.60; 3944.93; 20.51; 1450.60; 0.0000; 0.0000; 0.0000; 1.0000; 0.0000; 0.0000; 0.00; 0.00; 0.00; 0.00; 0.00; 0.00; 0.00; 0.00; 0.00; 0
28; 1.0000; 0.0000; 0.0000; 0.0000; -0.0563; -0.0561; 0.0013; 0.0906; 3735.54; 19.63; 1387.74; 3735.54; 19.63; 1387.74; 0.0000; 0.0000; 0.0000; 1.0000; 0.0000; 0.0000; 0.00; 0.00; 0.00; 0.00; 0.00; 0.00; 0.00; 0.00; 0.00; 0
29; 1.0000; 0.0000; 0.0000; 0.0000; -0.0563; -0.0593; 0.0013; 0.0893; 3529.15; 18.93; 1338.82; 3529.15; 18.93; 1338.82; 0.0000; 0.0000; 0.0000; 1.0000; 0.0000; 0.0000; 0.00; 0.00; 0.00; 0.00; 0.00; 0.00; 0.00; 0.00; 0.00; 0
30; 1.0000; 0.0000; 0.0000; 0.0000; -0.0563; -0.0609; 0.0013; 0.0906; 3330.14; 18.27; 1291.57; 3330.14; 18.27; 1291.57; 0.0000; 0.0000; 0.0000; 1.0000; 0.0000; 0.0000; 0.00; 0.00; 0.00; 0.00; 0.00; 0.00; 0.00; 0.00; 0.00; 0
31; 1.0000; 0.0000; 0.0000; 0.0000; -0.0563; -0.0583; 0.0013; 0.0935; 3151.45; 17.74; 1254.73; 3151.45; 17.74; 1254.73; 0.0000; 0.0000; 0.0000; 1.0000; 0.0000; 0.0000; 0.00; 0.00; 0.00; 0.00; 0.00; 0.00; 0.00; 0.00; 0.00; 0
32; 1.0000; 0.0000; 0.0000; 0.0000; -0.0563; -0.0600; 0.0013; 0.0917; 2976.27; 17.13; 1211.59; 2976.27; 17.13; 1211.59; 0.0000; 0.0000; 0.0000; 1.0000; 0.0000; 0.0000; 0.00; 0.00; 0.00; 0.00; 0.00; 0.00; 0.00; 0.00; 0.00; 0
33; 1.0000; 0.0000; 0.0000; 0.0000; -0.0563; -0.0604; 0.0013; 0.0928; 2810.43; 16.50; 1166.59; 2810.43; 16.50; 1166.59; 0.0000; 0.0000; 0.0000; 1.0000; 0.0000; 0.0000; 0.00; 0.00; 0.00; 0.00; 0.00; 0.00; 0.00; 0.00; 0.00; 0
34; 1.0000; 0.0000; 0.0000; 0.0000; -0.0563; -0.0569; 0.0013; 0.0897; 2660.35; 15.86; 1121.73; 2660.35; 15.86; 1121.73; 0.0000; 0.0000; 0.0000; 1.0000; 0.0000; 0.0000; 0.00; 0.00; 0.00; 0.00; 0.00; 0.00; 0.00; 0.00; 0.00; 0
35; 1.0000; 0.0000; 0.0000; 0.0000; -0.0563; -0.0583; 0.0013; 0.0909; 2516.19; 15.23; 1076.91; 2516.19; 15.23; 1076.91; 0.0000; 0.0000; 0.0000; 1.0000; 0.0000; 0.0000; 0.00; 0.00; 0.00; 0.00; 0.00; 0.00; 0.00; 0.00; 0.00; 0
36; 1.0000; 0.0000; 0.0000; 0.0000; -0.0563; -0.0594; 0.0013; 0.0889; 2378.58; 14.71; 1040.05; 2378.58; 14.71; 1040.05; 0.0000; 0.0000; 0.0000; 1.0000; 0.0000; 0.0000; 0.00; 0.00; 0.00; 0.00; 0.00; 0.00; 0.00; 0.00; 0.00; 0
37; 1.0000; 0.0000; 0.0000; 0.0000; -0.0563; -0.0580; 0.0013; 0.0915; 2247.35; 13.98; 988.37; 2247.35; 13.98; 988.37; 0.0000; 0.0000; 0.0000; 1.0000; 0.0000; 0.0000; 0.00; 0.00; 0.00; 0.00; 0.00; 0.00; 0.00; 0.00; 0.00; 0
38; 1.0000; 0.0000; 0.0000; 0.0000; -0.0563; -0.0590; 0.0013; 0.0904; 2122.87; 13.32; 941.53; 2122.87; 13.32; 941.53; 0.0000; 0.0000; 0.0000; 1.0000; 0.0000; 0.0000; 0.00; 0.00; 0.00; 0.00; 0.00; 0.00; 0.00; 0.00; 0.00; 0
39; 1.0000; 0.0000; 0.0000; 0.0000; -0.0563; -0.0596; 0.0013; 0.0916; 2005.58; 12.81; 905.78; 2005.58; 12.81; 905.78; 0.0000; 0.0000; 0.0000; 1.0000; 0.0000; 0.0000; 0.00; 0.00; 0.00; 0.00; 0.00; 0.00; 0.00; 0.00; 0.00; 0
40; 1.0000; 0.0000; 0.0000; 0.0000; -0.0563; -0.0590; 0.0013; 0.0921; 1895.54; 12.27; 867.73; 1895.54; 12.27; 867.73; 0.0000; 0.0000; 0.0000; 1.0000; 0.0000; 0.0000; 0.00; 0.00; 0.00; 0.00; 0.00; 0.00; 0.00; 0.00; 0.00; 0
41; 1.0000; 0.0000; 0.0000; 0.0000; -0.0563; -0.0587; 0.0013; 0.0904; 1791.58; 11.75; 830.57; 1791.58; 11.75; 830.57; 0.0000; 0.0000; 0.0000; 1.0000; 0.0000; 0.0000; 0.00; 0.00; 0.00; 0.00; 0.00; 0.00; 0.00; 0.00; 0.00; 0
42; 1.0000; 0.0000; 0.0000; 0.0000; -0.0563; -0.0585; 0.0013; 0.0907; 1693.86; 11.25; 795.26; 1693.86; 11.25; 795.26; 0.0000; 0.0000; 0.0000; 1.0000; 0.0000; 0.0000; 0.00; 0.00; 0.00; 0.00; 0.00; 0.00; 0.00; 0.00; 0.00; 0
43; 1.0000; 0.0000; 0.0000; 0.0000; -0.0563; -0.0584; 0.0013; 0.0898; 1603.40; 10.84; 766.70; 1603.40; 10.84; 766.70; 0.0000; 0.0000; 0.0000; 1.0000; 0.0000; 0.0000; 0.00; 0.00; 0.00; 0.00; 0.00; 0.00; 0.00; 0.00; 0.00; 0
44; 1.0000; 0.0000; 0.0000; 0.0000; -0.0563; -0.0586; 0.0013; 0.0889; 1517.38; 10.45; 739.00; 1517.38; 10.45; 739.00; 0.0000; 0.0000; 0.0000; 1.0000; 0.0000; 0.0000; 0.00; 0.00; 0.00; 0.00; 0.00; 0.00; 0.00; 0.00; 0.00; 0
45; 1.0000; 0.0000; 0.0000; 0.0000; -0.0563; -0.0593; 0.0013; 0.0901; 1433.20; 9.98; 705.37; 1433.20; 9.98; 705.37; 0.0000; 0.0000; 0.0000; 1.0000; 0.0000; 0.0000; 0.00; 0.00; 0.00; 0.00; 0.00; 0.00; 0.00; 0.00; 0.00; 0
46; 1.0000; 0.0000; 0.0000; 0.0000; -0.0563; -0.0588; 0.0013; 0.0921; 1356.00; 9.62; 680.19; 1356.00; 9.62; 680.19; 0.0000; 0.0000; 0.0000; 1.0000; 0.0000; 0.0000; 0.00; 0.00; 0.00; 0.00; 0.00; 0.00; 0.00; 0.00; 0.00; 0
47; 1.0000; 0.0000; 0.0000; 0.0000; -0.0563; -0.0598; 0.0013; 0.0898; 1280.15; 9.18; 648.92; 1280.15; 9.18; 648.92; 0.0000; 0.0000; 0.0000; 1.0000; 0.0000; 0.0000; 0.00; 0.00; 0.00; 0.00; 0.00; 0.00; 0.00; 0.00; 0.00; 0
48; 1.0000; 0.0000; 0.0000; 0.0000; -0.0563; -0.0585; 0.0013; 0.0908; 1210.77; 8.80; 622.59; 1210.77; 8.80; 622.59; 0.0000; 0.0000; 0.0000; 1.0000; 0.0000; 0.0000; 0.00; 0.00; 0.00; 0.00; 0.00; 0.00; 0.00; 0.00; 0.00; 0
49; 1.0000; 0.0000; 0.0000; 0.0000; -0.0563; -0.0593; 0.0013; 0.0928; 1143.43; 8.36; 591.34; 1143.43; 8.36; 591.34; 0.0000; 0.0000; 0.0000; 1.0000; 0.0000; 0.0000; 0.00; 0.00; 0.00; 0.00; 0.00; 0.00; 0.00; 0.00; 0.00; 0
50; 1.0000; 0.0000; 0.0000; 0.0000; -0.0563; -0.0588; 0.0013; 0.0906; 1081.58; 8.03; 567.74; 1081.58; 8.03; 567.74; 0.0000; 0.0000; 0.0000; 1.0000; 0.0000; 0.0000; 0.00; 0.00; 0.00; 0.00; 0.00; 0.00; 0.00; 0.00; 0.00; 0
51; 1.0000; 0.0000; 0.0000; 0.0000; -0.0563; -0.0580; 0.0013; 0.0905; 1024.98; 7.77; 549.55; 1024.98; 7.77; 549.55; 0.0000; 0.0000; 0.0000; 1.0000; 0.0000; 0.0000; 0.00; 0.00; 0.00; 0.00; 0.00; 0.00; 0.00; 0.00; 0.00; 0
52; 1.0000; 0.0000; 0.0000; 0.0000; -0.0563; -0.0617; 0.0013; 0.0913; 966.45; 7.39; 522.35; 966.45; 7.39; 522.35; 0.0000; 0.0000; 0.0000; 1.0000; 0.0000; 0.0000; 0.00; 0.00; 0.00; 0.00; 0.00; 0.00; 0.00; 0.00; 0.00; 0
53; 1.0000; 0.0000; 0.0000; 0.0000; -0.0563; -0.0580; 0.0013; 0.0896; 915.17; 7.11; 502.92; 915.17; 7.11; 502.92; 0.0000; 0.0000; 0.0000; 1.0000; 0.0000; 0.0000; 0.00; 0.00; 0.00; 0.00; 0.00; 0.00; 0.00; 0.00; 0.00; 0
54; 1.0000; 0.0000; 0.0000; 0.0000; -0.0563; -0.0568; 0.0013; 0.0901; 866.87; 6.83; 482.92; 866.87; 6.83; 482.92; 0.0000; 0.0000; 0.0000; 1.0000; 0.0000; 0.0000; 0.00; 0.00; 0.00; 0.00; 0.00; 0.00; 0.00; 0.00; 0.00; 0
55; 1.0000; 0.0000; 0.0000; 0.0000; -0.0563; -0.0591; 0.0013; 0.0909; 819.18; 6.51; 460.63; 819.18; 6.51; 460.63; 0.0000; 0.0000; 0.0000; 1.0000; 0.0000; 0.0000; 0.00; 0.00; 0.00; 0.00; 0.00; 0.00; 0.00; 0.00; 0.00; 0
56; 1.0000; 0.0000; 0.0000; 0.0000; -0.0563; -0.0583; 0.0013; 0.0924; 774.26; 6.18; 436.96; 774.26; 6.18; 436.96; 0.0000; 0.0000; 0.0000; 1.0000; 0.0000; 0.0000; 0.00; 0.00; 0.00; 0.00; 0.00; 0.00; 0.00; 0.00; 0.00; 0
57; 1.0000; 0.0000; 0.0000; 0.0000; -0.0563; -0.0581; 0.0013; 0.0913; 732.19; 5.88; 415.45; 732.19; 5.88; 415.45; 0.0000; 0.0000; 0.0000; 1.0000; 0.0000; 0.0000; 0.00; 0.00; 0.00; 0.00; 0.00; 0.00; 0.00; 0.00; 0.00; 0
58; 1.0000; 0.0000; 0.0000; 0.0000; -0.0563; -0.0586; 0.0013; 0.0908; 692.53; 5.62; 397.64; 692.53; 5.62; 397.64; 0.0000; 0.0000; 0.0000; 1.0000; 0.0000; 0.0000; 0.00; 0.00; 0.00; 0.00; 0.00; 0.00; 0.00; 0.00; 0.00; 0
59; 1.0000; 0.0000; 0.0000; 0.0000; -0.0563; -0.0588; 0.0013; 0.0910; 655.03; 5.40; 382.06; 655.03; 5.40; 382.06; 0.0000; 0.0000; 0.0000; 1.0000; 0.0000; 0.0000; 0.00; 0.00; 0.00; 0.00; 0.00; 0.00; 0.00; 0.00; 0.00; 0
60; 1.0000; 0.0000; 0.0000; 0.0000; -0.0563; -0.0585; 0.0013; 0.0904; 619.03; 5.15; 363.82; 619.03; 5.15; 363.82; 0.0000; 0.0000; 0.0000; 1.0000; 0.0000; 0.0000; 0.00; 0.00; 0.00; 0.00; 0.00; 0.00; 0.00; 0.00; 0.00; 0
61; 1.0000; 0.0000; 0.0000; 0.0000; -0.0563; -0.0578; 0.0013; 0.0909; 585.23; 4.89; 345.90; 585.23; 4.89; 345.90; 0.0000; 0.0000; 0.0000; 1.0000; 0.0000; 0.0000; 0.00; 0.00; 0.00; 0.00; 0.00; 0.00; 0.00; 0.00; 0.00; 0
62; 1.0000; 0.0000; 0.0000; 0.0000; -0.0563; -0.0566; 0.0013; 0.0892; 555.52; 4.72; 333.55; 555.52; 4.72; 333.55; 0.0000; 0.0000; 0.0000; 1.0000; 0.0000; 0.0000; 0.00; 0.00; 0.00; 0.00; 0.00; 0.00; 0.00; 0.00; 0.00; 0
63; 1.0000; 0.0000; 0.0000; 0.0000; -0.0563; -0.0585; 0.0013; 0.0912; 525.31; 4.51; 319.22; 525.31; 4.51; 319.22; 0.0000; 0.0000; 0.0000; 1.0000; 0.0000; 0.0000; 0.00; 0.00; 0.00; 0.00; 0.00; 0.00; 0.00; 0.00; 0.00; 0
64; 1.0000; 0.0000; 0.0000; 0.0000; -0.0563; -0.0591; 0.0013; 0.0926; 496.52; 4.32; 305.81; 496.52; 4.32; 305.81; 0.0000; 0.0000; 0.0000; 1.0000; 0.0000; 0.0000; 0.00; 0.00; 0.00; 0.00; 0.00; 0.00; 0.00; 0.00; 0.00; 0
65; 1.0000; 0.0000; 0.0000; 0.0000; -0.0563; -0.0569; 0.0013; 0.0902; 470.10; 4.12; 291.32; 470.10; 4.12; 291.32; 0.0000; 0.0000; 0.0000; 1.0000; 0.0000; 0.0000; 0.00; 0.00; 0.00; 0.00; 0.00; 0.00; 0.00; 0.00; 0.00; 0
66; 1.0000; 0.0000; 0.0000; 0.0000; -0.0563; -0.0601; 0.0013; 0.0912; 444.00; 3.94; 278.47; 444.00; 3.94; 278.47; 0.0000; 0.0000; 0.0000; 1.0000; 0.0000; 0.0000; 0.00; 0.00; 0.00; 0.00; 0.00; 0.00; 0.00; 0.00; 0.00; 0
67; 1.0000; 0.0000; 0.0000; 0.0000; -0.0563; -0.0574; 0.0013; 0.0930; 420.06; 3.75; 265.04; 420.06; 3.75; 265.04; 0.0000; 0.0000; 0.0000; 1.0000; 0.0000; 0.0000; 0.00; 0.00; 0.00; 0.00; 0.00; 0.00; 0.00; 0.00; 0.00; 0
68; 1.0000; 0.0000; 0.0000; 0.0000; -0.0563; -0.0582; 0.0013; 0.0911; 396.96; 3.57; 252.15; 396.96; 3.57; 252.15; 0.0000; 0.0000; 0.0000; 1.0000; 0.0000; 0.0000; 0.00; 0.00; 0.00; 0.00; 0.00; 0.00; 0.00; 0.00; 0.00; 0
69; 1.0000; 0.0000; 0.0000; 0.0000; -0.0563; -0.0596; 0.0013; 0.0918; 374.81; 3.39; 239.40; 374.81; 3.39; 239.40; 0.0000; 0.0000; 0.0000; 1.0000; 0.0000; 0.0000; 0.00; 0.00; 0.00; 0.00; 0.00; 0.00; 0.00; 0.00; 0.00; 0
70; 1.0000; 0.0000; 0.0000; 0.0000; -0.0563; -0.0572; 0.0013; 0.0921; 354.87; 3.24; 229.00; 354.87; 3.24; 229.00; 0.0000; 0.0000; 0.0000; 1.0000; 0.0000; 0.0000; 0.00; 0.00; 0.00; 0.00; 0.00; 0.00; 0.00; 0.00; 0.00; 0
71; 1.0000; 0.0000; 0.0000; 0.0000; -0.0563; -0.0597; 0.0013; 0.0914; 335.13; 3.08; 217.81; 335.13; 3.08; 217.81; 0.0000; 0.0000; 0.0000; 1.0000; 0.0000; 0.0000; 0.00; 0.00; 0.00; 0.00; 0.00; 0.00; 0.00; 0.00; 0.00; 0
72; 1.0000; 0.0000; 0.0000; 0.0000; -0.0563; -0.0586; 0.0013; 0.0919; 317.45; 2.96; 209.17; 317.45; 2.96; 209.17; 0.0000; 0.0000; 0.0000; 1.0000; 0.0000; 0.0000; 0.00; 0.00; 0.00; 0.00; 0.00; 0.00; 0.00; 0.00; 0.00; 0
73; 1.0000; 0.0000; 0.0000; 0.0000; -0.0563; -0.0586; 0.0013; 0.0910; 300.45; 2.84; 200.64; 300.45; 2.84; 200.64; 0.0000; 0.0000; 0.0000; 1.0000; 0.0000; 0.0000; 0.00; 0.00; 0.00; 0.00; 0.00; 0.00; 0.00; 0.00; 0.00; 0
74; 1.0000; 0.0000; 0.0000; 0.0000; -0.0563; -0.0605; 0.0013; 0.0931; 283.54; 2.71; 191.37; 283.54; 2.71; 191.37; 0.0000; 0.0000; 0.0000; 1.0000; 0.0000; 0.0000; 0.00; 0.00; 0.00; 0.00; 0.00; 0.00; 0.00; 0.00; 0.00; 0
75; 1.0000; 0.0000; 0.0000; 0.0000; -0.0563; -0.0599; 0.0013; 0.0915; 268.11; 2.59; 183.44; 268.11; 2.59; 183.44; 0.0000; 0.0000; 0.0000; 1.0000; 0.0000; 0.0000; 0.00; 0.00; 0.00; 0.00; 0.00; 0.00; 0.00; 0.00; 0.00; 0
76; 1.0000; 0.0000; 0.0000; 0.0000; -0.0563; -0.0594; 0.0013; 0.0938; 253.37; 2.47; 174.97; 253.37; 2.47; 174.97; 0.0000; 0.0000; 0.0000; 1.0000; 0.0000; 0.0000; 0.00; 0.00; 0.00; 0.00; 0.00; 0.00; 0.00; 0.00; 0.00; 0
77; 1.0000; 0.0000; 0.0000; 0.0000; -0.0563; -0.0573; 0.0013; 0.0929; 239.81; 2.33; 164.85; 239.81; 2.33; 164.85; 0.0000; 0.0000; 0.0000; 1.0000; 0.0000; 0.0000; 0.00; 0.00; 0.00; 0.00; 0.00; 0.00; 0.00; 0.00; 0.00; 0
78; 1.0000; 0.0000; 0.0000; 0.0000; -0.0563; -0.0605; 0.0013; 0.0937; 226.58; 2.23; 157.58; 226.58; 2.23; 157.58; 0.0000; 0.0000; 0.0000; 1.0000; 0.0000; 0.0000; 0.00; 0.00; 0.00; 0.00; 0.00; 0.00; 0.00; 0.00; 0.00; 0
79; 1.0000; 0.0000; 0.0000; 0.0000; -0.0563; -0.0624; 0.0013; 0.0935; 214.02; 2.14; 151.13; 214.02; 2.14; 151.13; 0.0000; 0.0000; 0.0000; 1.0000; 0.0000; 0.0000; 0.00; 0.00; 0.00; 0.00; 0.00; 0.00; 0.00; 0.00; 0.00; 0
80; 1.0000; 0.0000; 0.0000; 0.0000; -0.0563; -0.0577; 0.0013; 0.0948; 202.71; 2.05; 144.77; 202.71; 2.05; 144.77; 0.0000; 0.0000; 0.0000; 1.0000; 0.0000; 0.0000; 0.00; 0.00; 0.00; 0.00; 0.00; 0.00; 0.00; 0.00; 0.00; 0
81; 1.0000; 0.0000; 0.0000; 0.0000; -0.0563; -0.0579; 0.0013; 0.0937; 191.88; 1.96; 138.88; 191.88; 1.96; 138.88; 0.0000; 0.0000; 0.0000; 1.0000; 0.0000; 0.0000; 0.00; 0.00; 0.00; 0.00; 0.00; 0.00; 0.00; 0.00; 0.00; 0
82; 1.0000; 0.0000; 0.0000; 0.0000; -0.0563; -0.0613; 0.0014; 0.0961; 181.08; 1.87; 132.13; 181.08; 1.87; 132.13; 0.0000; 0.0000; 0.0000; 1.0000; 0.0000; 0.0000; 0.00; 0.00; 0.00; 0.00; 0.00; 0.00; 0.00; 0.00; 0.00; 0
83; 1.0000; 0.0000; 0.0000; 0.0000; -0.0563; -0.0580; 0.0014; 0.0978; 171.34; 1.77; 125.04; 171.34; 1.77; 125.04; 0.0000; 0.0000; 0.0000; 1.0000; 0.0000; 0.0000; 0.00; 0.00; 0.00; 0.00; 0.00; 0.00; 0.00; 0.00; 0.00; 0
84; 0.9998; 0.0002; 0.0002; 0.0002; -0.0563; -0.0598; 0.0014; 0.0974; 161.99; 1.70; 120.02; 161.96; 1.70; 120.03; 0.0000; 0.0000; 0.0000; 1.0000; 0.0000; 0.0000; 0.00; 0.00; 0.00; 0.00; 0.00; 0.00; 84.00; 0.00; 0.00; 0
85; 0.9998; 0.0002; 0.0000; 0.0000; -0.0563; -0.0593; 0.0014; 0.0970; 153.08; 1.61; 113.72; 153.04; 1.61; 113.73; 0.0000; 0.0000; 0.0000; 1.0000; 0.0000; 0.0000; 0.00; 0.00; 0.00; 0.00; 0.00; 0.00; 84.00; 0.00; 0.00; 0
86; 0.9996; 0.0003; 0.0002; 0.0002; -0.0563; -0.0592; 0.0014; 0.0966; 144.76; 1.53; 108.28; 144.70; 1.53; 108.29; 0.0000; 0.0000; 0.0000; 1.0000; 0.0000; 0.0000; 0.00; 0.00; 0.00; 0.00; 0.00; 0.00; 85.00; 1.00; 1.41; 0
87; 0.9996; 0.0003; 0.0000; 0.0000; -0.0563; -0.0617; 0.0014; 0.1015; 136.75; 1.46; 103.27; 136.69; 1.46; 103.28; 0.0000; 0.0000; 0.0000; 1.0000; 0.0000; 0.0000; 0.00; 0.00; 0.00; 0.00; 0.00; 0.00; 85.00; 1.00; 1.41; 0
88; 0.9992; 0.0004; 0.0004; 0.0003; -0.0563; -0.0596; 0.0014; 0.1015; 129.08; 1.38; 97.54; 128.98; 1.38; 97.57; 0.0000; 0.0000; 0.0000; 1.0000; 0.0000; 0.0000; 0.00; 0.00; 0.00; 0.00; 0.00; 0.00; 86.50; 0.96; 1.91; 0
89; 0.9986; 0.0005; 0.0006; 0.0003; -0.0563; -0.0567; 0.0015; 0.1037; 122.50; 1.31; 92.69; 122.33; 1.31; 92.74; 0.0000; 0.0000; 0.0000; 1.0000; 0.0000; 0.0000; 0.00; 0.00; 0.00; 0.00; 0.00; 0.00; 87.57; 0.72; 1.90; 0
90; 0.9984; 0.0006; 0.0002; 0.0002; -0.0563; -0.0610; 0.0014; 0.1006; 115.67; 1.24; 87.56; 115.49; 1.24; 87.61; 0.0000; 0.0000; 0.0000; 1.0000; 0.0000; 0.0000; 0.00; 0.00; 0.00; 0.00; 0.00; 0.00; 87.88; 0.69; 1.96; 0
91; 0.9982; 0.0006; 0.0002; 0.0002; -0.0563; -0.0593; 0.0015; 0.1040; 109.55; 1.19; 84.37; 109.35; 1.19; 84.42; 0.0000; 0.0000; 0.0000; 1.0000; 0.0000; 0.0000; 0.00; 0.00; 0.00; 0.00; 0.00; 0.00; 88.22; 0.70; 2.11; 0
92; 0.9982; 0.0006; 0.0000; 0.0000; -0.0563; -0.0619; 0.0015; 0.1058; 103.43; 1.14; 80.62; 103.25; 1.14; 80.67; 0.0000; 0.0000; 0.0000; 1.0000; 0.0000; 0.0000; 0.00; 0.00; 0.00; 0.00; 0.00; 0.00; 88.22; 0.70; 2.11; 0
93; 0.9974; 0.0007; 0.0008; 0.0004; -0.0563; -0.0606; 0.0015; 0.1065; 97.92; 1.09; 76.91; 97.67; 1.09; 76.97; 0.0000; 0.0000; 0.0000; 1.0000; 0.0000; 0.0000; 0.00; 0.00; 0.00; 0.00; 0.00; 0.00; 89.69; 0.80; 2.87; 0
94; 0.9970; 0.0008; 0.0004; 0.0003; -0.0563; -0.0611; 0.0015; 0.1082; 92.72; 1.04; 73.70; 92.44; 1.04; 73.76; 0.0000; 0.0000; 0.0000; 1.0000; 0.0000; 0.0000; 0.00; 0.00; 0.00; 0.00; 0.00; 0.00; 90.27; 0.79; 3.06; 0
95; 0.9968; 0.0008; 0.0002; 0.0002; -0.0563; -0.0641; 0.0016; 0.1099; 87.34; 0.98; 69.48; 87.07; 0.98; 69.54; 0.0000; 0.0000; 0.0000; 1.0000; 0.0000; 0.0000; 0.00; 0.00; 0.00; 0.00; 0.00; 0.00; 90.56; 0.80; 3.18; 0
96; 0.9958; 0.0009; 0.0010; 0.0004; -0.0563; -0.0623; 0.0016; 0.1112; 82.58; 0.94; 66.02; 82.24; 0.93; 66.09; 0.0000; 0.0000; 0.0000; 1.0000; 0.0000; 0.0000; 0.00; 0.00; 0.00; 0.00; 0.00; 0.00; 91.86; 0.79; 3.64; 0
97; 0.9950; 0.0010; 0.0008; 0.0004; -0.0563; -0.0626; 0.0017; 0.1172; 78.07; 0.89; 62.83; 77.68; 0.89; 62.91; 0.0000; 0.0000; 0.0000; 1.0000; 0.0000; 0.0000; 0.00; 0.00; 0.00; 0.00; 0.00; 0.00; 92.68; 0.77; 3.84; 0
98; 0.9938; 0.0011; 0.0012; 0.0005; -0.0563; -0.0612; 0.0017; 0.1171; 73.88; 0.84; 59.26; 73.43; 0.84; 59.36; 0.0000; 0.0000; 0.0000; 1.0000; 0.0000; 0.0000; 0.00; 0.00; 0.00; 0.00; 0.00; 0.00; 93.71; 0.73; 4.04; 0
99; 0.9924; 0.0012; 0.0014; 0.0005; -0.0563; -0.0607; 0.0017; 0.1190; 70.06; 0.80; 56.66; 69.53; 0.80; 56.77; 0.0000; 0.0000; 0.0000; 1.0000; 0.0000; 0.0000; 0.00; 0.00; 0.00; 0.00; 0.00; 0.00; 94.68; 0.68; 4.19; 0
100; 0.9906; 0.0014; 0.0018; 0.0006; -0.0563; -0.0598; 0.0017; 0.1223; 66.54; 0.77; 54.39; 65.92; 0.77; 54.51; 0.0000; 0.0000; 0.0000; 1.0000; 0.0000; 0.0000; 0.00; 0.00; 0.00; 0.00; 0.00; 0.00; 95.70; 0.63; 4.31; 0
