    Year (Census)
    Proportion of populations extant, SE
    Proportion of populations going extinct for the first time in year, SE
    Deterministic growth, Stochastic growth, SE, SD
    Mean population size (across extant populations), SE, SD
    Mean population size (across all populations), SE, SD
    Population-based model: No genetic data (12 skipped fields)



    Mean time to extinction, SE, SD
    Median time to extinction
Year;PExtant;SE(PExtant);PExtinct;SE(PExtinct);det-r;stoch-r;SE(r);SD(r);N-extant;SE(N-extant);SD(N-extant);N-all;SE(N-all);SD(N-all);GeneDiv;SE(GD);SD(GD);Inbreed;SE(Inbr);SD(Inbr);nAlleles;SE(nAlleles);SD(nAlleles);nLethals;SE(nLethals);SD(nLethals);TE;SE(TE);SD(TE);medianTE
Default Scenario
Population 1: Population1
0; 1.0000; 0.0000; 0.0000; 0.0000; 0.3062;      0;      0;      0; 13430.00; 0.00; 0.00; 13430.00; 0.00; 0.00; 0.0000; 0.0000; 0.0000; 1.0000; 0.0000; 0.0000; 0.00; 0.00; 0.00; 0.00; 0.00; 0.00; 0.00; 0.00; 0.00; 0
1; 1.0000; 0.0000; 0.0000; 0.0000; 0.3062; 0.3038; 0.0011; 0.0761; 13444.17; 18.86; 1333.39; 13444.17; 18.86; 1333.39; 0.0000; 0.0000; 0.0000; 1.0000; 0.0000; 0.0000; 0.00; 0.00; 0.00; 0.00; 0.00; 0.00; 0.00; 0.00; 0.00; 0
2; 1.0000; 0.0000; 0.0000; 0.0000; 0.3062; 0.2307; 0.0011; 0.0771; 13305.72; 18.06; 1276.99; 13305.72; 18.06; 1276.99; 0.0000; 0.0000; 0.0000; 1.0000; 0.0000; 0.0000; 0.00; 0.00; 0.00; 0.00; 0.00; 0.00; 0.00; 0.00; 0.00; 0
3; 1.0000; 0.0000; 0.0000; 0.0000; 0.3062; 0.2041; 0.0011; 0.0775; 13272.24; 17.61; 1245.24; 13272.24; 17.61; 1245.24; 0.0000; 0.0000; 0.0000; 1.0000; 0.0000; 0.0000; 0.00; 0.00; 0.00; 0.00; 0.00; 0.00; 0.00; 0.00; 0.00; 0
4; 1.0000; 0.0000; 0.0000; 0.0000; 0.3062; 0.2179; 0.0011; 0.0791; 13275.96; 17.92; 1266.82; 13275.96; 17.92; 1266.82; 0.0000; 0.0000; 0.0000; 1.0000; 0.0000; 0.0000; 0.00; 0.00; 0.00; 0.00; 0.00; 0.00; 0.00; 0.00; 0.00; 0
5; 1.0000; 0.0000; 0.0000; 0.0000; 0.3062; 0.2105; 0.0011; 0.0769; 13277.15; 17.70; 1251.54; 13277.15; 17.70; 1251.54; 0.0000; 0.0000; 0.0000; 1.0000; 0.0000; 0.0000; 0.00; 0.00; 0.00; 0.00; 0.00; 0.00; 0.00; 0.00; 0.00; 0
6; 1.0000; 0.0000; 0.0000; 0.0000; 0.3062; 0.2148; 0.0011; 0.0777; 13276.37; 17.56; 1241.62; 13276.37; 17.56; 1241.62; 0.0000; 0.0000; 0.0000; 1.0000; 0.0000; 0.0000; 0.00; 0.00; 0.00; 0.00; 0.00; 0.00; 0.00; 0.00; 0.00; 0
7; 1.0000; 0.0000; 0.0000; 0.0000; 0.3062; 0.2103; 0.0011; 0.0786; 13267.16; 17.88; 1264.29; 13267.16; 17.88; 1264.29; 0.0000; 0.0000; 0.0000; 1.0000; 0.0000; 0.0000; 0.00; 0.00; 0.00; 0.00; 0.00; 0.00; 0.00; 0.00; 0.00; 0
8; 1.0000; 0.0000; 0.0000; 0.0000; 0.3062; 0.2152; 0.0011; 0.0770; 13308.84; 17.57; 1242.70; 13308.84; 17.57; 1242.70; 0.0000; 0.0000; 0.0000; 1.0000; 0.0000; 0.0000; 0.00; 0.00; 0.00; 0.00; 0.00; 0.00; 0.00; 0.00; 0.00; 0
9; 1.0000; 0.0000; 0.0000; 0.0000; 0.3062; 0.2131; 0.0011; 0.0788; 13301.15; 17.49; 1237.01; 13301.15; 17.49; 1237.01; 0.0000; 0.0000; 0.0000; 1.0000; 0.0000; 0.0000; 0.00; 0.00; 0.00; 0.00; 0.00; 0.00; 0.00; 0.00; 0.00; 0
10; 1.0000; 0.0000; 0.0000; 0.0000; 0.3062; 0.2120; 0.0011; 0.0788; 13290.18; 17.11; 1209.97; 13290.18; 17.11; 1209.97; 0.0000; 0.0000; 0.0000; 1.0000; 0.0000; 0.0000; 0.00; 0.00; 0.00; 0.00; 0.00; 0.00; 0.00; 0.00; 0.00; 0
11; 1.0000; 0.0000; 0.0000; 0.0000; 0.3062; 0.2152; 0.0011; 0.0789; 13323.00; 17.71; 1252.21; 13323.00; 17.71; 1252.21; 0.0000; 0.0000; 0.0000; 1.0000; 0.0000; 0.0000; 0.00; 0.00; 0.00; 0.00; 0.00; 0.00; 0.00; 0.00; 0.00; 0
12; 1.0000; 0.0000; 0.0000; 0.0000; 0.3062; 0.2136; 0.0011; 0.0763; 13301.41; 17.56; 1241.83; 13301.41; 17.56; 1241.83; 0.0000; 0.0000; 0.0000; 1.0000; 0.0000; 0.0000; 0.00; 0.00; 0.00; 0.00; 0.00; 0.00; 0.00; 0.00; 0.00; 0
13; 1.0000; 0.0000; 0.0000; 0.0000; 0.3062; 0.2122; 0.0011; 0.0773; 13310.01; 17.81; 1259.18; 13310.01; 17.81; 1259.18; 0.0000; 0.0000; 0.0000; 1.0000; 0.0000; 0.0000; 0.00; 0.00; 0.00; 0.00; 0.00; 0.00; 0.00; 0.00; 0.00; 0
14; 1.0000; 0.0000; 0.0000; 0.0000; 0.3062; 0.2123; 0.0011; 0.0782; 13259.26; 18.04; 1275.45; 13259.26; 18.04; 1275.45; 0.0000; 0.0000; 0.0000; 1.0000; 0.0000; 0.0000; 0.00; 0.00; 0.00; 0.00; 0.00; 0.00; 0.00; 0.00; 0.00; 0
15; 1.0000; 0.0000; 0.0000; 0.0000; 0.3062; 0.2137; 0.0011; 0.0784; 13278.46; 18.02; 1274.15; 13278.46; 18.02; 1274.15; 0.0000; 0.0000; 0.0000; 1.0000; 0.0000; 0.0000; 0.00; 0.00; 0.00; 0.00; 0.00; 0.00; 0.00; 0.00; 0.00; 0
16; 1.0000; 0.0000; 0.0000; 0.0000; 0.3062; 0.2139; 0.0011; 0.0778; 13295.10; 17.94; 1268.83; 13295.10; 17.94; 1268.83; 0.0000; 0.0000; 0.0000; 1.0000; 0.0000; 0.0000; 0.00; 0.00; 0.00; 0.00; 0.00; 0.00; 0.00; 0.00; 0.00; 0
17; 1.0000; 0.0000; 0.0000; 0.0000; 0.3062; 0.2132; 0.0011; 0.0778; 13300.24; 17.78; 1257.46; 13300.24; 17.78; 1257.46; 0.0000; 0.0000; 0.0000; 1.0000; 0.0000; 0.0000; 0.00; 0.00; 0.00; 0.00; 0.00; 0.00; 0.00; 0.00; 0.00; 0
18; 1.0000; 0.0000; 0.0000; 0.0000; 0.3062; 0.2136; 0.0011; 0.0782; 13267.18; 17.58; 1243.35; 13267.18; 17.58; 1243.35; 0.0000; 0.0000; 0.0000; 1.0000; 0.0000; 0.0000; 0.00; 0.00; 0.00; 0.00; 0.00; 0.00; 0.00; 0.00; 0.00; 0
19; 1.0000; 0.0000; 0.0000; 0.0000; 0.3062; 0.2135; 0.0011; 0.0771; 13313.92; 18.05; 1276.24; 13313.92; 18.05; 1276.24; 0.0000; 0.0000; 0.0000; 1.0000; 0.0000; 0.0000; 0.00; 0.00; 0.00; 0.00; 0.00; 0.00; 0.00; 0.00; 0.00; 0
20; 1.0000; 0.0000; 0.0000; 0.0000; 0.3062; 0.2150; 0.0011; 0.0765; 13296.76; 17.84; 1261.52; 13296.76; 17.84; 1261.52; 0.0000; 0.0000; 0.0000; 1.0000; 0.0000; 0.0000; 0.00; 0.00; 0.00; 0.00; 0.00; 0.00; 0.00; 0.00; 0.00; 0
21; 1.0000; 0.0000; 0.0000; 0.0000; 0.3062; 0.2129; 0.0011; 0.0767; 13318.20; 17.73; 1253.63; 13318.20; 17.73; 1253.63; 0.0000; 0.0000; 0.0000; 1.0000; 0.0000; 0.0000; 0.00; 0.00; 0.00; 0.00; 0.00; 0.00; 0.00; 0.00; 0.00; 0
22; 1.0000; 0.0000; 0.0000; 0.0000; 0.3062; 0.2150; 0.0011; 0.0768; 13291.94; 17.73; 1253.43; 13291.94; 17.73; 1253.43; 0.0000; 0.0000; 0.0000; 1.0000; 0.0000; 0.0000; 0.00; 0.00; 0.00; 0.00; 0.00; 0.00; 0.00; 0.00; 0.00; 0
23; 1.0000; 0.0000; 0.0000; 0.0000; 0.3062; 0.2142; 0.0011; 0.0765; 13300.54; 17.72; 1252.80; 13300.54; 17.72; 1252.80; 0.0000; 0.0000; 0.0000; 1.0000; 0.0000; 0.0000; 0.00; 0.00; 0.00; 0.00; 0.00; 0.00; 0.00; 0.00; 0.00; 0
24; 1.0000; 0.0000; 0.0000; 0.0000; 0.3062; 0.2127; 0.0011; 0.0784; 13266.44; 17.90; 1265.40; 13266.44; 17.90; 1265.40; 0.0000; 0.0000; 0.0000; 1.0000; 0.0000; 0.0000; 0.00; 0.00; 0.00; 0.00; 0.00; 0.00; 0.00; 0.00; 0.00; 0
25; 1.0000; 0.0000; 0.0000; 0.0000; 0.3062; 0.2158; 0.0011; 0.0765; 13309.03; 17.67; 1249.72; 13309.03; 17.67; 1249.72; 0.0000; 0.0000; 0.0000; 1.0000; 0.0000; 0.0000; 0.00; 0.00; 0.00; 0.00; 0.00; 0.00; 0.00; 0.00; 0.00; 0
26; 1.0000; 0.0000; 0.0000; 0.0000; 0.3062; 0.2134; 0.0011; 0.0775; 13297.85; 17.76; 1256.10; 13297.85; 17.76; 1256.10; 0.0000; 0.0000; 0.0000; 1.0000; 0.0000; 0.0000; 0.00; 0.00; 0.00; 0.00; 0.00; 0.00; 0.00; 0.00; 0.00; 0
27; 1.0000; 0.0000; 0.0000; 0.0000; 0.3062; 0.2119; 0.0011; 0.0783; 13283.98; 17.91; 1266.71; 13283.98; 17.91; 1266.71; 0.0000; 0.0000; 0.0000; 1.0000; 0.0000; 0.0000; 0.00; 0.00; 0.00; 0.00; 0.00; 0.00; 0.00; 0.00; 0.00; 0
28; 1.0000; 0.0000; 0.0000; 0.0000; 0.3062; 0.2143; 0.0011; 0.0778; 13265.62; 18.06; 1277.08; 13265.62; 18.06; 1277.08; 0.0000; 0.0000; 0.0000; 1.0000; 0.0000; 0.0000; 0.00; 0.00; 0.00; 0.00; 0.00; 0.00; 0.00; 0.00; 0.00; 0
29; 1.0000; 0.0000; 0.0000; 0.0000; 0.3062; 0.2138; 0.0011; 0.0769; 13274.94; 17.52; 1238.66; 13274.94; 17.52; 1238.66; 0.0000; 0.0000; 0.0000; 1.0000; 0.0000; 0.0000; 0.00; 0.00; 0.00; 0.00; 0.00; 0.00; 0.00; 0.00; 0.00; 0
30; 1.0000; 0.0000; 0.0000; 0.0000; 0.3062; 0.2128; 0.0011; 0.0775; 13278.41; 17.75; 1255.17; 13278.41; 17.75; 1255.17; 0.0000; 0.0000; 0.0000; 1.0000; 0.0000; 0.0000; 0.00; 0.00; 0.00; 0.00; 0.00; 0.00; 0.00; 0.00; 0.00; 0
31; 1.0000; 0.0000; 0.0000; 0.0000; 0.3062; 0.2135; 0.0011; 0.0780; 13268.57; 17.70; 1251.25; 13268.57; 17.70; 1251.25; 0.0000; 0.0000; 0.0000; 1.0000; 0.0000; 0.0000; 0.00; 0.00; 0.00; 0.00; 0.00; 0.00; 0.00; 0.00; 0.00; 0
32; 1.0000; 0.0000; 0.0000; 0.0000; 0.3062; 0.2124; 0.0011; 0.0788; 13302.47; 17.72; 1252.97; 13302.47; 17.72; 1252.97; 0.0000; 0.0000; 0.0000; 1.0000; 0.0000; 0.0000; 0.00; 0.00; 0.00; 0.00; 0.00; 0.00; 0.00; 0.00; 0.00; 0
33; 1.0000; 0.0000; 0.0000; 0.0000; 0.3062; 0.2147; 0.0011; 0.0780; 13273.95; 17.85; 1262.23; 13273.95; 17.85; 1262.23; 0.0000; 0.0000; 0.0000; 1.0000; 0.0000; 0.0000; 0.00; 0.00; 0.00; 0.00; 0.00; 0.00; 0.00; 0.00; 0.00; 0
34; 1.0000; 0.0000; 0.0000; 0.0000; 0.3062; 0.2125; 0.0011; 0.0786; 13283.02; 17.83; 1260.93; 13283.02; 17.83; 1260.93; 0.0000; 0.0000; 0.0000; 1.0000; 0.0000; 0.0000; 0.00; 0.00; 0.00; 0.00; 0.00; 0.00; 0.00; 0.00; 0.00; 0
35; 1.0000; 0.0000; 0.0000; 0.0000; 0.3062; 0.2139; 0.0011; 0.0775; 13287.17; 17.58; 1243.29; 13287.17; 17.58; 1243.29; 0.0000; 0.0000; 0.0000; 1.0000; 0.0000; 0.0000; 0.00; 0.00; 0.00; 0.00; 0.00; 0.00; 0.00; 0.00; 0.00; 0
36; 1.0000; 0.0000; 0.0000; 0.0000; 0.3062; 0.2123; 0.0011; 0.0781; 13275.70; 17.60; 1244.48; 13275.70; 17.60; 1244.48; 0.0000; 0.0000; 0.0000; 1.0000; 0.0000; 0.0000; 0.00; 0.00; 0.00; 0.00; 0.00; 0.00; 0.00; 0.00; 0.00; 0
37; 1.0000; 0.0000; 0.0000; 0.0000; 0.3062; 0.2146; 0.0011; 0.0771; 13268.13; 17.90; 1265.49; 13268.13; 17.90; 1265.49; 0.0000; 0.0000; 0.0000; 1.0000; 0.0000; 0.0000; 0.00; 0.00; 0.00; 0.00; 0.00; 0.00; 0.00; 0.00; 0.00; 0
38; 1.0000; 0.0000; 0.0000; 0.0000; 0.3062; 0.2140; 0.0011; 0.0778; 13301.22; 17.73; 1253.83; 13301.22; 17.73; 1253.83; 0.0000; 0.0000; 0.0000; 1.0000; 0.0000; 0.0000; 0.00; 0.00; 0.00; 0.00; 0.00; 0.00; 0.00; 0.00; 0.00; 0
39; 1.0000; 0.0000; 0.0000; 0.0000; 0.3062; 0.2141; 0.0011; 0.0776; 13295.29; 17.79; 1257.83; 13295.29; 17.79; 1257.83; 0.0000; 0.0000; 0.0000; 1.0000; 0.0000; 0.0000; 0.00; 0.00; 0.00; 0.00; 0.00; 0.00; 0.00; 0.00; 0.00; 0
40; 1.0000; 0.0000; 0.0000; 0.0000; 0.3062; 0.2158; 0.0011; 0.0781; 13289.13; 17.78; 1257.24; 13289.13; 17.78; 1257.24; 0.0000; 0.0000; 0.0000; 1.0000; 0.0000; 0.0000; 0.00; 0.00; 0.00; 0.00; 0.00; 0.00; 0.00; 0.00; 0.00; 0
41; 1.0000; 0.0000; 0.0000; 0.0000; 0.3062; 0.2139; 0.0011; 0.0770; 13265.37; 17.90; 1266.00; 13265.37; 17.90; 1266.00; 0.0000; 0.0000; 0.0000; 1.0000; 0.0000; 0.0000; 0.00; 0.00; 0.00; 0.00; 0.00; 0.00; 0.00; 0.00; 0.00; 0
42; 1.0000; 0.0000; 0.0000; 0.0000; 0.3062; 0.2134; 0.0011; 0.0778; 13296.36; 17.55; 1241.20; 13296.36; 17.55; 1241.20; 0.0000; 0.0000; 0.0000; 1.0000; 0.0000; 0.0000; 0.00; 0.00; 0.00; 0.00; 0.00; 0.00; 0.00; 0.00; 0.00; 0
43; 1.0000; 0.0000; 0.0000; 0.0000; 0.3062; 0.2151; 0.0011; 0.0764; 13288.40; 17.68; 1250.03; 13288.40; 17.68; 1250.03; 0.0000; 0.0000; 0.0000; 1.0000; 0.0000; 0.0000; 0.00; 0.00; 0.00; 0.00; 0.00; 0.00; 0.00; 0.00; 0.00; 0
44; 1.0000; 0.0000; 0.0000; 0.0000; 0.3062; 0.2117; 0.0011; 0.0773; 13272.43; 17.60; 1244.24; 13272.43; 17.60; 1244.24; 0.0000; 0.0000; 0.0000; 1.0000; 0.0000; 0.0000; 0.00; 0.00; 0.00; 0.00; 0.00; 0.00; 0.00; 0.00; 0.00; 0
45; 1.0000; 0.0000; 0.0000; 0.0000; 0.3062; 0.2144; 0.0011; 0.0774; 13311.01; 17.66; 1248.77; 13311.01; 17.66; 1248.77; 0.0000; 0.0000; 0.0000; 1.0000; 0.0000; 0.0000; 0.00; 0.00; 0.00; 0.00; 0.00; 0.00; 0.00; 0.00; 0.00; 0
46; 1.0000; 0.0000; 0.0000; 0.0000; 0.3062; 0.2154; 0.0011; 0.0783; 13273.28; 17.80; 1258.58; 13273.28; 17.80; 1258.58; 0.0000; 0.0000; 0.0000; 1.0000; 0.0000; 0.0000; 0.00; 0.00; 0.00; 0.00; 0.00; 0.00; 0.00; 0.00; 0.00; 0
47; 1.0000; 0.0000; 0.0000; 0.0000; 0.3062; 0.2126; 0.0011; 0.0770; 13277.10; 17.96; 1270.06; 13277.10; 17.96; 1270.06; 0.0000; 0.0000; 0.0000; 1.0000; 0.0000; 0.0000; 0.00; 0.00; 0.00; 0.00; 0.00; 0.00; 0.00; 0.00; 0.00; 0
48; 1.0000; 0.0000; 0.0000; 0.0000; 0.3062; 0.2133; 0.0011; 0.0782; 13267.78; 17.76; 1256.15; 13267.78; 17.76; 1256.15; 0.0000; 0.0000; 0.0000; 1.0000; 0.0000; 0.0000; 0.00; 0.00; 0.00; 0.00; 0.00; 0.00; 0.00; 0.00; 0.00; 0
49; 1.0000; 0.0000; 0.0000; 0.0000; 0.3062; 0.2124; 0.0011; 0.0782; 13281.28; 17.72; 1253.30; 13281.28; 17.72; 1253.30; 0.0000; 0.0000; 0.0000; 1.0000; 0.0000; 0.0000; 0.00; 0.00; 0.00; 0.00; 0.00; 0.00; 0.00; 0.00; 0.00; 0
50; 1.0000; 0.0000; 0.0000; 0.0000; 0.3062; 0.2139; 0.0011; 0.0776; 13273.39; 17.84; 1261.53; 13273.39; 17.84; 1261.53; 0.0000; 0.0000; 0.0000; 1.0000; 0.0000; 0.0000; 0.00; 0.00; 0.00; 0.00; 0.00; 0.00; 0.00; 0.00; 0.00; 0
51; 1.0000; 0.0000; 0.0000; 0.0000; 0.3062; 0.2123; 0.0011; 0.0792; 13275.16; 18.04; 1275.64; 13275.16; 18.04; 1275.64; 0.0000; 0.0000; 0.0000; 1.0000; 0.0000; 0.0000; 0.00; 0.00; 0.00; 0.00; 0.00; 0.00; 0.00; 0.00; 0.00; 0
52; 1.0000; 0.0000; 0.0000; 0.0000; 0.3062; 0.2138; 0.0011; 0.0775; 13254.09; 17.94; 1268.77; 13254.09; 17.94; 1268.77; 0.0000; 0.0000; 0.0000; 1.0000; 0.0000; 0.0000; 0.00; 0.00; 0.00; 0.00; 0.00; 0.00; 0.00; 0.00; 0.00; 0
53; 1.0000; 0.0000; 0.0000; 0.0000; 0.3062; 0.2142; 0.0011; 0.0782; 13298.70; 17.76; 1255.90; 13298.70; 17.76; 1255.90; 0.0000; 0.0000; 0.0000; 1.0000; 0.0000; 0.0000; 0.00; 0.00; 0.00; 0.00; 0.00; 0.00; 0.00; 0.00; 0.00; 0
54; 1.0000; 0.0000; 0.0000; 0.0000; 0.3062; 0.2128; 0.0011; 0.0796; 13282.77; 17.76; 1255.76; 13282.77; 17.76; 1255.76; 0.0000; 0.0000; 0.0000; 1.0000; 0.0000; 0.0000; 0.00; 0.00; 0.00; 0.00; 0.00; 0.00; 0.00; 0.00; 0.00; 0
55; 1.0000; 0.0000; 0.0000; 0.0000; 0.3062; 0.2122; 0.0011; 0.0778; 13330.40; 18.07; 1277.70; 13330.40; 18.07; 1277.70; 0.0000; 0.0000; 0.0000; 1.0000; 0.0000; 0.0000; 0.00; 0.00; 0.00; 0.00; 0.00; 0.00; 0.00; 0.00; 0.00; 0
56; 1.0000; 0.0000; 0.0000; 0.0000; 0.3062; 0.2146; 0.0011; 0.0791; 13285.75; 17.64; 1247.59; 13285.75; 17.64; 1247.59; 0.0000; 0.0000; 0.0000; 1.0000; 0.0000; 0.0000; 0.00; 0.00; 0.00; 0.00; 0.00; 0.00; 0.00; 0.00; 0.00; 0
57; 1.0000; 0.0000; 0.0000; 0.0000; 0.3062; 0.2134; 0.0011; 0.0781; 13266.91; 17.89; 1265.12; 13266.91; 17.89; 1265.12; 0.0000; 0.0000; 0.0000; 1.0000; 0.0000; 0.0000; 0.00; 0.00; 0.00; 0.00; 0.00; 0.00; 0.00; 0.00; 0.00; 0
58; 1.0000; 0.0000; 0.0000; 0.0000; 0.3062; 0.2129; 0.0011; 0.0790; 13278.77; 17.42; 1231.98; 13278.77; 17.42; 1231.98; 0.0000; 0.0000; 0.0000; 1.0000; 0.0000; 0.0000; 0.00; 0.00; 0.00; 0.00; 0.00; 0.00; 0.00; 0.00; 0.00; 0
59; 1.0000; 0.0000; 0.0000; 0.0000; 0.3062; 0.2138; 0.0011; 0.0781; 13294.22; 17.85; 1262.19; 13294.22; 17.85; 1262.19; 0.0000; 0.0000; 0.0000; 1.0000; 0.0000; 0.0000; 0.00; 0.00; 0.00; 0.00; 0.00; 0.00; 0.00; 0.00; 0.00; 0
60; 1.0000; 0.0000; 0.0000; 0.0000; 0.3062; 0.2126; 0.0011; 0.0776; 13305.40; 17.93; 1267.90; 13305.40; 17.93; 1267.90; 0.0000; 0.0000; 0.0000; 1.0000; 0.0000; 0.0000; 0.00; 0.00; 0.00; 0.00; 0.00; 0.00; 0.00; 0.00; 0.00; 0
61; 1.0000; 0.0000; 0.0000; 0.0000; 0.3062; 0.2118; 0.0011; 0.0778; 13317.53; 17.68; 1250.25; 13317.53; 17.68; 1250.25; 0.0000; 0.0000; 0.0000; 1.0000; 0.0000; 0.0000; 0.00; 0.00; 0.00; 0.00; 0.00; 0.00; 0.00; 0.00; 0.00; 0
62; 1.0000; 0.0000; 0.0000; 0.0000; 0.3062; 0.2143; 0.0011; 0.0768; 13305.35; 17.61; 1245.08; 13305.35; 17.61; 1245.08; 0.0000; 0.0000; 0.0000; 1.0000; 0.0000; 0.0000; 0.00; 0.00; 0.00; 0.00; 0.00; 0.00; 0.00; 0.00; 0.00; 0
63; 1.0000; 0.0000; 0.0000; 0.0000; 0.3062; 0.2144; 0.0011; 0.0773; 13288.52; 17.79; 1258.03; 13288.52; 17.79; 1258.03; 0.0000; 0.0000; 0.0000; 1.0000; 0.0000; 0.0000; 0.00; 0.00; 0.00; 0.00; 0.00; 0.00; 0.00; 0.00; 0.00; 0
64; 1.0000; 0.0000; 0.0000; 0.0000; 0.3062; 0.2141; 0.0011; 0.0769; 13269.68; 17.66; 1248.77; 13269.68; 17.66; 1248.77; 0.0000; 0.0000; 0.0000; 1.0000; 0.0000; 0.0000; 0.00; 0.00; 0.00; 0.00; 0.00; 0.00; 0.00; 0.00; 0.00; 0
65; 1.0000; 0.0000; 0.0000; 0.0000; 0.3062; 0.2133; 0.0011; 0.0792; 13239.47; 17.68; 1250.23; 13239.47; 17.68; 1250.23; 0.0000; 0.0000; 0.0000; 1.0000; 0.0000; 0.0000; 0.00; 0.00; 0.00; 0.00; 0.00; 0.00; 0.00; 0.00; 0.00; 0
66; 1.0000; 0.0000; 0.0000; 0.0000; 0.3062; 0.2141; 0.0011; 0.0766; 13279.24; 17.32; 1224.62; 13279.24; 17.32; 1224.62; 0.0000; 0.0000; 0.0000; 1.0000; 0.0000; 0.0000; 0.00; 0.00; 0.00; 0.00; 0.00; 0.00; 0.00; 0.00; 0.00; 0
67; 1.0000; 0.0000; 0.0000; 0.0000; 0.3062; 0.2125; 0.0011; 0.0771; 13306.59; 17.70; 1251.89; 13306.59; 17.70; 1251.89; 0.0000; 0.0000; 0.0000; 1.0000; 0.0000; 0.0000; 0.00; 0.00; 0.00; 0.00; 0.00; 0.00; 0.00; 0.00; 0.00; 0
68; 1.0000; 0.0000; 0.0000; 0.0000; 0.3062; 0.2132; 0.0011; 0.0772; 13293.42; 17.67; 1249.46; 13293.42; 17.67; 1249.46; 0.0000; 0.0000; 0.0000; 1.0000; 0.0000; 0.0000; 0.00; 0.00; 0.00; 0.00; 0.00; 0.00; 0.00; 0.00; 0.00; 0
69; 1.0000; 0.0000; 0.0000; 0.0000; 0.3062; 0.2146; 0.0011; 0.0765; 13277.52; 17.74; 1254.22; 13277.52; 17.74; 1254.22; 0.0000; 0.0000; 0.0000; 1.0000; 0.0000; 0.0000; 0.00; 0.00; 0.00; 0.00; 0.00; 0.00; 0.00; 0.00; 0.00; 0
70; 1.0000; 0.0000; 0.0000; 0.0000; 0.3062; 0.2129; 0.0011; 0.0770; 13289.50; 17.73; 1253.52; 13289.50; 17.73; 1253.52; 0.0000; 0.0000; 0.0000; 1.0000; 0.0000; 0.0000; 0.00; 0.00; 0.00; 0.00; 0.00; 0.00; 0.00; 0.00; 0.00; 0
71; 1.0000; 0.0000; 0.0000; 0.0000; 0.3062; 0.2132; 0.0011; 0.0775; 13288.06; 17.64; 1247.50; 13288.06; 17.64; 1247.50; 0.0000; 0.0000; 0.0000; 1.0000; 0.0000; 0.0000; 0.00; 0.00; 0.00; 0.00; 0.00; 0.00; 0.00; 0.00; 0.00; 0
72; 1.0000; 0.0000; 0.0000; 0.0000; 0.3062; 0.2139; 0.0011; 0.0773; 13273.00; 17.71; 1252.07; 13273.00; 17.71; 1252.07; 0.0000; 0.0000; 0.0000; 1.0000; 0.0000; 0.0000; 0.00; 0.00; 0.00; 0.00; 0.00; 0.00; 0.00; 0.00; 0.00; 0
73; 1.0000; 0.0000; 0.0000; 0.0000; 0.3062; 0.2125; 0.0011; 0.0785; 13248.21; 17.96; 1269.87; 13248.21; 17.96; 1269.87; 0.0000; 0.0000; 0.0000; 1.0000; 0.0000; 0.0000; 0.00; 0.00; 0.00; 0.00; 0.00; 0.00; 0.00; 0.00; 0.00; 0
74; 1.0000; 0.0000; 0.0000; 0.0000; 0.3062; 0.2141; 0.0011; 0.0779; 13269.00; 17.83; 1261.03; 13269.00; 17.83; 1261.03; 0.0000; 0.0000; 0.0000; 1.0000; 0.0000; 0.0000; 0.00; 0.00; 0.00; 0.00; 0.00; 0.00; 0.00; 0.00; 0.00; 0
75; 1.0000; 0.0000; 0.0000; 0.0000; 0.3062; 0.2130; 0.0011; 0.0786; 13264.34; 17.73; 1253.74; 13264.34; 17.73; 1253.74; 0.0000; 0.0000; 0.0000; 1.0000; 0.0000; 0.0000; 0.00; 0.00; 0.00; 0.00; 0.00; 0.00; 0.00; 0.00; 0.00; 0
76; 1.0000; 0.0000; 0.0000; 0.0000; 0.3062; 0.2116; 0.0011; 0.0775; 13289.40; 17.58; 1243.31; 13289.40; 17.58; 1243.31; 0.0000; 0.0000; 0.0000; 1.0000; 0.0000; 0.0000; 0.00; 0.00; 0.00; 0.00; 0.00; 0.00; 0.00; 0.00; 0.00; 0
77; 1.0000; 0.0000; 0.0000; 0.0000; 0.3062; 0.2150; 0.0011; 0.0788; 13296.23; 17.51; 1237.99; 13296.23; 17.51; 1237.99; 0.0000; 0.0000; 0.0000; 1.0000; 0.0000; 0.0000; 0.00; 0.00; 0.00; 0.00; 0.00; 0.00; 0.00; 0.00; 0.00; 0
78; 1.0000; 0.0000; 0.0000; 0.0000; 0.3062; 0.2120; 0.0011; 0.0766; 13315.71; 17.58; 1243.33; 13315.71; 17.58; 1243.33; 0.0000; 0.0000; 0.0000; 1.0000; 0.0000; 0.0000; 0.00; 0.00; 0.00; 0.00; 0.00; 0.00; 0.00; 0.00; 0.00; 0
79; 1.0000; 0.0000; 0.0000; 0.0000; 0.3062; 0.2151; 0.0011; 0.0767; 13280.58; 18.03; 1275.10; 13280.58; 18.03; 1275.10; 0.0000; 0.0000; 0.0000; 1.0000; 0.0000; 0.0000; 0.00; 0.00; 0.00; 0.00; 0.00; 0.00; 0.00; 0.00; 0.00; 0
80; 1.0000; 0.0000; 0.0000; 0.0000; 0.3062; 0.2130; 0.0011; 0.0778; 13254.80; 17.80; 1258.53; 13254.80; 17.80; 1258.53; 0.0000; 0.0000; 0.0000; 1.0000; 0.0000; 0.0000; 0.00; 0.00; 0.00; 0.00; 0.00; 0.00; 0.00; 0.00; 0.00; 0
81; 1.0000; 0.0000; 0.0000; 0.0000; 0.3062; 0.2151; 0.0011; 0.0770; 13282.73; 17.68; 1250.50; 13282.73; 17.68; 1250.50; 0.0000; 0.0000; 0.0000; 1.0000; 0.0000; 0.0000; 0.00; 0.00; 0.00; 0.00; 0.00; 0.00; 0.00; 0.00; 0.00; 0
82; 1.0000; 0.0000; 0.0000; 0.0000; 0.3062; 0.2134; 0.0011; 0.0770; 13306.28; 17.59; 1243.72; 13306.28; 17.59; 1243.72; 0.0000; 0.0000; 0.0000; 1.0000; 0.0000; 0.0000; 0.00; 0.00; 0.00; 0.00; 0.00; 0.00; 0.00; 0.00; 0.00; 0
83; 1.0000; 0.0000; 0.0000; 0.0000; 0.3062; 0.2139; 0.0011; 0.0783; 13256.06; 17.85; 1262.06; 13256.06; 17.85; 1262.06; 0.0000; 0.0000; 0.0000; 1.0000; 0.0000; 0.0000; 0.00; 0.00; 0.00; 0.00; 0.00; 0.00; 0.00; 0.00; 0.00; 0
84; 1.0000; 0.0000; 0.0000; 0.0000; 0.3062; 0.2134; 0.0011; 0.0781; 13273.59; 17.68; 1249.86; 13273.59; 17.68; 1249.86; 0.0000; 0.0000; 0.0000; 1.0000; 0.0000; 0.0000; 0.00; 0.00; 0.00; 0.00; 0.00; 0.00; 0.00; 0.00; 0.00; 0
85; 1.0000; 0.0000; 0.0000; 0.0000; 0.3062; 0.2130; 0.0011; 0.0772; 13294.91; 17.77; 1256.36; 13294.91; 17.77; 1256.36; 0.0000; 0.0000; 0.0000; 1.0000; 0.0000; 0.0000; 0.00; 0.00; 0.00; 0.00; 0.00; 0.00; 0.00; 0.00; 0.00; 0
86; 1.0000; 0.0000; 0.0000; 0.0000; 0.3062; 0.2152; 0.0011; 0.0782; 13282.89; 17.73; 1253.83; 13282.89; 17.73; 1253.83; 0.0000; 0.0000; 0.0000; 1.0000; 0.0000; 0.0000; 0.00; 0.00; 0.00; 0.00; 0.00; 0.00; 0.00; 0.00; 0.00; 0
87; 1.0000; 0.0000; 0.0000; 0.0000; 0.3062; 0.2138; 0.0011; 0.0776; 13301.14; 17.86; 1263.13; 13301.14; 17.86; 1263.13; 0.0000; 0.0000; 0.0000; 1.0000; 0.0000; 0.0000; 0.00; 0.00; 0.00; 0.00; 0.00; 0.00; 0.00; 0.00; 0.00; 0
88; 1.0000; 0.0000; 0.0000; 0.0000; 0.3062; 0.2120; 0.0011; 0.0765; 13312.24; 17.98; 1271.68; 13312.24; 17.98; 1271.68; 0.0000; 0.0000; 0.0000; 1.0000; 0.0000; 0.0000; 0.00; 0.00; 0.00; 0.00; 0.00; 0.00; 0.00; 0.00; 0.00; 0
89; 1.0000; 0.0000; 0.0000; 0.0000; 0.3062; 0.2141; 0.0011; 0.0772; 13247.93; 17.83; 1260.78; 13247.93; 17.83; 1260.78; 0.0000; 0.0000; 0.0000; 1.0000; 0.0000; 0.0000; 0.00; 0.00; 0.00; 0.00; 0.00; 0.00; 0.00; 0.00; 0.00; 0
90; 1.0000; 0.0000; 0.0000; 0.0000; 0.3062; 0.2127; 0.0011; 0.0771; 13244.42; 17.59; 1244.10; 13244.42; 17.59; 1244.10; 0.0000; 0.0000; 0.0000; 1.0000; 0.0000; 0.0000; 0.00; 0.00; 0.00; 0.00; 0.00; 0.00; 0.00; 0.00; 0.00; 0
91; 1.0000; 0.0000; 0.0000; 0.0000; 0.3062; 0.2159; 0.0011; 0.0779; 13292.34; 17.50; 1237.17; 13292.34; 17.50; 1237.17; 0.0000; 0.0000; 0.0000; 1.0000; 0.0000; 0.0000; 0.00; 0.00; 0.00; 0.00; 0.00; 0.00; 0.00; 0.00; 0.00; 0
92; 1.0000; 0.0000; 0.0000; 0.0000; 0.3062; 0.2145; 0.0011; 0.0777; 13277.98; 17.54; 1240.44; 13277.98; 17.54; 1240.44; 0.0000; 0.0000; 0.0000; 1.0000; 0.0000; 0.0000; 0.00; 0.00; 0.00; 0.00; 0.00; 0.00; 0.00; 0.00; 0.00; 0
93; 1.0000; 0.0000; 0.0000; 0.0000; 0.3062; 0.2145; 0.0011; 0.0769; 13276.86; 17.50; 1237.72; 13276.86; 17.50; 1237.72; 0.0000; 0.0000; 0.0000; 1.0000; 0.0000; 0.0000; 0.00; 0.00; 0.00; 0.00; 0.00; 0.00; 0.00; 0.00; 0.00; 0
94; 1.0000; 0.0000; 0.0000; 0.0000; 0.3062; 0.2128; 0.0011; 0.0787; 13317.56; 17.69; 1250.81; 13317.56; 17.69; 1250.81; 0.0000; 0.0000; 0.0000; 1.0000; 0.0000; 0.0000; 0.00; 0.00; 0.00; 0.00; 0.00; 0.00; 0.00; 0.00; 0.00; 0
95; 1.0000; 0.0000; 0.0000; 0.0000; 0.3062; 0.2136; 0.0011; 0.0764; 13293.77; 17.57; 1242.31; 13293.77; 17.57; 1242.31; 0.0000; 0.0000; 0.0000; 1.0000; 0.0000; 0.0000; 0.00; 0.00; 0.00; 0.00; 0.00; 0.00; 0.00; 0.00; 0.00; 0
96; 1.0000; 0.0000; 0.0000; 0.0000; 0.3062; 0.2132; 0.0011; 0.0768; 13292.92; 17.91; 1266.64; 13292.92; 17.91; 1266.64; 0.0000; 0.0000; 0.0000; 1.0000; 0.0000; 0.0000; 0.00; 0.00; 0.00; 0.00; 0.00; 0.00; 0.00; 0.00; 0.00; 0
97; 1.0000; 0.0000; 0.0000; 0.0000; 0.3062; 0.2143; 0.0011; 0.0788; 13297.29; 17.78; 1257.29; 13297.29; 17.78; 1257.29; 0.0000; 0.0000; 0.0000; 1.0000; 0.0000; 0.0000; 0.00; 0.00; 0.00; 0.00; 0.00; 0.00; 0.00; 0.00; 0.00; 0
98; 1.0000; 0.0000; 0.0000; 0.0000; 0.3062; 0.2143; 0.0011; 0.0776; 13293.79; 17.75; 1255.13; 13293.79; 17.75; 1255.13; 0.0000; 0.0000; 0.0000; 1.0000; 0.0000; 0.0000; 0.00; 0.00; 0.00; 0.00; 0.00; 0.00; 0.00; 0.00; 0.00; 0
99; 1.0000; 0.0000; 0.0000; 0.0000; 0.3062; 0.2137; 0.0011; 0.0764; 13308.95; 17.72; 1252.87; 13308.95; 17.72; 1252.87; 0.0000; 0.0000; 0.0000; 1.0000; 0.0000; 0.0000; 0.00; 0.00; 0.00; 0.00; 0.00; 0.00; 0.00; 0.00; 0.00; 0
100; 1.0000; 0.0000; 0.0000; 0.0000; 0.3062; 0.2152; 0.0011; 0.0776; 13255.33; 17.70; 1251.42; 13255.33; 17.70; 1251.42; 0.0000; 0.0000; 0.0000; 1.0000; 0.0000; 0.0000; 0.00; 0.00; 0.00; 0.00; 0.00; 0.00; 0.00; 0.00; 0.00; 0
