    Year (Census)
    Proportion of populations extant, SE
    Proportion of populations going extinct for the first time in year, SE
    Deterministic growth, Stochastic growth, SE, SD
    Mean population size (across extant populations), SE, SD
    Mean population size (across all populations), SE, SD
    Population-based model: No genetic data (12 skipped fields)



    Mean time to extinction, SE, SD
    Median time to extinction
Year;PExtant;SE(PExtant);PExtinct;SE(PExtinct);det-r;stoch-r;SE(r);SD(r);N-extant;SE(N-extant);SD(N-extant);N-all;SE(N-all);SD(N-all);GeneDiv;SE(GD);SD(GD);Inbreed;SE(Inbr);SD(Inbr);nAlleles;SE(nAlleles);SD(nAlleles);nLethals;SE(nLethals);SD(nLethals);TE;SE(TE);SD(TE);medianTE
Default Scenario
Population 1: Population1
0; 1.0000; 0.0000; 0.0000; 0.0000; 0.2772;      0;      0;      0; 92908.00; 0.00; 0.00; 92908.00; 0.00; 0.00; 0.0000; 0.0000; 0.0000; 1.0000; 0.0000; 0.0000; 0.00; 0.00; 0.00; 0.00; 0.00; 0.00; 0.00; 0.00; 0.00; 0
1; 1.0000; 0.0000; 0.0000; 0.0000; 0.2772; 0.2728; 0.0011; 0.0803; 92910.47; 126.94; 8976.04; 92910.47; 126.94; 8976.04; 0.0000; 0.0000; 0.0000; 1.0000; 0.0000; 0.0000; 0.00; 0.00; 0.00; 0.00; 0.00; 0.00; 0.00; 0.00; 0.00; 0
2; 1.0000; 0.0000; 0.0000; 0.0000; 0.2772; 0.2729; 0.0011; 0.0802; 92505.10; 125.49; 8873.37; 92505.10; 125.49; 8873.37; 0.0000; 0.0000; 0.0000; 1.0000; 0.0000; 0.0000; 0.00; 0.00; 0.00; 0.00; 0.00; 0.00; 0.00; 0.00; 0.00; 0
3; 1.0000; 0.0000; 0.0000; 0.0000; 0.2772; 0.2749; 0.0011; 0.0806; 92365.28; 126.13; 8918.56; 92365.28; 126.13; 8918.56; 0.0000; 0.0000; 0.0000; 1.0000; 0.0000; 0.0000; 0.00; 0.00; 0.00; 0.00; 0.00; 0.00; 0.00; 0.00; 0.00; 0
4; 1.0000; 0.0000; 0.0000; 0.0000; 0.2772; 0.2747; 0.0011; 0.0802; 92213.66; 124.75; 8821.04; 92213.66; 124.75; 8821.04; 0.0000; 0.0000; 0.0000; 1.0000; 0.0000; 0.0000; 0.00; 0.00; 0.00; 0.00; 0.00; 0.00; 0.00; 0.00; 0.00; 0
5; 1.0000; 0.0000; 0.0000; 0.0000; 0.2772; 0.2748; 0.0011; 0.0810; 92406.74; 125.97; 8907.45; 92406.74; 125.97; 8907.45; 0.0000; 0.0000; 0.0000; 1.0000; 0.0000; 0.0000; 0.00; 0.00; 0.00; 0.00; 0.00; 0.00; 0.00; 0.00; 0.00; 0
6; 1.0000; 0.0000; 0.0000; 0.0000; 0.2772; 0.2742; 0.0011; 0.0803; 92511.28; 124.47; 8801.48; 92511.28; 124.47; 8801.48; 0.0000; 0.0000; 0.0000; 1.0000; 0.0000; 0.0000; 0.00; 0.00; 0.00; 0.00; 0.00; 0.00; 0.00; 0.00; 0.00; 0
7; 1.0000; 0.0000; 0.0000; 0.0000; 0.2772; 0.2747; 0.0012; 0.0815; 92375.72; 127.26; 8998.68; 92375.72; 127.26; 8998.68; 0.0000; 0.0000; 0.0000; 1.0000; 0.0000; 0.0000; 0.00; 0.00; 0.00; 0.00; 0.00; 0.00; 0.00; 0.00; 0.00; 0
8; 1.0000; 0.0000; 0.0000; 0.0000; 0.2772; 0.2749; 0.0011; 0.0793; 92250.82; 126.78; 8964.52; 92250.82; 126.78; 8964.52; 0.0000; 0.0000; 0.0000; 1.0000; 0.0000; 0.0000; 0.00; 0.00; 0.00; 0.00; 0.00; 0.00; 0.00; 0.00; 0.00; 0
9; 1.0000; 0.0000; 0.0000; 0.0000; 0.2772; 0.2744; 0.0011; 0.0798; 92555.47; 126.78; 8964.91; 92555.47; 126.78; 8964.91; 0.0000; 0.0000; 0.0000; 1.0000; 0.0000; 0.0000; 0.00; 0.00; 0.00; 0.00; 0.00; 0.00; 0.00; 0.00; 0.00; 0
10; 1.0000; 0.0000; 0.0000; 0.0000; 0.2772; 0.2735; 0.0012; 0.0814; 92523.22; 128.09; 9057.39; 92523.22; 128.09; 9057.39; 0.0000; 0.0000; 0.0000; 1.0000; 0.0000; 0.0000; 0.00; 0.00; 0.00; 0.00; 0.00; 0.00; 0.00; 0.00; 0.00; 0
11; 1.0000; 0.0000; 0.0000; 0.0000; 0.2772; 0.2741; 0.0012; 0.0813; 92457.17; 126.33; 8932.92; 92457.17; 126.33; 8932.92; 0.0000; 0.0000; 0.0000; 1.0000; 0.0000; 0.0000; 0.00; 0.00; 0.00; 0.00; 0.00; 0.00; 0.00; 0.00; 0.00; 0
12; 1.0000; 0.0000; 0.0000; 0.0000; 0.2772; 0.2729; 0.0011; 0.0807; 92234.09; 126.90; 8972.96; 92234.09; 126.90; 8972.96; 0.0000; 0.0000; 0.0000; 1.0000; 0.0000; 0.0000; 0.00; 0.00; 0.00; 0.00; 0.00; 0.00; 0.00; 0.00; 0.00; 0
13; 1.0000; 0.0000; 0.0000; 0.0000; 0.2772; 0.2756; 0.0011; 0.0807; 92190.03; 124.71; 8818.29; 92190.03; 124.71; 8818.29; 0.0000; 0.0000; 0.0000; 1.0000; 0.0000; 0.0000; 0.00; 0.00; 0.00; 0.00; 0.00; 0.00; 0.00; 0.00; 0.00; 0
14; 1.0000; 0.0000; 0.0000; 0.0000; 0.2772; 0.2719; 0.0011; 0.0801; 92389.59; 127.38; 9007.42; 92389.59; 127.38; 9007.42; 0.0000; 0.0000; 0.0000; 1.0000; 0.0000; 0.0000; 0.00; 0.00; 0.00; 0.00; 0.00; 0.00; 0.00; 0.00; 0.00; 0
15; 1.0000; 0.0000; 0.0000; 0.0000; 0.2772; 0.2745; 0.0011; 0.0804; 92527.15; 125.50; 8874.35; 92527.15; 125.50; 8874.35; 0.0000; 0.0000; 0.0000; 1.0000; 0.0000; 0.0000; 0.00; 0.00; 0.00; 0.00; 0.00; 0.00; 0.00; 0.00; 0.00; 0
16; 1.0000; 0.0000; 0.0000; 0.0000; 0.2772; 0.2728; 0.0011; 0.0800; 92499.33; 127.59; 9021.97; 92499.33; 127.59; 9021.97; 0.0000; 0.0000; 0.0000; 1.0000; 0.0000; 0.0000; 0.00; 0.00; 0.00; 0.00; 0.00; 0.00; 0.00; 0.00; 0.00; 0
17; 1.0000; 0.0000; 0.0000; 0.0000; 0.2772; 0.2741; 0.0011; 0.0799; 92395.25; 126.51; 8945.76; 92395.25; 126.51; 8945.76; 0.0000; 0.0000; 0.0000; 1.0000; 0.0000; 0.0000; 0.00; 0.00; 0.00; 0.00; 0.00; 0.00; 0.00; 0.00; 0.00; 0
18; 1.0000; 0.0000; 0.0000; 0.0000; 0.2772; 0.2720; 0.0012; 0.0816; 92408.35; 127.55; 9019.32; 92408.35; 127.55; 9019.32; 0.0000; 0.0000; 0.0000; 1.0000; 0.0000; 0.0000; 0.00; 0.00; 0.00; 0.00; 0.00; 0.00; 0.00; 0.00; 0.00; 0
19; 1.0000; 0.0000; 0.0000; 0.0000; 0.2772; 0.2738; 0.0011; 0.0806; 92593.15; 126.71; 8959.72; 92593.15; 126.71; 8959.72; 0.0000; 0.0000; 0.0000; 1.0000; 0.0000; 0.0000; 0.00; 0.00; 0.00; 0.00; 0.00; 0.00; 0.00; 0.00; 0.00; 0
20; 1.0000; 0.0000; 0.0000; 0.0000; 0.2772; 0.2731; 0.0011; 0.0807; 92371.33; 124.82; 8826.44; 92371.33; 124.82; 8826.44; 0.0000; 0.0000; 0.0000; 1.0000; 0.0000; 0.0000; 0.00; 0.00; 0.00; 0.00; 0.00; 0.00; 0.00; 0.00; 0.00; 0
21; 1.0000; 0.0000; 0.0000; 0.0000; 0.2772; 0.2733; 0.0011; 0.0812; 92448.15; 126.32; 8932.52; 92448.15; 126.32; 8932.52; 0.0000; 0.0000; 0.0000; 1.0000; 0.0000; 0.0000; 0.00; 0.00; 0.00; 0.00; 0.00; 0.00; 0.00; 0.00; 0.00; 0
22; 1.0000; 0.0000; 0.0000; 0.0000; 0.2772; 0.2728; 0.0011; 0.0807; 92429.02; 128.48; 9084.78; 92429.02; 128.48; 9084.78; 0.0000; 0.0000; 0.0000; 1.0000; 0.0000; 0.0000; 0.00; 0.00; 0.00; 0.00; 0.00; 0.00; 0.00; 0.00; 0.00; 0
23; 1.0000; 0.0000; 0.0000; 0.0000; 0.2772; 0.2737; 0.0011; 0.0806; 92477.82; 127.62; 9023.82; 92477.82; 127.62; 9023.82; 0.0000; 0.0000; 0.0000; 1.0000; 0.0000; 0.0000; 0.00; 0.00; 0.00; 0.00; 0.00; 0.00; 0.00; 0.00; 0.00; 0
24; 1.0000; 0.0000; 0.0000; 0.0000; 0.2772; 0.2749; 0.0011; 0.0812; 92495.19; 125.39; 8866.15; 92495.19; 125.39; 8866.15; 0.0000; 0.0000; 0.0000; 1.0000; 0.0000; 0.0000; 0.00; 0.00; 0.00; 0.00; 0.00; 0.00; 0.00; 0.00; 0.00; 0
25; 1.0000; 0.0000; 0.0000; 0.0000; 0.2772; 0.2703; 0.0012; 0.0824; 92656.04; 128.76; 9105.03; 92656.04; 128.76; 9105.03; 0.0000; 0.0000; 0.0000; 1.0000; 0.0000; 0.0000; 0.00; 0.00; 0.00; 0.00; 0.00; 0.00; 0.00; 0.00; 0.00; 0
26; 1.0000; 0.0000; 0.0000; 0.0000; 0.2772; 0.2730; 0.0012; 0.0814; 92446.60; 127.22; 8996.10; 92446.60; 127.22; 8996.10; 0.0000; 0.0000; 0.0000; 1.0000; 0.0000; 0.0000; 0.00; 0.00; 0.00; 0.00; 0.00; 0.00; 0.00; 0.00; 0.00; 0
27; 1.0000; 0.0000; 0.0000; 0.0000; 0.2772; 0.2719; 0.0012; 0.0815; 92489.61; 125.18; 8851.84; 92489.61; 125.18; 8851.84; 0.0000; 0.0000; 0.0000; 1.0000; 0.0000; 0.0000; 0.00; 0.00; 0.00; 0.00; 0.00; 0.00; 0.00; 0.00; 0.00; 0
28; 1.0000; 0.0000; 0.0000; 0.0000; 0.2772; 0.2732; 0.0012; 0.0821; 92405.85; 127.57; 9020.68; 92405.85; 127.57; 9020.68; 0.0000; 0.0000; 0.0000; 1.0000; 0.0000; 0.0000; 0.00; 0.00; 0.00; 0.00; 0.00; 0.00; 0.00; 0.00; 0.00; 0
29; 1.0000; 0.0000; 0.0000; 0.0000; 0.2772; 0.2743; 0.0011; 0.0808; 92285.60; 125.49; 8873.51; 92285.60; 125.49; 8873.51; 0.0000; 0.0000; 0.0000; 1.0000; 0.0000; 0.0000; 0.00; 0.00; 0.00; 0.00; 0.00; 0.00; 0.00; 0.00; 0.00; 0
30; 1.0000; 0.0000; 0.0000; 0.0000; 0.2772; 0.2734; 0.0012; 0.0818; 92215.95; 127.27; 8999.62; 92215.95; 127.27; 8999.62; 0.0000; 0.0000; 0.0000; 1.0000; 0.0000; 0.0000; 0.00; 0.00; 0.00; 0.00; 0.00; 0.00; 0.00; 0.00; 0.00; 0
31; 1.0000; 0.0000; 0.0000; 0.0000; 0.2772; 0.2736; 0.0012; 0.0815; 92396.89; 126.70; 8958.74; 92396.89; 126.70; 8958.74; 0.0000; 0.0000; 0.0000; 1.0000; 0.0000; 0.0000; 0.00; 0.00; 0.00; 0.00; 0.00; 0.00; 0.00; 0.00; 0.00; 0
32; 1.0000; 0.0000; 0.0000; 0.0000; 0.2772; 0.2742; 0.0011; 0.0803; 92311.50; 125.77; 8893.47; 92311.50; 125.77; 8893.47; 0.0000; 0.0000; 0.0000; 1.0000; 0.0000; 0.0000; 0.00; 0.00; 0.00; 0.00; 0.00; 0.00; 0.00; 0.00; 0.00; 0
33; 1.0000; 0.0000; 0.0000; 0.0000; 0.2772; 0.2724; 0.0012; 0.0815; 92701.76; 127.76; 9034.28; 92701.76; 127.76; 9034.28; 0.0000; 0.0000; 0.0000; 1.0000; 0.0000; 0.0000; 0.00; 0.00; 0.00; 0.00; 0.00; 0.00; 0.00; 0.00; 0.00; 0
34; 1.0000; 0.0000; 0.0000; 0.0000; 0.2772; 0.2733; 0.0012; 0.0820; 92470.20; 127.06; 8984.78; 92470.20; 127.06; 8984.78; 0.0000; 0.0000; 0.0000; 1.0000; 0.0000; 0.0000; 0.00; 0.00; 0.00; 0.00; 0.00; 0.00; 0.00; 0.00; 0.00; 0
35; 1.0000; 0.0000; 0.0000; 0.0000; 0.2772; 0.2745; 0.0012; 0.0816; 92096.07; 125.49; 8873.83; 92096.07; 125.49; 8873.83; 0.0000; 0.0000; 0.0000; 1.0000; 0.0000; 0.0000; 0.00; 0.00; 0.00; 0.00; 0.00; 0.00; 0.00; 0.00; 0.00; 0
36; 1.0000; 0.0000; 0.0000; 0.0000; 0.2772; 0.2733; 0.0012; 0.0817; 92621.19; 126.09; 8916.13; 92621.19; 126.09; 8916.13; 0.0000; 0.0000; 0.0000; 1.0000; 0.0000; 0.0000; 0.00; 0.00; 0.00; 0.00; 0.00; 0.00; 0.00; 0.00; 0.00; 0
37; 1.0000; 0.0000; 0.0000; 0.0000; 0.2772; 0.2748; 0.0011; 0.0809; 92379.10; 125.51; 8874.90; 92379.10; 125.51; 8874.90; 0.0000; 0.0000; 0.0000; 1.0000; 0.0000; 0.0000; 0.00; 0.00; 0.00; 0.00; 0.00; 0.00; 0.00; 0.00; 0.00; 0
38; 1.0000; 0.0000; 0.0000; 0.0000; 0.2772; 0.2725; 0.0012; 0.0816; 92419.69; 125.34; 8862.80; 92419.69; 125.34; 8862.80; 0.0000; 0.0000; 0.0000; 1.0000; 0.0000; 0.0000; 0.00; 0.00; 0.00; 0.00; 0.00; 0.00; 0.00; 0.00; 0.00; 0
39; 1.0000; 0.0000; 0.0000; 0.0000; 0.2772; 0.2740; 0.0011; 0.0808; 92453.24; 127.53; 9018.07; 92453.24; 127.53; 9018.07; 0.0000; 0.0000; 0.0000; 1.0000; 0.0000; 0.0000; 0.00; 0.00; 0.00; 0.00; 0.00; 0.00; 0.00; 0.00; 0.00; 0
40; 1.0000; 0.0000; 0.0000; 0.0000; 0.2772; 0.2726; 0.0012; 0.0815; 92609.17; 126.53; 8947.12; 92609.17; 126.53; 8947.12; 0.0000; 0.0000; 0.0000; 1.0000; 0.0000; 0.0000; 0.00; 0.00; 0.00; 0.00; 0.00; 0.00; 0.00; 0.00; 0.00; 0
41; 1.0000; 0.0000; 0.0000; 0.0000; 0.2772; 0.2731; 0.0011; 0.0810; 92392.10; 125.06; 8842.80; 92392.10; 125.06; 8842.80; 0.0000; 0.0000; 0.0000; 1.0000; 0.0000; 0.0000; 0.00; 0.00; 0.00; 0.00; 0.00; 0.00; 0.00; 0.00; 0.00; 0
42; 1.0000; 0.0000; 0.0000; 0.0000; 0.2772; 0.2760; 0.0011; 0.0793; 92269.24; 128.00; 9050.83; 92269.24; 128.00; 9050.83; 0.0000; 0.0000; 0.0000; 1.0000; 0.0000; 0.0000; 0.00; 0.00; 0.00; 0.00; 0.00; 0.00; 0.00; 0.00; 0.00; 0
43; 1.0000; 0.0000; 0.0000; 0.0000; 0.2772; 0.2752; 0.0012; 0.0814; 92137.05; 124.88; 8830.17; 92137.05; 124.88; 8830.17; 0.0000; 0.0000; 0.0000; 1.0000; 0.0000; 0.0000; 0.00; 0.00; 0.00; 0.00; 0.00; 0.00; 0.00; 0.00; 0.00; 0
44; 1.0000; 0.0000; 0.0000; 0.0000; 0.2772; 0.2740; 0.0011; 0.0806; 92285.34; 127.11; 8987.69; 92285.34; 127.11; 8987.69; 0.0000; 0.0000; 0.0000; 1.0000; 0.0000; 0.0000; 0.00; 0.00; 0.00; 0.00; 0.00; 0.00; 0.00; 0.00; 0.00; 0
45; 1.0000; 0.0000; 0.0000; 0.0000; 0.2772; 0.2727; 0.0011; 0.0807; 92393.87; 125.20; 8852.87; 92393.87; 125.20; 8852.87; 0.0000; 0.0000; 0.0000; 1.0000; 0.0000; 0.0000; 0.00; 0.00; 0.00; 0.00; 0.00; 0.00; 0.00; 0.00; 0.00; 0
46; 1.0000; 0.0000; 0.0000; 0.0000; 0.2772; 0.2749; 0.0011; 0.0805; 92435.30; 125.83; 8897.88; 92435.30; 125.83; 8897.88; 0.0000; 0.0000; 0.0000; 1.0000; 0.0000; 0.0000; 0.00; 0.00; 0.00; 0.00; 0.00; 0.00; 0.00; 0.00; 0.00; 0
47; 1.0000; 0.0000; 0.0000; 0.0000; 0.2772; 0.2735; 0.0012; 0.0816; 92287.60; 127.33; 9003.41; 92287.60; 127.33; 9003.41; 0.0000; 0.0000; 0.0000; 1.0000; 0.0000; 0.0000; 0.00; 0.00; 0.00; 0.00; 0.00; 0.00; 0.00; 0.00; 0.00; 0
48; 1.0000; 0.0000; 0.0000; 0.0000; 0.2772; 0.2731; 0.0011; 0.0806; 92254.49; 126.60; 8952.12; 92254.49; 126.60; 8952.12; 0.0000; 0.0000; 0.0000; 1.0000; 0.0000; 0.0000; 0.00; 0.00; 0.00; 0.00; 0.00; 0.00; 0.00; 0.00; 0.00; 0
49; 1.0000; 0.0000; 0.0000; 0.0000; 0.2772; 0.2723; 0.0012; 0.0821; 92476.57; 124.51; 8804.39; 92476.57; 124.51; 8804.39; 0.0000; 0.0000; 0.0000; 1.0000; 0.0000; 0.0000; 0.00; 0.00; 0.00; 0.00; 0.00; 0.00; 0.00; 0.00; 0.00; 0
50; 1.0000; 0.0000; 0.0000; 0.0000; 0.2772; 0.2737; 0.0011; 0.0800; 92572.80; 123.55; 8736.29; 92572.80; 123.55; 8736.29; 0.0000; 0.0000; 0.0000; 1.0000; 0.0000; 0.0000; 0.00; 0.00; 0.00; 0.00; 0.00; 0.00; 0.00; 0.00; 0.00; 0
51; 1.0000; 0.0000; 0.0000; 0.0000; 0.2772; 0.2728; 0.0012; 0.0820; 92434.38; 126.33; 8932.71; 92434.38; 126.33; 8932.71; 0.0000; 0.0000; 0.0000; 1.0000; 0.0000; 0.0000; 0.00; 0.00; 0.00; 0.00; 0.00; 0.00; 0.00; 0.00; 0.00; 0
52; 1.0000; 0.0000; 0.0000; 0.0000; 0.2772; 0.2742; 0.0011; 0.0796; 92351.18; 126.22; 8925.27; 92351.18; 126.22; 8925.27; 0.0000; 0.0000; 0.0000; 1.0000; 0.0000; 0.0000; 0.00; 0.00; 0.00; 0.00; 0.00; 0.00; 0.00; 0.00; 0.00; 0
53; 1.0000; 0.0000; 0.0000; 0.0000; 0.2772; 0.2736; 0.0012; 0.0820; 92511.50; 123.43; 8727.93; 92511.50; 123.43; 8727.93; 0.0000; 0.0000; 0.0000; 1.0000; 0.0000; 0.0000; 0.00; 0.00; 0.00; 0.00; 0.00; 0.00; 0.00; 0.00; 0.00; 0
54; 1.0000; 0.0000; 0.0000; 0.0000; 0.2772; 0.2728; 0.0011; 0.0811; 92300.81; 125.35; 8863.43; 92300.81; 125.35; 8863.43; 0.0000; 0.0000; 0.0000; 1.0000; 0.0000; 0.0000; 0.00; 0.00; 0.00; 0.00; 0.00; 0.00; 0.00; 0.00; 0.00; 0
55; 1.0000; 0.0000; 0.0000; 0.0000; 0.2772; 0.2734; 0.0012; 0.0816; 92445.57; 126.76; 8963.02; 92445.57; 126.76; 8963.02; 0.0000; 0.0000; 0.0000; 1.0000; 0.0000; 0.0000; 0.00; 0.00; 0.00; 0.00; 0.00; 0.00; 0.00; 0.00; 0.00; 0
56; 1.0000; 0.0000; 0.0000; 0.0000; 0.2772; 0.2735; 0.0011; 0.0805; 92564.80; 124.96; 8836.01; 92564.80; 124.96; 8836.01; 0.0000; 0.0000; 0.0000; 1.0000; 0.0000; 0.0000; 0.00; 0.00; 0.00; 0.00; 0.00; 0.00; 0.00; 0.00; 0.00; 0
57; 1.0000; 0.0000; 0.0000; 0.0000; 0.2772; 0.2748; 0.0011; 0.0798; 92458.92; 124.51; 8804.25; 92458.92; 124.51; 8804.25; 0.0000; 0.0000; 0.0000; 1.0000; 0.0000; 0.0000; 0.00; 0.00; 0.00; 0.00; 0.00; 0.00; 0.00; 0.00; 0.00; 0
58; 1.0000; 0.0000; 0.0000; 0.0000; 0.2772; 0.2746; 0.0011; 0.0799; 92625.31; 125.77; 8893.02; 92625.31; 125.77; 8893.02; 0.0000; 0.0000; 0.0000; 1.0000; 0.0000; 0.0000; 0.00; 0.00; 0.00; 0.00; 0.00; 0.00; 0.00; 0.00; 0.00; 0
59; 1.0000; 0.0000; 0.0000; 0.0000; 0.2772; 0.2739; 0.0011; 0.0808; 92339.02; 126.24; 8926.76; 92339.02; 126.24; 8926.76; 0.0000; 0.0000; 0.0000; 1.0000; 0.0000; 0.0000; 0.00; 0.00; 0.00; 0.00; 0.00; 0.00; 0.00; 0.00; 0.00; 0
60; 1.0000; 0.0000; 0.0000; 0.0000; 0.2772; 0.2733; 0.0011; 0.0806; 92533.55; 124.97; 8836.96; 92533.55; 124.97; 8836.96; 0.0000; 0.0000; 0.0000; 1.0000; 0.0000; 0.0000; 0.00; 0.00; 0.00; 0.00; 0.00; 0.00; 0.00; 0.00; 0.00; 0
61; 1.0000; 0.0000; 0.0000; 0.0000; 0.2772; 0.2736; 0.0011; 0.0796; 92246.28; 126.07; 8914.38; 92246.28; 126.07; 8914.38; 0.0000; 0.0000; 0.0000; 1.0000; 0.0000; 0.0000; 0.00; 0.00; 0.00; 0.00; 0.00; 0.00; 0.00; 0.00; 0.00; 0
62; 1.0000; 0.0000; 0.0000; 0.0000; 0.2772; 0.2752; 0.0011; 0.0811; 92614.27; 126.23; 8925.69; 92614.27; 126.23; 8925.69; 0.0000; 0.0000; 0.0000; 1.0000; 0.0000; 0.0000; 0.00; 0.00; 0.00; 0.00; 0.00; 0.00; 0.00; 0.00; 0.00; 0
63; 1.0000; 0.0000; 0.0000; 0.0000; 0.2772; 0.2740; 0.0012; 0.0818; 92255.24; 127.05; 8984.09; 92255.24; 127.05; 8984.09; 0.0000; 0.0000; 0.0000; 1.0000; 0.0000; 0.0000; 0.00; 0.00; 0.00; 0.00; 0.00; 0.00; 0.00; 0.00; 0.00; 0
64; 1.0000; 0.0000; 0.0000; 0.0000; 0.2772; 0.2752; 0.0011; 0.0793; 92375.92; 126.37; 8935.75; 92375.92; 126.37; 8935.75; 0.0000; 0.0000; 0.0000; 1.0000; 0.0000; 0.0000; 0.00; 0.00; 0.00; 0.00; 0.00; 0.00; 0.00; 0.00; 0.00; 0
65; 1.0000; 0.0000; 0.0000; 0.0000; 0.2772; 0.2740; 0.0012; 0.0819; 92603.45; 126.12; 8918.20; 92603.45; 126.12; 8918.20; 0.0000; 0.0000; 0.0000; 1.0000; 0.0000; 0.0000; 0.00; 0.00; 0.00; 0.00; 0.00; 0.00; 0.00; 0.00; 0.00; 0
66; 1.0000; 0.0000; 0.0000; 0.0000; 0.2772; 0.2727; 0.0011; 0.0810; 92322.28; 126.58; 8950.30; 92322.28; 126.58; 8950.30; 0.0000; 0.0000; 0.0000; 1.0000; 0.0000; 0.0000; 0.00; 0.00; 0.00; 0.00; 0.00; 0.00; 0.00; 0.00; 0.00; 0
67; 1.0000; 0.0000; 0.0000; 0.0000; 0.2772; 0.2730; 0.0011; 0.0811; 92248.41; 127.15; 8990.94; 92248.41; 127.15; 8990.94; 0.0000; 0.0000; 0.0000; 1.0000; 0.0000; 0.0000; 0.00; 0.00; 0.00; 0.00; 0.00; 0.00; 0.00; 0.00; 0.00; 0
68; 1.0000; 0.0000; 0.0000; 0.0000; 0.2772; 0.2753; 0.0011; 0.0812; 92401.56; 127.55; 9018.86; 92401.56; 127.55; 9018.86; 0.0000; 0.0000; 0.0000; 1.0000; 0.0000; 0.0000; 0.00; 0.00; 0.00; 0.00; 0.00; 0.00; 0.00; 0.00; 0.00; 0
69; 1.0000; 0.0000; 0.0000; 0.0000; 0.2772; 0.2732; 0.0011; 0.0806; 92495.11; 124.17; 8779.80; 92495.11; 124.17; 8779.80; 0.0000; 0.0000; 0.0000; 1.0000; 0.0000; 0.0000; 0.00; 0.00; 0.00; 0.00; 0.00; 0.00; 0.00; 0.00; 0.00; 0
70; 1.0000; 0.0000; 0.0000; 0.0000; 0.2772; 0.2735; 0.0011; 0.0808; 92447.24; 126.18; 8922.33; 92447.24; 126.18; 8922.33; 0.0000; 0.0000; 0.0000; 1.0000; 0.0000; 0.0000; 0.00; 0.00; 0.00; 0.00; 0.00; 0.00; 0.00; 0.00; 0.00; 0
71; 1.0000; 0.0000; 0.0000; 0.0000; 0.2772; 0.2740; 0.0012; 0.0817; 92431.18; 126.64; 8954.82; 92431.18; 126.64; 8954.82; 0.0000; 0.0000; 0.0000; 1.0000; 0.0000; 0.0000; 0.00; 0.00; 0.00; 0.00; 0.00; 0.00; 0.00; 0.00; 0.00; 0
72; 1.0000; 0.0000; 0.0000; 0.0000; 0.2772; 0.2736; 0.0011; 0.0812; 92528.97; 125.53; 8876.39; 92528.97; 125.53; 8876.39; 0.0000; 0.0000; 0.0000; 1.0000; 0.0000; 0.0000; 0.00; 0.00; 0.00; 0.00; 0.00; 0.00; 0.00; 0.00; 0.00; 0
73; 1.0000; 0.0000; 0.0000; 0.0000; 0.2772; 0.2743; 0.0011; 0.0808; 92417.60; 125.21; 8853.98; 92417.60; 125.21; 8853.98; 0.0000; 0.0000; 0.0000; 1.0000; 0.0000; 0.0000; 0.00; 0.00; 0.00; 0.00; 0.00; 0.00; 0.00; 0.00; 0.00; 0
74; 1.0000; 0.0000; 0.0000; 0.0000; 0.2772; 0.2728; 0.0011; 0.0801; 92526.09; 127.71; 9030.24; 92526.09; 127.71; 9030.24; 0.0000; 0.0000; 0.0000; 1.0000; 0.0000; 0.0000; 0.00; 0.00; 0.00; 0.00; 0.00; 0.00; 0.00; 0.00; 0.00; 0
75; 1.0000; 0.0000; 0.0000; 0.0000; 0.2772; 0.2747; 0.0011; 0.0809; 92378.29; 127.21; 8995.37; 92378.29; 127.21; 8995.37; 0.0000; 0.0000; 0.0000; 1.0000; 0.0000; 0.0000; 0.00; 0.00; 0.00; 0.00; 0.00; 0.00; 0.00; 0.00; 0.00; 0
76; 1.0000; 0.0000; 0.0000; 0.0000; 0.2772; 0.2743; 0.0011; 0.0798; 92537.05; 126.03; 8911.50; 92537.05; 126.03; 8911.50; 0.0000; 0.0000; 0.0000; 1.0000; 0.0000; 0.0000; 0.00; 0.00; 0.00; 0.00; 0.00; 0.00; 0.00; 0.00; 0.00; 0
77; 1.0000; 0.0000; 0.0000; 0.0000; 0.2772; 0.2741; 0.0011; 0.0794; 92389.95; 126.90; 8973.01; 92389.95; 126.90; 8973.01; 0.0000; 0.0000; 0.0000; 1.0000; 0.0000; 0.0000; 0.00; 0.00; 0.00; 0.00; 0.00; 0.00; 0.00; 0.00; 0.00; 0
78; 1.0000; 0.0000; 0.0000; 0.0000; 0.2772; 0.2719; 0.0011; 0.0809; 92337.62; 127.35; 9004.69; 92337.62; 127.35; 9004.69; 0.0000; 0.0000; 0.0000; 1.0000; 0.0000; 0.0000; 0.00; 0.00; 0.00; 0.00; 0.00; 0.00; 0.00; 0.00; 0.00; 0
79; 1.0000; 0.0000; 0.0000; 0.0000; 0.2772; 0.2728; 0.0012; 0.0817; 92675.65; 125.43; 8868.97; 92675.65; 125.43; 8868.97; 0.0000; 0.0000; 0.0000; 1.0000; 0.0000; 0.0000; 0.00; 0.00; 0.00; 0.00; 0.00; 0.00; 0.00; 0.00; 0.00; 0
80; 1.0000; 0.0000; 0.0000; 0.0000; 0.2772; 0.2724; 0.0012; 0.0825; 92616.24; 126.21; 8924.67; 92616.24; 126.21; 8924.67; 0.0000; 0.0000; 0.0000; 1.0000; 0.0000; 0.0000; 0.00; 0.00; 0.00; 0.00; 0.00; 0.00; 0.00; 0.00; 0.00; 0
81; 1.0000; 0.0000; 0.0000; 0.0000; 0.2772; 0.2752; 0.0011; 0.0802; 92561.35; 125.36; 8864.27; 92561.35; 125.36; 8864.27; 0.0000; 0.0000; 0.0000; 1.0000; 0.0000; 0.0000; 0.00; 0.00; 0.00; 0.00; 0.00; 0.00; 0.00; 0.00; 0.00; 0
82; 1.0000; 0.0000; 0.0000; 0.0000; 0.2772; 0.2742; 0.0011; 0.0798; 92364.11; 126.61; 8952.72; 92364.11; 126.61; 8952.72; 0.0000; 0.0000; 0.0000; 1.0000; 0.0000; 0.0000; 0.00; 0.00; 0.00; 0.00; 0.00; 0.00; 0.00; 0.00; 0.00; 0
83; 1.0000; 0.0000; 0.0000; 0.0000; 0.2772; 0.2753; 0.0011; 0.0802; 92300.29; 124.87; 8829.98; 92300.29; 124.87; 8829.98; 0.0000; 0.0000; 0.0000; 1.0000; 0.0000; 0.0000; 0.00; 0.00; 0.00; 0.00; 0.00; 0.00; 0.00; 0.00; 0.00; 0
84; 1.0000; 0.0000; 0.0000; 0.0000; 0.2772; 0.2747; 0.0011; 0.0808; 92336.61; 125.80; 8895.10; 92336.61; 125.80; 8895.10; 0.0000; 0.0000; 0.0000; 1.0000; 0.0000; 0.0000; 0.00; 0.00; 0.00; 0.00; 0.00; 0.00; 0.00; 0.00; 0.00; 0
85; 1.0000; 0.0000; 0.0000; 0.0000; 0.2772; 0.2738; 0.0011; 0.0808; 92267.40; 126.37; 8935.66; 92267.40; 126.37; 8935.66; 0.0000; 0.0000; 0.0000; 1.0000; 0.0000; 0.0000; 0.00; 0.00; 0.00; 0.00; 0.00; 0.00; 0.00; 0.00; 0.00; 0
86; 1.0000; 0.0000; 0.0000; 0.0000; 0.2772; 0.2727; 0.0011; 0.0813; 92332.13; 125.54; 8876.68; 92332.13; 125.54; 8876.68; 0.0000; 0.0000; 0.0000; 1.0000; 0.0000; 0.0000; 0.00; 0.00; 0.00; 0.00; 0.00; 0.00; 0.00; 0.00; 0.00; 0
87; 1.0000; 0.0000; 0.0000; 0.0000; 0.2772; 0.2736; 0.0012; 0.0822; 92523.29; 125.72; 8890.07; 92523.29; 125.72; 8890.07; 0.0000; 0.0000; 0.0000; 1.0000; 0.0000; 0.0000; 0.00; 0.00; 0.00; 0.00; 0.00; 0.00; 0.00; 0.00; 0.00; 0
88; 1.0000; 0.0000; 0.0000; 0.0000; 0.2772; 0.2720; 0.0011; 0.0806; 92483.48; 124.24; 8785.06; 92483.48; 124.24; 8785.06; 0.0000; 0.0000; 0.0000; 1.0000; 0.0000; 0.0000; 0.00; 0.00; 0.00; 0.00; 0.00; 0.00; 0.00; 0.00; 0.00; 0
89; 1.0000; 0.0000; 0.0000; 0.0000; 0.2772; 0.2723; 0.0012; 0.0816; 92492.17; 127.32; 9002.55; 92492.17; 127.32; 9002.55; 0.0000; 0.0000; 0.0000; 1.0000; 0.0000; 0.0000; 0.00; 0.00; 0.00; 0.00; 0.00; 0.00; 0.00; 0.00; 0.00; 0
90; 1.0000; 0.0000; 0.0000; 0.0000; 0.2772; 0.2746; 0.0011; 0.0813; 92189.70; 125.68; 8887.20; 92189.70; 125.68; 8887.20; 0.0000; 0.0000; 0.0000; 1.0000; 0.0000; 0.0000; 0.00; 0.00; 0.00; 0.00; 0.00; 0.00; 0.00; 0.00; 0.00; 0
91; 1.0000; 0.0000; 0.0000; 0.0000; 0.2772; 0.2731; 0.0011; 0.0801; 92339.44; 124.69; 8816.99; 92339.44; 124.69; 8816.99; 0.0000; 0.0000; 0.0000; 1.0000; 0.0000; 0.0000; 0.00; 0.00; 0.00; 0.00; 0.00; 0.00; 0.00; 0.00; 0.00; 0
92; 1.0000; 0.0000; 0.0000; 0.0000; 0.2772; 0.2738; 0.0011; 0.0806; 92387.30; 126.57; 8949.50; 92387.30; 126.57; 8949.50; 0.0000; 0.0000; 0.0000; 1.0000; 0.0000; 0.0000; 0.00; 0.00; 0.00; 0.00; 0.00; 0.00; 0.00; 0.00; 0.00; 0
93; 1.0000; 0.0000; 0.0000; 0.0000; 0.2772; 0.2725; 0.0012; 0.0814; 92068.69; 125.65; 8884.70; 92068.69; 125.65; 8884.70; 0.0000; 0.0000; 0.0000; 1.0000; 0.0000; 0.0000; 0.00; 0.00; 0.00; 0.00; 0.00; 0.00; 0.00; 0.00; 0.00; 0
94; 1.0000; 0.0000; 0.0000; 0.0000; 0.2772; 0.2748; 0.0011; 0.0808; 92358.89; 124.49; 8802.76; 92358.89; 124.49; 8802.76; 0.0000; 0.0000; 0.0000; 1.0000; 0.0000; 0.0000; 0.00; 0.00; 0.00; 0.00; 0.00; 0.00; 0.00; 0.00; 0.00; 0
95; 1.0000; 0.0000; 0.0000; 0.0000; 0.2772; 0.2747; 0.0011; 0.0805; 92276.26; 127.74; 9032.72; 92276.26; 127.74; 9032.72; 0.0000; 0.0000; 0.0000; 1.0000; 0.0000; 0.0000; 0.00; 0.00; 0.00; 0.00; 0.00; 0.00; 0.00; 0.00; 0.00; 0
96; 1.0000; 0.0000; 0.0000; 0.0000; 0.2772; 0.2720; 0.0012; 0.0820; 92327.99; 126.56; 8949.19; 92327.99; 126.56; 8949.19; 0.0000; 0.0000; 0.0000; 1.0000; 0.0000; 0.0000; 0.00; 0.00; 0.00; 0.00; 0.00; 0.00; 0.00; 0.00; 0.00; 0
97; 1.0000; 0.0000; 0.0000; 0.0000; 0.2772; 0.2731; 0.0011; 0.0800; 92446.33; 125.10; 8845.70; 92446.33; 125.10; 8845.70; 0.0000; 0.0000; 0.0000; 1.0000; 0.0000; 0.0000; 0.00; 0.00; 0.00; 0.00; 0.00; 0.00; 0.00; 0.00; 0.00; 0
98; 1.0000; 0.0000; 0.0000; 0.0000; 0.2772; 0.2734; 0.0012; 0.0817; 92506.49; 126.26; 8927.80; 92506.49; 126.26; 8927.80; 0.0000; 0.0000; 0.0000; 1.0000; 0.0000; 0.0000; 0.00; 0.00; 0.00; 0.00; 0.00; 0.00; 0.00; 0.00; 0.00; 0
99; 1.0000; 0.0000; 0.0000; 0.0000; 0.2772; 0.2721; 0.0012; 0.0816; 92563.59; 127.10; 8987.48; 92563.59; 127.10; 8987.48; 0.0000; 0.0000; 0.0000; 1.0000; 0.0000; 0.0000; 0.00; 0.00; 0.00; 0.00; 0.00; 0.00; 0.00; 0.00; 0.00; 0
100; 1.0000; 0.0000; 0.0000; 0.0000; 0.2772; 0.2756; 0.0011; 0.0807; 92230.43; 127.08; 8985.65; 92230.43; 127.08; 8985.65; 0.0000; 0.0000; 0.0000; 1.0000; 0.0000; 0.0000; 0.00; 0.00; 0.00; 0.00; 0.00; 0.00; 0.00; 0.00; 0.00; 0
