    Year (Census)
    Proportion of populations extant, SE
    Proportion of populations going extinct for the first time in year, SE
    Deterministic growth, Stochastic growth, SE, SD
    Mean population size (across extant populations), SE, SD
    Mean population size (across all populations), SE, SD
    Population-based model: No genetic data (12 skipped fields)



    Mean time to extinction, SE, SD
    Median time to extinction
Year;PExtant;SE(PExtant);PExtinct;SE(PExtinct);det-r;stoch-r;SE(r);SD(r);N-extant;SE(N-extant);SD(N-extant);N-all;SE(N-all);SD(N-all);GeneDiv;SE(GD);SD(GD);Inbreed;SE(Inbr);SD(Inbr);nAlleles;SE(nAlleles);SD(nAlleles);nLethals;SE(nLethals);SD(nLethals);TE;SE(TE);SD(TE);medianTE
Default Scenario
Population 1: Population1
0; 1.0000; 0.0000; 0.0000; 0.0000; 0.2978;      0;      0;      0; 14714.00; 0.00; 0.00; 14714.00; 0.00; 0.00; 0.0000; 0.0000; 0.0000; 1.0000; 0.0000; 0.0000; 0.00; 0.00; 0.00; 0.00; 0.00; 0.00; 0.00; 0.00; 0.00; 0
1; 1.0000; 0.0000; 0.0000; 0.0000; 0.2978; 0.2939; 0.0011; 0.0777; 14733.26; 20.18; 1426.85; 14733.26; 20.18; 1426.85; 0.0000; 0.0000; 0.0000; 1.0000; 0.0000; 0.0000; 0.00; 0.00; 0.00; 0.00; 0.00; 0.00; 0.00; 0.00; 0.00; 0
2; 1.0000; 0.0000; 0.0000; 0.0000; 0.2978; 0.2922; 0.0011; 0.0790; 14677.27; 20.01; 1414.95; 14677.27; 20.01; 1414.95; 0.0000; 0.0000; 0.0000; 1.0000; 0.0000; 0.0000; 0.00; 0.00; 0.00; 0.00; 0.00; 0.00; 0.00; 0.00; 0.00; 0
3; 1.0000; 0.0000; 0.0000; 0.0000; 0.2978; 0.2902; 0.0011; 0.0791; 14671.57; 20.30; 1435.24; 14671.57; 20.30; 1435.24; 0.0000; 0.0000; 0.0000; 1.0000; 0.0000; 0.0000; 0.00; 0.00; 0.00; 0.00; 0.00; 0.00; 0.00; 0.00; 0.00; 0
4; 1.0000; 0.0000; 0.0000; 0.0000; 0.2978; 0.2925; 0.0011; 0.0782; 14646.39; 20.29; 1434.48; 14646.39; 20.29; 1434.48; 0.0000; 0.0000; 0.0000; 1.0000; 0.0000; 0.0000; 0.00; 0.00; 0.00; 0.00; 0.00; 0.00; 0.00; 0.00; 0.00; 0
5; 1.0000; 0.0000; 0.0000; 0.0000; 0.2978; 0.2903; 0.0011; 0.0787; 14658.41; 20.06; 1418.76; 14658.41; 20.06; 1418.76; 0.0000; 0.0000; 0.0000; 1.0000; 0.0000; 0.0000; 0.00; 0.00; 0.00; 0.00; 0.00; 0.00; 0.00; 0.00; 0.00; 0
6; 1.0000; 0.0000; 0.0000; 0.0000; 0.2978; 0.2912; 0.0011; 0.0790; 14675.18; 20.03; 1416.63; 14675.18; 20.03; 1416.63; 0.0000; 0.0000; 0.0000; 1.0000; 0.0000; 0.0000; 0.00; 0.00; 0.00; 0.00; 0.00; 0.00; 0.00; 0.00; 0.00; 0
7; 1.0000; 0.0000; 0.0000; 0.0000; 0.2978; 0.2918; 0.0011; 0.0802; 14665.53; 20.16; 1425.56; 14665.53; 20.16; 1425.56; 0.0000; 0.0000; 0.0000; 1.0000; 0.0000; 0.0000; 0.00; 0.00; 0.00; 0.00; 0.00; 0.00; 0.00; 0.00; 0.00; 0
8; 1.0000; 0.0000; 0.0000; 0.0000; 0.2978; 0.2911; 0.0011; 0.0784; 14678.30; 19.80; 1400.41; 14678.30; 19.80; 1400.41; 0.0000; 0.0000; 0.0000; 1.0000; 0.0000; 0.0000; 0.00; 0.00; 0.00; 0.00; 0.00; 0.00; 0.00; 0.00; 0.00; 0
9; 1.0000; 0.0000; 0.0000; 0.0000; 0.2978; 0.2913; 0.0011; 0.0785; 14678.01; 20.26; 1432.29; 14678.01; 20.26; 1432.29; 0.0000; 0.0000; 0.0000; 1.0000; 0.0000; 0.0000; 0.00; 0.00; 0.00; 0.00; 0.00; 0.00; 0.00; 0.00; 0.00; 0
10; 1.0000; 0.0000; 0.0000; 0.0000; 0.2978; 0.2910; 0.0011; 0.0787; 14675.05; 19.84; 1402.88; 14675.05; 19.84; 1402.88; 0.0000; 0.0000; 0.0000; 1.0000; 0.0000; 0.0000; 0.00; 0.00; 0.00; 0.00; 0.00; 0.00; 0.00; 0.00; 0.00; 0
11; 1.0000; 0.0000; 0.0000; 0.0000; 0.2978; 0.2907; 0.0011; 0.0785; 14686.35; 20.40; 1442.66; 14686.35; 20.40; 1442.66; 0.0000; 0.0000; 0.0000; 1.0000; 0.0000; 0.0000; 0.00; 0.00; 0.00; 0.00; 0.00; 0.00; 0.00; 0.00; 0.00; 0
12; 1.0000; 0.0000; 0.0000; 0.0000; 0.2978; 0.2913; 0.0011; 0.0795; 14693.92; 19.43; 1373.62; 14693.92; 19.43; 1373.62; 0.0000; 0.0000; 0.0000; 1.0000; 0.0000; 0.0000; 0.00; 0.00; 0.00; 0.00; 0.00; 0.00; 0.00; 0.00; 0.00; 0
13; 1.0000; 0.0000; 0.0000; 0.0000; 0.2978; 0.2899; 0.0011; 0.0782; 14669.07; 20.10; 1421.05; 14669.07; 20.10; 1421.05; 0.0000; 0.0000; 0.0000; 1.0000; 0.0000; 0.0000; 0.00; 0.00; 0.00; 0.00; 0.00; 0.00; 0.00; 0.00; 0.00; 0
14; 1.0000; 0.0000; 0.0000; 0.0000; 0.2978; 0.2915; 0.0011; 0.0794; 14689.01; 19.86; 1404.33; 14689.01; 19.86; 1404.33; 0.0000; 0.0000; 0.0000; 1.0000; 0.0000; 0.0000; 0.00; 0.00; 0.00; 0.00; 0.00; 0.00; 0.00; 0.00; 0.00; 0
15; 1.0000; 0.0000; 0.0000; 0.0000; 0.2978; 0.2878; 0.0011; 0.0786; 14675.07; 19.97; 1412.26; 14675.07; 19.97; 1412.26; 0.0000; 0.0000; 0.0000; 1.0000; 0.0000; 0.0000; 0.00; 0.00; 0.00; 0.00; 0.00; 0.00; 0.00; 0.00; 0.00; 0
16; 1.0000; 0.0000; 0.0000; 0.0000; 0.2978; 0.2928; 0.0011; 0.0793; 14677.43; 20.16; 1425.66; 14677.43; 20.16; 1425.66; 0.0000; 0.0000; 0.0000; 1.0000; 0.0000; 0.0000; 0.00; 0.00; 0.00; 0.00; 0.00; 0.00; 0.00; 0.00; 0.00; 0
17; 1.0000; 0.0000; 0.0000; 0.0000; 0.2978; 0.2919; 0.0011; 0.0807; 14631.64; 20.29; 1434.95; 14631.64; 20.29; 1434.95; 0.0000; 0.0000; 0.0000; 1.0000; 0.0000; 0.0000; 0.00; 0.00; 0.00; 0.00; 0.00; 0.00; 0.00; 0.00; 0.00; 0
18; 1.0000; 0.0000; 0.0000; 0.0000; 0.2978; 0.2914; 0.0011; 0.0810; 14645.96; 20.13; 1423.72; 14645.96; 20.13; 1423.72; 0.0000; 0.0000; 0.0000; 1.0000; 0.0000; 0.0000; 0.00; 0.00; 0.00; 0.00; 0.00; 0.00; 0.00; 0.00; 0.00; 0
19; 1.0000; 0.0000; 0.0000; 0.0000; 0.2978; 0.2922; 0.0011; 0.0807; 14672.30; 20.14; 1424.40; 14672.30; 20.14; 1424.40; 0.0000; 0.0000; 0.0000; 1.0000; 0.0000; 0.0000; 0.00; 0.00; 0.00; 0.00; 0.00; 0.00; 0.00; 0.00; 0.00; 0
20; 1.0000; 0.0000; 0.0000; 0.0000; 0.2978; 0.2911; 0.0011; 0.0795; 14662.25; 20.16; 1425.31; 14662.25; 20.16; 1425.31; 0.0000; 0.0000; 0.0000; 1.0000; 0.0000; 0.0000; 0.00; 0.00; 0.00; 0.00; 0.00; 0.00; 0.00; 0.00; 0.00; 0
21; 1.0000; 0.0000; 0.0000; 0.0000; 0.2978; 0.2900; 0.0011; 0.0787; 14681.80; 20.00; 1414.42; 14681.80; 20.00; 1414.42; 0.0000; 0.0000; 0.0000; 1.0000; 0.0000; 0.0000; 0.00; 0.00; 0.00; 0.00; 0.00; 0.00; 0.00; 0.00; 0.00; 0
22; 1.0000; 0.0000; 0.0000; 0.0000; 0.2978; 0.2918; 0.0011; 0.0804; 14687.56; 19.93; 1409.41; 14687.56; 19.93; 1409.41; 0.0000; 0.0000; 0.0000; 1.0000; 0.0000; 0.0000; 0.00; 0.00; 0.00; 0.00; 0.00; 0.00; 0.00; 0.00; 0.00; 0
23; 1.0000; 0.0000; 0.0000; 0.0000; 0.2978; 0.2914; 0.0011; 0.0787; 14683.33; 19.81; 1400.80; 14683.33; 19.81; 1400.80; 0.0000; 0.0000; 0.0000; 1.0000; 0.0000; 0.0000; 0.00; 0.00; 0.00; 0.00; 0.00; 0.00; 0.00; 0.00; 0.00; 0
24; 1.0000; 0.0000; 0.0000; 0.0000; 0.2978; 0.2917; 0.0011; 0.0791; 14650.45; 19.85; 1403.36; 14650.45; 19.85; 1403.36; 0.0000; 0.0000; 0.0000; 1.0000; 0.0000; 0.0000; 0.00; 0.00; 0.00; 0.00; 0.00; 0.00; 0.00; 0.00; 0.00; 0
25; 1.0000; 0.0000; 0.0000; 0.0000; 0.2978; 0.2907; 0.0012; 0.0817; 14681.03; 20.30; 1435.33; 14681.03; 20.30; 1435.33; 0.0000; 0.0000; 0.0000; 1.0000; 0.0000; 0.0000; 0.00; 0.00; 0.00; 0.00; 0.00; 0.00; 0.00; 0.00; 0.00; 0
26; 1.0000; 0.0000; 0.0000; 0.0000; 0.2978; 0.2901; 0.0011; 0.0794; 14721.80; 20.01; 1415.02; 14721.80; 20.01; 1415.02; 0.0000; 0.0000; 0.0000; 1.0000; 0.0000; 0.0000; 0.00; 0.00; 0.00; 0.00; 0.00; 0.00; 0.00; 0.00; 0.00; 0
27; 1.0000; 0.0000; 0.0000; 0.0000; 0.2978; 0.2907; 0.0011; 0.0785; 14656.61; 19.67; 1390.68; 14656.61; 19.67; 1390.68; 0.0000; 0.0000; 0.0000; 1.0000; 0.0000; 0.0000; 0.00; 0.00; 0.00; 0.00; 0.00; 0.00; 0.00; 0.00; 0.00; 0
28; 1.0000; 0.0000; 0.0000; 0.0000; 0.2978; 0.2927; 0.0011; 0.0771; 14676.93; 19.85; 1403.45; 14676.93; 19.85; 1403.45; 0.0000; 0.0000; 0.0000; 1.0000; 0.0000; 0.0000; 0.00; 0.00; 0.00; 0.00; 0.00; 0.00; 0.00; 0.00; 0.00; 0
29; 1.0000; 0.0000; 0.0000; 0.0000; 0.2978; 0.2886; 0.0011; 0.0802; 14653.94; 20.12; 1422.45; 14653.94; 20.12; 1422.45; 0.0000; 0.0000; 0.0000; 1.0000; 0.0000; 0.0000; 0.00; 0.00; 0.00; 0.00; 0.00; 0.00; 0.00; 0.00; 0.00; 0
30; 1.0000; 0.0000; 0.0000; 0.0000; 0.2978; 0.2918; 0.0011; 0.0795; 14664.49; 19.83; 1402.13; 14664.49; 19.83; 1402.13; 0.0000; 0.0000; 0.0000; 1.0000; 0.0000; 0.0000; 0.00; 0.00; 0.00; 0.00; 0.00; 0.00; 0.00; 0.00; 0.00; 0
31; 1.0000; 0.0000; 0.0000; 0.0000; 0.2978; 0.2892; 0.0011; 0.0802; 14744.84; 20.04; 1417.29; 14744.84; 20.04; 1417.29; 0.0000; 0.0000; 0.0000; 1.0000; 0.0000; 0.0000; 0.00; 0.00; 0.00; 0.00; 0.00; 0.00; 0.00; 0.00; 0.00; 0
32; 1.0000; 0.0000; 0.0000; 0.0000; 0.2978; 0.2943; 0.0011; 0.0787; 14665.70; 19.94; 1409.86; 14665.70; 19.94; 1409.86; 0.0000; 0.0000; 0.0000; 1.0000; 0.0000; 0.0000; 0.00; 0.00; 0.00; 0.00; 0.00; 0.00; 0.00; 0.00; 0.00; 0
33; 1.0000; 0.0000; 0.0000; 0.0000; 0.2978; 0.2899; 0.0011; 0.0804; 14680.36; 20.01; 1415.21; 14680.36; 20.01; 1415.21; 0.0000; 0.0000; 0.0000; 1.0000; 0.0000; 0.0000; 0.00; 0.00; 0.00; 0.00; 0.00; 0.00; 0.00; 0.00; 0.00; 0
34; 1.0000; 0.0000; 0.0000; 0.0000; 0.2978; 0.2914; 0.0011; 0.0790; 14648.02; 19.92; 1408.76; 14648.02; 19.92; 1408.76; 0.0000; 0.0000; 0.0000; 1.0000; 0.0000; 0.0000; 0.00; 0.00; 0.00; 0.00; 0.00; 0.00; 0.00; 0.00; 0.00; 0
35; 1.0000; 0.0000; 0.0000; 0.0000; 0.2978; 0.2909; 0.0011; 0.0795; 14675.67; 20.03; 1416.18; 14675.67; 20.03; 1416.18; 0.0000; 0.0000; 0.0000; 1.0000; 0.0000; 0.0000; 0.00; 0.00; 0.00; 0.00; 0.00; 0.00; 0.00; 0.00; 0.00; 0
36; 1.0000; 0.0000; 0.0000; 0.0000; 0.2978; 0.2904; 0.0011; 0.0797; 14675.77; 19.97; 1412.17; 14675.77; 19.97; 1412.17; 0.0000; 0.0000; 0.0000; 1.0000; 0.0000; 0.0000; 0.00; 0.00; 0.00; 0.00; 0.00; 0.00; 0.00; 0.00; 0.00; 0
37; 1.0000; 0.0000; 0.0000; 0.0000; 0.2978; 0.2929; 0.0011; 0.0794; 14640.42; 20.07; 1419.05; 14640.42; 20.07; 1419.05; 0.0000; 0.0000; 0.0000; 1.0000; 0.0000; 0.0000; 0.00; 0.00; 0.00; 0.00; 0.00; 0.00; 0.00; 0.00; 0.00; 0
38; 1.0000; 0.0000; 0.0000; 0.0000; 0.2978; 0.2941; 0.0011; 0.0777; 14681.77; 19.91; 1408.16; 14681.77; 19.91; 1408.16; 0.0000; 0.0000; 0.0000; 1.0000; 0.0000; 0.0000; 0.00; 0.00; 0.00; 0.00; 0.00; 0.00; 0.00; 0.00; 0.00; 0
39; 1.0000; 0.0000; 0.0000; 0.0000; 0.2978; 0.2897; 0.0011; 0.0795; 14650.46; 20.09; 1420.84; 14650.46; 20.09; 1420.84; 0.0000; 0.0000; 0.0000; 1.0000; 0.0000; 0.0000; 0.00; 0.00; 0.00; 0.00; 0.00; 0.00; 0.00; 0.00; 0.00; 0
40; 1.0000; 0.0000; 0.0000; 0.0000; 0.2978; 0.2905; 0.0011; 0.0788; 14684.44; 19.90; 1406.87; 14684.44; 19.90; 1406.87; 0.0000; 0.0000; 0.0000; 1.0000; 0.0000; 0.0000; 0.00; 0.00; 0.00; 0.00; 0.00; 0.00; 0.00; 0.00; 0.00; 0
41; 1.0000; 0.0000; 0.0000; 0.0000; 0.2978; 0.2926; 0.0011; 0.0766; 14668.52; 19.93; 1408.95; 14668.52; 19.93; 1408.95; 0.0000; 0.0000; 0.0000; 1.0000; 0.0000; 0.0000; 0.00; 0.00; 0.00; 0.00; 0.00; 0.00; 0.00; 0.00; 0.00; 0
42; 1.0000; 0.0000; 0.0000; 0.0000; 0.2978; 0.2910; 0.0011; 0.0789; 14671.96; 20.00; 1414.20; 14671.96; 20.00; 1414.20; 0.0000; 0.0000; 0.0000; 1.0000; 0.0000; 0.0000; 0.00; 0.00; 0.00; 0.00; 0.00; 0.00; 0.00; 0.00; 0.00; 0
43; 1.0000; 0.0000; 0.0000; 0.0000; 0.2978; 0.2919; 0.0011; 0.0798; 14681.53; 19.83; 1402.16; 14681.53; 19.83; 1402.16; 0.0000; 0.0000; 0.0000; 1.0000; 0.0000; 0.0000; 0.00; 0.00; 0.00; 0.00; 0.00; 0.00; 0.00; 0.00; 0.00; 0
44; 1.0000; 0.0000; 0.0000; 0.0000; 0.2978; 0.2916; 0.0011; 0.0798; 14670.58; 20.14; 1424.21; 14670.58; 20.14; 1424.21; 0.0000; 0.0000; 0.0000; 1.0000; 0.0000; 0.0000; 0.00; 0.00; 0.00; 0.00; 0.00; 0.00; 0.00; 0.00; 0.00; 0
45; 1.0000; 0.0000; 0.0000; 0.0000; 0.2978; 0.2923; 0.0011; 0.0797; 14651.04; 19.97; 1411.83; 14651.04; 19.97; 1411.83; 0.0000; 0.0000; 0.0000; 1.0000; 0.0000; 0.0000; 0.00; 0.00; 0.00; 0.00; 0.00; 0.00; 0.00; 0.00; 0.00; 0
46; 1.0000; 0.0000; 0.0000; 0.0000; 0.2978; 0.2909; 0.0011; 0.0800; 14644.49; 19.86; 1404.24; 14644.49; 19.86; 1404.24; 0.0000; 0.0000; 0.0000; 1.0000; 0.0000; 0.0000; 0.00; 0.00; 0.00; 0.00; 0.00; 0.00; 0.00; 0.00; 0.00; 0
47; 1.0000; 0.0000; 0.0000; 0.0000; 0.2978; 0.2913; 0.0011; 0.0795; 14662.78; 20.40; 1442.24; 14662.78; 20.40; 1442.24; 0.0000; 0.0000; 0.0000; 1.0000; 0.0000; 0.0000; 0.00; 0.00; 0.00; 0.00; 0.00; 0.00; 0.00; 0.00; 0.00; 0
48; 1.0000; 0.0000; 0.0000; 0.0000; 0.2978; 0.2912; 0.0011; 0.0795; 14708.49; 20.01; 1415.00; 14708.49; 20.01; 1415.00; 0.0000; 0.0000; 0.0000; 1.0000; 0.0000; 0.0000; 0.00; 0.00; 0.00; 0.00; 0.00; 0.00; 0.00; 0.00; 0.00; 0
49; 1.0000; 0.0000; 0.0000; 0.0000; 0.2978; 0.2908; 0.0011; 0.0788; 14688.39; 19.99; 1413.64; 14688.39; 19.99; 1413.64; 0.0000; 0.0000; 0.0000; 1.0000; 0.0000; 0.0000; 0.00; 0.00; 0.00; 0.00; 0.00; 0.00; 0.00; 0.00; 0.00; 0
50; 1.0000; 0.0000; 0.0000; 0.0000; 0.2978; 0.2901; 0.0011; 0.0777; 14708.94; 19.94; 1410.03; 14708.94; 19.94; 1410.03; 0.0000; 0.0000; 0.0000; 1.0000; 0.0000; 0.0000; 0.00; 0.00; 0.00; 0.00; 0.00; 0.00; 0.00; 0.00; 0.00; 0
51; 1.0000; 0.0000; 0.0000; 0.0000; 0.2978; 0.2904; 0.0011; 0.0806; 14683.30; 20.27; 1433.28; 14683.30; 20.27; 1433.28; 0.0000; 0.0000; 0.0000; 1.0000; 0.0000; 0.0000; 0.00; 0.00; 0.00; 0.00; 0.00; 0.00; 0.00; 0.00; 0.00; 0
52; 1.0000; 0.0000; 0.0000; 0.0000; 0.2978; 0.2899; 0.0011; 0.0791; 14682.43; 19.76; 1397.07; 14682.43; 19.76; 1397.07; 0.0000; 0.0000; 0.0000; 1.0000; 0.0000; 0.0000; 0.00; 0.00; 0.00; 0.00; 0.00; 0.00; 0.00; 0.00; 0.00; 0
53; 1.0000; 0.0000; 0.0000; 0.0000; 0.2978; 0.2918; 0.0011; 0.0787; 14688.74; 20.29; 1434.44; 14688.74; 20.29; 1434.44; 0.0000; 0.0000; 0.0000; 1.0000; 0.0000; 0.0000; 0.00; 0.00; 0.00; 0.00; 0.00; 0.00; 0.00; 0.00; 0.00; 0
54; 1.0000; 0.0000; 0.0000; 0.0000; 0.2978; 0.2908; 0.0011; 0.0792; 14664.78; 20.09; 1420.91; 14664.78; 20.09; 1420.91; 0.0000; 0.0000; 0.0000; 1.0000; 0.0000; 0.0000; 0.00; 0.00; 0.00; 0.00; 0.00; 0.00; 0.00; 0.00; 0.00; 0
55; 1.0000; 0.0000; 0.0000; 0.0000; 0.2978; 0.2904; 0.0011; 0.0803; 14640.97; 20.28; 1434.01; 14640.97; 20.28; 1434.01; 0.0000; 0.0000; 0.0000; 1.0000; 0.0000; 0.0000; 0.00; 0.00; 0.00; 0.00; 0.00; 0.00; 0.00; 0.00; 0.00; 0
56; 1.0000; 0.0000; 0.0000; 0.0000; 0.2978; 0.2892; 0.0011; 0.0804; 14700.69; 20.07; 1419.39; 14700.69; 20.07; 1419.39; 0.0000; 0.0000; 0.0000; 1.0000; 0.0000; 0.0000; 0.00; 0.00; 0.00; 0.00; 0.00; 0.00; 0.00; 0.00; 0.00; 0
57; 1.0000; 0.0000; 0.0000; 0.0000; 0.2978; 0.2911; 0.0011; 0.0795; 14657.67; 20.12; 1422.47; 14657.67; 20.12; 1422.47; 0.0000; 0.0000; 0.0000; 1.0000; 0.0000; 0.0000; 0.00; 0.00; 0.00; 0.00; 0.00; 0.00; 0.00; 0.00; 0.00; 0
58; 1.0000; 0.0000; 0.0000; 0.0000; 0.2978; 0.2887; 0.0011; 0.0792; 14696.00; 19.76; 1397.02; 14696.00; 19.76; 1397.02; 0.0000; 0.0000; 0.0000; 1.0000; 0.0000; 0.0000; 0.00; 0.00; 0.00; 0.00; 0.00; 0.00; 0.00; 0.00; 0.00; 0
59; 1.0000; 0.0000; 0.0000; 0.0000; 0.2978; 0.2918; 0.0011; 0.0781; 14645.70; 20.29; 1434.54; 14645.70; 20.29; 1434.54; 0.0000; 0.0000; 0.0000; 1.0000; 0.0000; 0.0000; 0.00; 0.00; 0.00; 0.00; 0.00; 0.00; 0.00; 0.00; 0.00; 0
60; 1.0000; 0.0000; 0.0000; 0.0000; 0.2978; 0.2916; 0.0011; 0.0796; 14674.91; 20.05; 1418.04; 14674.91; 20.05; 1418.04; 0.0000; 0.0000; 0.0000; 1.0000; 0.0000; 0.0000; 0.00; 0.00; 0.00; 0.00; 0.00; 0.00; 0.00; 0.00; 0.00; 0
61; 1.0000; 0.0000; 0.0000; 0.0000; 0.2978; 0.2912; 0.0011; 0.0791; 14658.00; 20.02; 1415.31; 14658.00; 20.02; 1415.31; 0.0000; 0.0000; 0.0000; 1.0000; 0.0000; 0.0000; 0.00; 0.00; 0.00; 0.00; 0.00; 0.00; 0.00; 0.00; 0.00; 0
62; 1.0000; 0.0000; 0.0000; 0.0000; 0.2978; 0.2918; 0.0011; 0.0787; 14671.25; 20.15; 1424.64; 14671.25; 20.15; 1424.64; 0.0000; 0.0000; 0.0000; 1.0000; 0.0000; 0.0000; 0.00; 0.00; 0.00; 0.00; 0.00; 0.00; 0.00; 0.00; 0.00; 0
63; 1.0000; 0.0000; 0.0000; 0.0000; 0.2978; 0.2909; 0.0011; 0.0785; 14695.78; 20.04; 1417.29; 14695.78; 20.04; 1417.29; 0.0000; 0.0000; 0.0000; 1.0000; 0.0000; 0.0000; 0.00; 0.00; 0.00; 0.00; 0.00; 0.00; 0.00; 0.00; 0.00; 0
64; 1.0000; 0.0000; 0.0000; 0.0000; 0.2978; 0.2907; 0.0011; 0.0775; 14652.49; 20.27; 1433.56; 14652.49; 20.27; 1433.56; 0.0000; 0.0000; 0.0000; 1.0000; 0.0000; 0.0000; 0.00; 0.00; 0.00; 0.00; 0.00; 0.00; 0.00; 0.00; 0.00; 0
65; 1.0000; 0.0000; 0.0000; 0.0000; 0.2978; 0.2909; 0.0011; 0.0802; 14675.50; 19.84; 1403.19; 14675.50; 19.84; 1403.19; 0.0000; 0.0000; 0.0000; 1.0000; 0.0000; 0.0000; 0.00; 0.00; 0.00; 0.00; 0.00; 0.00; 0.00; 0.00; 0.00; 0
66; 1.0000; 0.0000; 0.0000; 0.0000; 0.2978; 0.2932; 0.0011; 0.0797; 14638.14; 20.10; 1421.06; 14638.14; 20.10; 1421.06; 0.0000; 0.0000; 0.0000; 1.0000; 0.0000; 0.0000; 0.00; 0.00; 0.00; 0.00; 0.00; 0.00; 0.00; 0.00; 0.00; 0
67; 1.0000; 0.0000; 0.0000; 0.0000; 0.2978; 0.2911; 0.0011; 0.0799; 14697.97; 19.95; 1410.65; 14697.97; 19.95; 1410.65; 0.0000; 0.0000; 0.0000; 1.0000; 0.0000; 0.0000; 0.00; 0.00; 0.00; 0.00; 0.00; 0.00; 0.00; 0.00; 0.00; 0
68; 1.0000; 0.0000; 0.0000; 0.0000; 0.2978; 0.2912; 0.0011; 0.0789; 14632.61; 20.43; 1444.73; 14632.61; 20.43; 1444.73; 0.0000; 0.0000; 0.0000; 1.0000; 0.0000; 0.0000; 0.00; 0.00; 0.00; 0.00; 0.00; 0.00; 0.00; 0.00; 0.00; 0
69; 1.0000; 0.0000; 0.0000; 0.0000; 0.2978; 0.2903; 0.0011; 0.0776; 14662.93; 20.17; 1426.23; 14662.93; 20.17; 1426.23; 0.0000; 0.0000; 0.0000; 1.0000; 0.0000; 0.0000; 0.00; 0.00; 0.00; 0.00; 0.00; 0.00; 0.00; 0.00; 0.00; 0
70; 1.0000; 0.0000; 0.0000; 0.0000; 0.2978; 0.2914; 0.0011; 0.0789; 14645.36; 20.09; 1420.46; 14645.36; 20.09; 1420.46; 0.0000; 0.0000; 0.0000; 1.0000; 0.0000; 0.0000; 0.00; 0.00; 0.00; 0.00; 0.00; 0.00; 0.00; 0.00; 0.00; 0
71; 1.0000; 0.0000; 0.0000; 0.0000; 0.2978; 0.2912; 0.0011; 0.0798; 14636.20; 19.89; 1406.12; 14636.20; 19.89; 1406.12; 0.0000; 0.0000; 0.0000; 1.0000; 0.0000; 0.0000; 0.00; 0.00; 0.00; 0.00; 0.00; 0.00; 0.00; 0.00; 0.00; 0
72; 1.0000; 0.0000; 0.0000; 0.0000; 0.2978; 0.2936; 0.0011; 0.0788; 14665.43; 20.29; 1435.05; 14665.43; 20.29; 1435.05; 0.0000; 0.0000; 0.0000; 1.0000; 0.0000; 0.0000; 0.00; 0.00; 0.00; 0.00; 0.00; 0.00; 0.00; 0.00; 0.00; 0
73; 1.0000; 0.0000; 0.0000; 0.0000; 0.2978; 0.2925; 0.0011; 0.0785; 14633.51; 20.19; 1427.97; 14633.51; 20.19; 1427.97; 0.0000; 0.0000; 0.0000; 1.0000; 0.0000; 0.0000; 0.00; 0.00; 0.00; 0.00; 0.00; 0.00; 0.00; 0.00; 0.00; 0
74; 1.0000; 0.0000; 0.0000; 0.0000; 0.2978; 0.2901; 0.0011; 0.0793; 14656.36; 20.16; 1425.27; 14656.36; 20.16; 1425.27; 0.0000; 0.0000; 0.0000; 1.0000; 0.0000; 0.0000; 0.00; 0.00; 0.00; 0.00; 0.00; 0.00; 0.00; 0.00; 0.00; 0
75; 1.0000; 0.0000; 0.0000; 0.0000; 0.2978; 0.2908; 0.0011; 0.0797; 14666.14; 19.90; 1407.01; 14666.14; 19.90; 1407.01; 0.0000; 0.0000; 0.0000; 1.0000; 0.0000; 0.0000; 0.00; 0.00; 0.00; 0.00; 0.00; 0.00; 0.00; 0.00; 0.00; 0
76; 1.0000; 0.0000; 0.0000; 0.0000; 0.2978; 0.2941; 0.0011; 0.0802; 14633.01; 20.12; 1422.99; 14633.01; 20.12; 1422.99; 0.0000; 0.0000; 0.0000; 1.0000; 0.0000; 0.0000; 0.00; 0.00; 0.00; 0.00; 0.00; 0.00; 0.00; 0.00; 0.00; 0
77; 1.0000; 0.0000; 0.0000; 0.0000; 0.2978; 0.2910; 0.0011; 0.0786; 14659.16; 20.15; 1424.68; 14659.16; 20.15; 1424.68; 0.0000; 0.0000; 0.0000; 1.0000; 0.0000; 0.0000; 0.00; 0.00; 0.00; 0.00; 0.00; 0.00; 0.00; 0.00; 0.00; 0
78; 1.0000; 0.0000; 0.0000; 0.0000; 0.2978; 0.2904; 0.0011; 0.0801; 14684.27; 20.39; 1441.84; 14684.27; 20.39; 1441.84; 0.0000; 0.0000; 0.0000; 1.0000; 0.0000; 0.0000; 0.00; 0.00; 0.00; 0.00; 0.00; 0.00; 0.00; 0.00; 0.00; 0
79; 1.0000; 0.0000; 0.0000; 0.0000; 0.2978; 0.2913; 0.0011; 0.0790; 14682.10; 19.97; 1411.88; 14682.10; 19.97; 1411.88; 0.0000; 0.0000; 0.0000; 1.0000; 0.0000; 0.0000; 0.00; 0.00; 0.00; 0.00; 0.00; 0.00; 0.00; 0.00; 0.00; 0
80; 1.0000; 0.0000; 0.0000; 0.0000; 0.2978; 0.2903; 0.0011; 0.0785; 14666.36; 20.36; 1439.95; 14666.36; 20.36; 1439.95; 0.0000; 0.0000; 0.0000; 1.0000; 0.0000; 0.0000; 0.00; 0.00; 0.00; 0.00; 0.00; 0.00; 0.00; 0.00; 0.00; 0
81; 1.0000; 0.0000; 0.0000; 0.0000; 0.2978; 0.2906; 0.0011; 0.0791; 14643.47; 20.21; 1428.82; 14643.47; 20.21; 1428.82; 0.0000; 0.0000; 0.0000; 1.0000; 0.0000; 0.0000; 0.00; 0.00; 0.00; 0.00; 0.00; 0.00; 0.00; 0.00; 0.00; 0
82; 1.0000; 0.0000; 0.0000; 0.0000; 0.2978; 0.2910; 0.0011; 0.0790; 14689.46; 19.81; 1401.08; 14689.46; 19.81; 1401.08; 0.0000; 0.0000; 0.0000; 1.0000; 0.0000; 0.0000; 0.00; 0.00; 0.00; 0.00; 0.00; 0.00; 0.00; 0.00; 0.00; 0
83; 1.0000; 0.0000; 0.0000; 0.0000; 0.2978; 0.2895; 0.0011; 0.0792; 14655.38; 20.08; 1419.80; 14655.38; 20.08; 1419.80; 0.0000; 0.0000; 0.0000; 1.0000; 0.0000; 0.0000; 0.00; 0.00; 0.00; 0.00; 0.00; 0.00; 0.00; 0.00; 0.00; 0
84; 1.0000; 0.0000; 0.0000; 0.0000; 0.2978; 0.2895; 0.0011; 0.0796; 14662.69; 20.19; 1427.32; 14662.69; 20.19; 1427.32; 0.0000; 0.0000; 0.0000; 1.0000; 0.0000; 0.0000; 0.00; 0.00; 0.00; 0.00; 0.00; 0.00; 0.00; 0.00; 0.00; 0
85; 1.0000; 0.0000; 0.0000; 0.0000; 0.2978; 0.2913; 0.0011; 0.0799; 14657.18; 20.05; 1417.42; 14657.18; 20.05; 1417.42; 0.0000; 0.0000; 0.0000; 1.0000; 0.0000; 0.0000; 0.00; 0.00; 0.00; 0.00; 0.00; 0.00; 0.00; 0.00; 0.00; 0
86; 1.0000; 0.0000; 0.0000; 0.0000; 0.2978; 0.2917; 0.0011; 0.0789; 14655.27; 20.08; 1419.78; 14655.27; 20.08; 1419.78; 0.0000; 0.0000; 0.0000; 1.0000; 0.0000; 0.0000; 0.00; 0.00; 0.00; 0.00; 0.00; 0.00; 0.00; 0.00; 0.00; 0
87; 1.0000; 0.0000; 0.0000; 0.0000; 0.2978; 0.2911; 0.0011; 0.0806; 14659.32; 20.00; 1414.33; 14659.32; 20.00; 1414.33; 0.0000; 0.0000; 0.0000; 1.0000; 0.0000; 0.0000; 0.00; 0.00; 0.00; 0.00; 0.00; 0.00; 0.00; 0.00; 0.00; 0
88; 1.0000; 0.0000; 0.0000; 0.0000; 0.2978; 0.2916; 0.0011; 0.0779; 14669.63; 19.98; 1412.63; 14669.63; 19.98; 1412.63; 0.0000; 0.0000; 0.0000; 1.0000; 0.0000; 0.0000; 0.00; 0.00; 0.00; 0.00; 0.00; 0.00; 0.00; 0.00; 0.00; 0
89; 1.0000; 0.0000; 0.0000; 0.0000; 0.2978; 0.2913; 0.0011; 0.0788; 14674.74; 20.19; 1427.69; 14674.74; 20.19; 1427.69; 0.0000; 0.0000; 0.0000; 1.0000; 0.0000; 0.0000; 0.00; 0.00; 0.00; 0.00; 0.00; 0.00; 0.00; 0.00; 0.00; 0
90; 1.0000; 0.0000; 0.0000; 0.0000; 0.2978; 0.2918; 0.0011; 0.0782; 14705.22; 20.02; 1415.32; 14705.22; 20.02; 1415.32; 0.0000; 0.0000; 0.0000; 1.0000; 0.0000; 0.0000; 0.00; 0.00; 0.00; 0.00; 0.00; 0.00; 0.00; 0.00; 0.00; 0
91; 1.0000; 0.0000; 0.0000; 0.0000; 0.2978; 0.2932; 0.0011; 0.0795; 14682.69; 20.16; 1425.56; 14682.69; 20.16; 1425.56; 0.0000; 0.0000; 0.0000; 1.0000; 0.0000; 0.0000; 0.00; 0.00; 0.00; 0.00; 0.00; 0.00; 0.00; 0.00; 0.00; 0
92; 1.0000; 0.0000; 0.0000; 0.0000; 0.2978; 0.2922; 0.0011; 0.0786; 14636.30; 20.34; 1438.02; 14636.30; 20.34; 1438.02; 0.0000; 0.0000; 0.0000; 1.0000; 0.0000; 0.0000; 0.00; 0.00; 0.00; 0.00; 0.00; 0.00; 0.00; 0.00; 0.00; 0
93; 1.0000; 0.0000; 0.0000; 0.0000; 0.2978; 0.2906; 0.0011; 0.0801; 14663.17; 19.95; 1410.44; 14663.17; 19.95; 1410.44; 0.0000; 0.0000; 0.0000; 1.0000; 0.0000; 0.0000; 0.00; 0.00; 0.00; 0.00; 0.00; 0.00; 0.00; 0.00; 0.00; 0
94; 1.0000; 0.0000; 0.0000; 0.0000; 0.2978; 0.2919; 0.0011; 0.0790; 14631.74; 19.76; 1397.20; 14631.74; 19.76; 1397.20; 0.0000; 0.0000; 0.0000; 1.0000; 0.0000; 0.0000; 0.00; 0.00; 0.00; 0.00; 0.00; 0.00; 0.00; 0.00; 0.00; 0
95; 1.0000; 0.0000; 0.0000; 0.0000; 0.2978; 0.2910; 0.0011; 0.0787; 14672.22; 19.87; 1405.37; 14672.22; 19.87; 1405.37; 0.0000; 0.0000; 0.0000; 1.0000; 0.0000; 0.0000; 0.00; 0.00; 0.00; 0.00; 0.00; 0.00; 0.00; 0.00; 0.00; 0
96; 1.0000; 0.0000; 0.0000; 0.0000; 0.2978; 0.2928; 0.0011; 0.0789; 14656.57; 20.14; 1424.07; 14656.57; 20.14; 1424.07; 0.0000; 0.0000; 0.0000; 1.0000; 0.0000; 0.0000; 0.00; 0.00; 0.00; 0.00; 0.00; 0.00; 0.00; 0.00; 0.00; 0
97; 1.0000; 0.0000; 0.0000; 0.0000; 0.2978; 0.2904; 0.0011; 0.0786; 14663.50; 20.15; 1425.13; 14663.50; 20.15; 1425.13; 0.0000; 0.0000; 0.0000; 1.0000; 0.0000; 0.0000; 0.00; 0.00; 0.00; 0.00; 0.00; 0.00; 0.00; 0.00; 0.00; 0
98; 1.0000; 0.0000; 0.0000; 0.0000; 0.2978; 0.2913; 0.0011; 0.0774; 14694.58; 20.13; 1423.60; 14694.58; 20.13; 1423.60; 0.0000; 0.0000; 0.0000; 1.0000; 0.0000; 0.0000; 0.00; 0.00; 0.00; 0.00; 0.00; 0.00; 0.00; 0.00; 0.00; 0
99; 1.0000; 0.0000; 0.0000; 0.0000; 0.2978; 0.2905; 0.0011; 0.0791; 14682.26; 20.21; 1429.20; 14682.26; 20.21; 1429.20; 0.0000; 0.0000; 0.0000; 1.0000; 0.0000; 0.0000; 0.00; 0.00; 0.00; 0.00; 0.00; 0.00; 0.00; 0.00; 0.00; 0
100; 1.0000; 0.0000; 0.0000; 0.0000; 0.2978; 0.2897; 0.0011; 0.0807; 14678.17; 20.30; 1435.10; 14678.17; 20.30; 1435.10; 0.0000; 0.0000; 0.0000; 1.0000; 0.0000; 0.0000; 0.00; 0.00; 0.00; 0.00; 0.00; 0.00; 0.00; 0.00; 0.00; 0
