    Year (Census)
    Proportion of populations extant, SE
    Proportion of populations going extinct for the first time in year, SE
    Deterministic growth, Stochastic growth, SE, SD
    Mean population size (across extant populations), SE, SD
    Mean population size (across all populations), SE, SD
    Population-based model: No genetic data (12 skipped fields)



    Mean time to extinction, SE, SD
    Median time to extinction
Year;PExtant;SE(PExtant);PExtinct;SE(PExtinct);det-r;stoch-r;SE(r);SD(r);N-extant;SE(N-extant);SD(N-extant);N-all;SE(N-all);SD(N-all);GeneDiv;SE(GD);SD(GD);Inbreed;SE(Inbr);SD(Inbr);nAlleles;SE(nAlleles);SD(nAlleles);nLethals;SE(nLethals);SD(nLethals);TE;SE(TE);SD(TE);medianTE
Default Scenario
Population 1: Population1
0; 1.0000; 0.0000; 0.0000; 0.0000; -0.0563;      0;      0;      0; 19472.00; 0.00; 0.00; 19472.00; 0.00; 0.00; 0.0000; 0.0000; 0.0000; 1.0000; 0.0000; 0.0000; 0.00; 0.00; 0.00; 0.00; 0.00; 0.00; 0.00; 0.00; 0.00; 0
1; 1.0000; 0.0000; 0.0000; 0.0000; -0.0563; -0.0589; 0.0012; 0.0884; 17763.28; 19.56; 1382.91; 17763.28; 19.56; 1382.91; 0.0000; 0.0000; 0.0000; 1.0000; 0.0000; 0.0000; 0.00; 0.00; 0.00; 0.00; 0.00; 0.00; 0.00; 0.00; 0.00; 0
2; 1.0000; 0.0000; 0.0000; 0.0000; -0.0563; -0.0764; 0.0012; 0.0882; 16276.96; 22.98; 1624.63; 16276.96; 22.98; 1624.63; 0.0000; 0.0000; 0.0000; 1.0000; 0.0000; 0.0000; 0.00; 0.00; 0.00; 0.00; 0.00; 0.00; 0.00; 0.00; 0.00; 0
3; 1.0000; 0.0000; 0.0000; 0.0000; -0.0563; -0.0819; 0.0013; 0.0888; 14949.76; 24.54; 1735.28; 14949.76; 24.54; 1735.28; 0.0000; 0.0000; 0.0000; 1.0000; 0.0000; 0.0000; 0.00; 0.00; 0.00; 0.00; 0.00; 0.00; 0.00; 0.00; 0.00; 0
4; 1.0000; 0.0000; 0.0000; 0.0000; -0.0563; -0.0841; 0.0013; 0.0895; 13746.10; 25.77; 1822.40; 13746.10; 25.77; 1822.40; 0.0000; 0.0000; 0.0000; 1.0000; 0.0000; 0.0000; 0.00; 0.00; 0.00; 0.00; 0.00; 0.00; 0.00; 0.00; 0.00; 0
5; 1.0000; 0.0000; 0.0000; 0.0000; -0.0563; -0.0814; 0.0013; 0.0891; 12694.41; 26.85; 1898.76; 12694.41; 26.85; 1898.76; 0.0000; 0.0000; 0.0000; 1.0000; 0.0000; 0.0000; 0.00; 0.00; 0.00; 0.00; 0.00; 0.00; 0.00; 0.00; 0.00; 0
6; 1.0000; 0.0000; 0.0000; 0.0000; -0.0563; -0.0826; 0.0013; 0.0909; 11716.54; 27.69; 1957.63; 11716.54; 27.69; 1957.63; 0.0000; 0.0000; 0.0000; 1.0000; 0.0000; 0.0000; 0.00; 0.00; 0.00; 0.00; 0.00; 0.00; 0.00; 0.00; 0.00; 0
7; 1.0000; 0.0000; 0.0000; 0.0000; -0.0563; -0.0808; 0.0013; 0.0898; 10836.19; 28.07; 1984.95; 10836.19; 28.07; 1984.95; 0.0000; 0.0000; 0.0000; 1.0000; 0.0000; 0.0000; 0.00; 0.00; 0.00; 0.00; 0.00; 0.00; 0.00; 0.00; 0.00; 0
8; 1.0000; 0.0000; 0.0000; 0.0000; -0.0563; -0.0809; 0.0013; 0.0897; 10016.83; 27.70; 1958.74; 10016.83; 27.70; 1958.74; 0.0000; 0.0000; 0.0000; 1.0000; 0.0000; 0.0000; 0.00; 0.00; 0.00; 0.00; 0.00; 0.00; 0.00; 0.00; 0.00; 0
9; 1.0000; 0.0000; 0.0000; 0.0000; -0.0563; -0.0829; 0.0013; 0.0897; 9244.18; 27.35; 1933.93; 9244.18; 27.35; 1933.93; 0.0000; 0.0000; 0.0000; 1.0000; 0.0000; 0.0000; 0.00; 0.00; 0.00; 0.00; 0.00; 0.00; 0.00; 0.00; 0.00; 0
10; 1.0000; 0.0000; 0.0000; 0.0000; -0.0563; -0.0834; 0.0013; 0.0903; 8528.24; 26.85; 1898.65; 8528.24; 26.85; 1898.65; 0.0000; 0.0000; 0.0000; 1.0000; 0.0000; 0.0000; 0.00; 0.00; 0.00; 0.00; 0.00; 0.00; 0.00; 0.00; 0.00; 0
11; 1.0000; 0.0000; 0.0000; 0.0000; -0.0563; -0.0810; 0.0013; 0.0900; 7882.98; 25.91; 1832.15; 7882.98; 25.91; 1832.15; 0.0000; 0.0000; 0.0000; 1.0000; 0.0000; 0.0000; 0.00; 0.00; 0.00; 0.00; 0.00; 0.00; 0.00; 0.00; 0.00; 0
12; 1.0000; 0.0000; 0.0000; 0.0000; -0.0563; -0.0804; 0.0012; 0.0881; 7292.49; 25.18; 1780.44; 7292.49; 25.18; 1780.44; 0.0000; 0.0000; 0.0000; 1.0000; 0.0000; 0.0000; 0.00; 0.00; 0.00; 0.00; 0.00; 0.00; 0.00; 0.00; 0.00; 0
13; 1.0000; 0.0000; 0.0000; 0.0000; -0.0563; -0.0825; 0.0013; 0.0907; 6732.13; 24.33; 1720.34; 6732.13; 24.33; 1720.34; 0.0000; 0.0000; 0.0000; 1.0000; 0.0000; 0.0000; 0.00; 0.00; 0.00; 0.00; 0.00; 0.00; 0.00; 0.00; 0.00; 0
14; 1.0000; 0.0000; 0.0000; 0.0000; -0.0563; -0.0822; 0.0013; 0.0910; 6217.21; 23.45; 1658.03; 6217.21; 23.45; 1658.03; 0.0000; 0.0000; 0.0000; 1.0000; 0.0000; 0.0000; 0.00; 0.00; 0.00; 0.00; 0.00; 0.00; 0.00; 0.00; 0.00; 0
15; 1.0000; 0.0000; 0.0000; 0.0000; -0.0563; -0.0787; 0.0013; 0.0901; 5761.59; 22.54; 1593.65; 5761.59; 22.54; 1593.65; 0.0000; 0.0000; 0.0000; 1.0000; 0.0000; 0.0000; 0.00; 0.00; 0.00; 0.00; 0.00; 0.00; 0.00; 0.00; 0.00; 0
16; 1.0000; 0.0000; 0.0000; 0.0000; -0.0563; -0.0830; 0.0013; 0.0902; 5316.81; 21.56; 1524.22; 5316.81; 21.56; 1524.22; 0.0000; 0.0000; 0.0000; 1.0000; 0.0000; 0.0000; 0.00; 0.00; 0.00; 0.00; 0.00; 0.00; 0.00; 0.00; 0.00; 0
17; 1.0000; 0.0000; 0.0000; 0.0000; -0.0563; -0.0830; 0.0013; 0.0904; 4906.03; 20.55; 1453.39; 4906.03; 20.55; 1453.39; 0.0000; 0.0000; 0.0000; 1.0000; 0.0000; 0.0000; 0.00; 0.00; 0.00; 0.00; 0.00; 0.00; 0.00; 0.00; 0.00; 0
18; 1.0000; 0.0000; 0.0000; 0.0000; -0.0563; -0.0828; 0.0013; 0.0899; 4530.71; 19.69; 1392.27; 4530.71; 19.69; 1392.27; 0.0000; 0.0000; 0.0000; 1.0000; 0.0000; 0.0000; 0.00; 0.00; 0.00; 0.00; 0.00; 0.00; 0.00; 0.00; 0.00; 0
19; 1.0000; 0.0000; 0.0000; 0.0000; -0.0563; -0.0822; 0.0013; 0.0914; 4180.83; 18.58; 1313.68; 4180.83; 18.58; 1313.68; 0.0000; 0.0000; 0.0000; 1.0000; 0.0000; 0.0000; 0.00; 0.00; 0.00; 0.00; 0.00; 0.00; 0.00; 0.00; 0.00; 0
20; 1.0000; 0.0000; 0.0000; 0.0000; -0.0563; -0.0855; 0.0013; 0.0910; 3845.67; 17.43; 1232.43; 3845.67; 17.43; 1232.43; 0.0000; 0.0000; 0.0000; 1.0000; 0.0000; 0.0000; 0.00; 0.00; 0.00; 0.00; 0.00; 0.00; 0.00; 0.00; 0.00; 0
21; 1.0000; 0.0000; 0.0000; 0.0000; -0.0563; -0.0795; 0.0013; 0.0910; 3561.87; 16.61; 1174.81; 3561.87; 16.61; 1174.81; 0.0000; 0.0000; 0.0000; 1.0000; 0.0000; 0.0000; 0.00; 0.00; 0.00; 0.00; 0.00; 0.00; 0.00; 0.00; 0.00; 0
22; 1.0000; 0.0000; 0.0000; 0.0000; -0.0563; -0.0821; 0.0013; 0.0910; 3289.93; 15.81; 1117.77; 3289.93; 15.81; 1117.77; 0.0000; 0.0000; 0.0000; 1.0000; 0.0000; 0.0000; 0.00; 0.00; 0.00; 0.00; 0.00; 0.00; 0.00; 0.00; 0.00; 0
23; 1.0000; 0.0000; 0.0000; 0.0000; -0.0563; -0.0825; 0.0013; 0.0909; 3039.00; 14.99; 1060.02; 3039.00; 14.99; 1060.02; 0.0000; 0.0000; 0.0000; 1.0000; 0.0000; 0.0000; 0.00; 0.00; 0.00; 0.00; 0.00; 0.00; 0.00; 0.00; 0.00; 0
24; 1.0000; 0.0000; 0.0000; 0.0000; -0.0563; -0.0832; 0.0013; 0.0905; 2803.58; 14.15; 1000.50; 2803.58; 14.15; 1000.50; 0.0000; 0.0000; 0.0000; 1.0000; 0.0000; 0.0000; 0.00; 0.00; 0.00; 0.00; 0.00; 0.00; 0.00; 0.00; 0.00; 0
25; 1.0000; 0.0000; 0.0000; 0.0000; -0.0563; -0.0833; 0.0013; 0.0910; 2586.27; 13.36; 944.94; 2586.27; 13.36; 944.94; 0.0000; 0.0000; 0.0000; 1.0000; 0.0000; 0.0000; 0.00; 0.00; 0.00; 0.00; 0.00; 0.00; 0.00; 0.00; 0.00; 0
26; 1.0000; 0.0000; 0.0000; 0.0000; -0.0563; -0.0811; 0.0013; 0.0913; 2389.30; 12.51; 884.91; 2389.30; 12.51; 884.91; 0.0000; 0.0000; 0.0000; 1.0000; 0.0000; 0.0000; 0.00; 0.00; 0.00; 0.00; 0.00; 0.00; 0.00; 0.00; 0.00; 0
27; 1.0000; 0.0000; 0.0000; 0.0000; -0.0563; -0.0811; 0.0013; 0.0898; 2207.52; 11.76; 831.50; 2207.52; 11.76; 831.50; 0.0000; 0.0000; 0.0000; 1.0000; 0.0000; 0.0000; 0.00; 0.00; 0.00; 0.00; 0.00; 0.00; 0.00; 0.00; 0.00; 0
28; 1.0000; 0.0000; 0.0000; 0.0000; -0.0563; -0.0813; 0.0013; 0.0905; 2041.43; 11.14; 787.54; 2041.43; 11.14; 787.54; 0.0000; 0.0000; 0.0000; 1.0000; 0.0000; 0.0000; 0.00; 0.00; 0.00; 0.00; 0.00; 0.00; 0.00; 0.00; 0.00; 0
29; 1.0000; 0.0000; 0.0000; 0.0000; -0.0563; -0.0815; 0.0013; 0.0899; 1884.51; 10.39; 734.38; 1884.51; 10.39; 734.38; 0.0000; 0.0000; 0.0000; 1.0000; 0.0000; 0.0000; 0.00; 0.00; 0.00; 0.00; 0.00; 0.00; 0.00; 0.00; 0.00; 0
30; 1.0000; 0.0000; 0.0000; 0.0000; -0.0563; -0.0819; 0.0013; 0.0908; 1740.57; 9.77; 690.56; 1740.57; 9.77; 690.56; 0.0000; 0.0000; 0.0000; 1.0000; 0.0000; 0.0000; 0.00; 0.00; 0.00; 0.00; 0.00; 0.00; 0.00; 0.00; 0.00; 0
31; 1.0000; 0.0000; 0.0000; 0.0000; -0.0563; -0.0822; 0.0013; 0.0909; 1608.08; 9.24; 653.36; 1608.08; 9.24; 653.36; 0.0000; 0.0000; 0.0000; 1.0000; 0.0000; 0.0000; 0.00; 0.00; 0.00; 0.00; 0.00; 0.00; 0.00; 0.00; 0.00; 0
32; 1.0000; 0.0000; 0.0000; 0.0000; -0.0563; -0.0810; 0.0013; 0.0910; 1486.70; 8.68; 613.76; 1486.70; 8.68; 613.76; 0.0000; 0.0000; 0.0000; 1.0000; 0.0000; 0.0000; 0.00; 0.00; 0.00; 0.00; 0.00; 0.00; 0.00; 0.00; 0.00; 0
33; 1.0000; 0.0000; 0.0000; 0.0000; -0.0563; -0.0814; 0.0013; 0.0901; 1374.17; 8.15; 576.10; 1374.17; 8.15; 576.10; 0.0000; 0.0000; 0.0000; 1.0000; 0.0000; 0.0000; 0.00; 0.00; 0.00; 0.00; 0.00; 0.00; 0.00; 0.00; 0.00; 0
34; 1.0000; 0.0000; 0.0000; 0.0000; -0.0563; -0.0817; 0.0013; 0.0911; 1269.18; 7.63; 539.55; 1269.18; 7.63; 539.55; 0.0000; 0.0000; 0.0000; 1.0000; 0.0000; 0.0000; 0.00; 0.00; 0.00; 0.00; 0.00; 0.00; 0.00; 0.00; 0.00; 0
35; 1.0000; 0.0000; 0.0000; 0.0000; -0.0563; -0.0812; 0.0013; 0.0888; 1173.10; 7.17; 507.23; 1173.10; 7.17; 507.23; 0.0000; 0.0000; 0.0000; 1.0000; 0.0000; 0.0000; 0.00; 0.00; 0.00; 0.00; 0.00; 0.00; 0.00; 0.00; 0.00; 0
36; 1.0000; 0.0000; 0.0000; 0.0000; -0.0563; -0.0813; 0.0013; 0.0895; 1083.33; 6.69; 472.80; 1083.33; 6.69; 472.80; 0.0000; 0.0000; 0.0000; 1.0000; 0.0000; 0.0000; 0.00; 0.00; 0.00; 0.00; 0.00; 0.00; 0.00; 0.00; 0.00; 0
37; 1.0000; 0.0000; 0.0000; 0.0000; -0.0563; -0.0812; 0.0013; 0.0910; 1000.97; 6.23; 440.60; 1000.97; 6.23; 440.60; 0.0000; 0.0000; 0.0000; 1.0000; 0.0000; 0.0000; 0.00; 0.00; 0.00; 0.00; 0.00; 0.00; 0.00; 0.00; 0.00; 0
38; 1.0000; 0.0000; 0.0000; 0.0000; -0.0563; -0.0816; 0.0013; 0.0896; 924.66; 5.86; 414.09; 924.66; 5.86; 414.09; 0.0000; 0.0000; 0.0000; 1.0000; 0.0000; 0.0000; 0.00; 0.00; 0.00; 0.00; 0.00; 0.00; 0.00; 0.00; 0.00; 0
39; 1.0000; 0.0000; 0.0000; 0.0000; -0.0563; -0.0824; 0.0013; 0.0908; 853.35; 5.45; 385.43; 853.35; 5.45; 385.43; 0.0000; 0.0000; 0.0000; 1.0000; 0.0000; 0.0000; 0.00; 0.00; 0.00; 0.00; 0.00; 0.00; 0.00; 0.00; 0.00; 0
40; 1.0000; 0.0000; 0.0000; 0.0000; -0.0563; -0.0804; 0.0013; 0.0892; 789.77; 5.13; 362.77; 789.77; 5.13; 362.77; 0.0000; 0.0000; 0.0000; 1.0000; 0.0000; 0.0000; 0.00; 0.00; 0.00; 0.00; 0.00; 0.00; 0.00; 0.00; 0.00; 0
41; 1.0000; 0.0000; 0.0000; 0.0000; -0.0563; -0.0811; 0.0013; 0.0905; 729.97; 4.80; 339.67; 729.97; 4.80; 339.67; 0.0000; 0.0000; 0.0000; 1.0000; 0.0000; 0.0000; 0.00; 0.00; 0.00; 0.00; 0.00; 0.00; 0.00; 0.00; 0.00; 0
42; 1.0000; 0.0000; 0.0000; 0.0000; -0.0563; -0.0850; 0.0013; 0.0911; 671.87; 4.47; 316.25; 671.87; 4.47; 316.25; 0.0000; 0.0000; 0.0000; 1.0000; 0.0000; 0.0000; 0.00; 0.00; 0.00; 0.00; 0.00; 0.00; 0.00; 0.00; 0.00; 0
43; 1.0000; 0.0000; 0.0000; 0.0000; -0.0563; -0.0824; 0.0013; 0.0904; 620.08; 4.18; 295.24; 620.08; 4.18; 295.24; 0.0000; 0.0000; 0.0000; 1.0000; 0.0000; 0.0000; 0.00; 0.00; 0.00; 0.00; 0.00; 0.00; 0.00; 0.00; 0.00; 0
44; 1.0000; 0.0000; 0.0000; 0.0000; -0.0563; -0.0829; 0.0013; 0.0893; 572.37; 3.93; 277.80; 572.37; 3.93; 277.80; 0.0000; 0.0000; 0.0000; 1.0000; 0.0000; 0.0000; 0.00; 0.00; 0.00; 0.00; 0.00; 0.00; 0.00; 0.00; 0.00; 0
45; 1.0000; 0.0000; 0.0000; 0.0000; -0.0563; -0.0800; 0.0013; 0.0922; 529.51; 3.65; 258.01; 529.51; 3.65; 258.01; 0.0000; 0.0000; 0.0000; 1.0000; 0.0000; 0.0000; 0.00; 0.00; 0.00; 0.00; 0.00; 0.00; 0.00; 0.00; 0.00; 0
46; 1.0000; 0.0000; 0.0000; 0.0000; -0.0563; -0.0821; 0.0013; 0.0918; 488.64; 3.39; 239.94; 488.64; 3.39; 239.94; 0.0000; 0.0000; 0.0000; 1.0000; 0.0000; 0.0000; 0.00; 0.00; 0.00; 0.00; 0.00; 0.00; 0.00; 0.00; 0.00; 0
47; 1.0000; 0.0000; 0.0000; 0.0000; -0.0563; -0.0820; 0.0013; 0.0918; 450.88; 3.15; 222.65; 450.88; 3.15; 222.65; 0.0000; 0.0000; 0.0000; 1.0000; 0.0000; 0.0000; 0.00; 0.00; 0.00; 0.00; 0.00; 0.00; 0.00; 0.00; 0.00; 0
48; 1.0000; 0.0000; 0.0000; 0.0000; -0.0563; -0.0825; 0.0013; 0.0896; 416.32; 2.95; 208.38; 416.32; 2.95; 208.38; 0.0000; 0.0000; 0.0000; 1.0000; 0.0000; 0.0000; 0.00; 0.00; 0.00; 0.00; 0.00; 0.00; 0.00; 0.00; 0.00; 0
49; 1.0000; 0.0000; 0.0000; 0.0000; -0.0563; -0.0812; 0.0013; 0.0907; 384.87; 2.76; 195.49; 384.87; 2.76; 195.49; 0.0000; 0.0000; 0.0000; 1.0000; 0.0000; 0.0000; 0.00; 0.00; 0.00; 0.00; 0.00; 0.00; 0.00; 0.00; 0.00; 0
50; 1.0000; 0.0000; 0.0000; 0.0000; -0.0563; -0.0792; 0.0013; 0.0913; 356.41; 2.60; 183.51; 356.41; 2.60; 183.51; 0.0000; 0.0000; 0.0000; 1.0000; 0.0000; 0.0000; 0.00; 0.00; 0.00; 0.00; 0.00; 0.00; 0.00; 0.00; 0.00; 0
51; 1.0000; 0.0000; 0.0000; 0.0000; -0.0563; -0.0816; 0.0013; 0.0927; 329.53; 2.43; 172.03; 329.53; 2.43; 172.03; 0.0000; 0.0000; 0.0000; 1.0000; 0.0000; 0.0000; 0.00; 0.00; 0.00; 0.00; 0.00; 0.00; 0.00; 0.00; 0.00; 0
52; 1.0000; 0.0000; 0.0000; 0.0000; -0.0563; -0.0788; 0.0013; 0.0887; 305.32; 2.28; 161.57; 305.32; 2.28; 161.57; 0.0000; 0.0000; 0.0000; 1.0000; 0.0000; 0.0000; 0.00; 0.00; 0.00; 0.00; 0.00; 0.00; 0.00; 0.00; 0.00; 0
53; 1.0000; 0.0000; 0.0000; 0.0000; -0.0563; -0.0837; 0.0013; 0.0904; 281.40; 2.12; 150.02; 281.40; 2.12; 150.02; 0.0000; 0.0000; 0.0000; 1.0000; 0.0000; 0.0000; 0.00; 0.00; 0.00; 0.00; 0.00; 0.00; 0.00; 0.00; 0.00; 0
54; 1.0000; 0.0000; 0.0000; 0.0000; -0.0563; -0.0815; 0.0013; 0.0917; 260.12; 1.99; 140.48; 260.12; 1.99; 140.48; 0.0000; 0.0000; 0.0000; 1.0000; 0.0000; 0.0000; 0.00; 0.00; 0.00; 0.00; 0.00; 0.00; 0.00; 0.00; 0.00; 0
55; 1.0000; 0.0000; 0.0000; 0.0000; -0.0563; -0.0799; 0.0013; 0.0922; 241.14; 1.87; 132.57; 241.14; 1.87; 132.57; 0.0000; 0.0000; 0.0000; 1.0000; 0.0000; 0.0000; 0.00; 0.00; 0.00; 0.00; 0.00; 0.00; 0.00; 0.00; 0.00; 0
56; 1.0000; 0.0000; 0.0000; 0.0000; -0.0563; -0.0818; 0.0013; 0.0912; 222.62; 1.75; 123.64; 222.62; 1.75; 123.64; 0.0000; 0.0000; 0.0000; 1.0000; 0.0000; 0.0000; 0.00; 0.00; 0.00; 0.00; 0.00; 0.00; 0.00; 0.00; 0.00; 0
57; 1.0000; 0.0000; 0.0000; 0.0000; -0.0563; -0.0837; 0.0013; 0.0937; 205.49; 1.65; 116.39; 205.49; 1.65; 116.39; 0.0000; 0.0000; 0.0000; 1.0000; 0.0000; 0.0000; 0.00; 0.00; 0.00; 0.00; 0.00; 0.00; 0.00; 0.00; 0.00; 0
58; 1.0000; 0.0000; 0.0000; 0.0000; -0.0563; -0.0821; 0.0013; 0.0947; 189.88; 1.54; 108.57; 189.88; 1.54; 108.57; 0.0000; 0.0000; 0.0000; 1.0000; 0.0000; 0.0000; 0.00; 0.00; 0.00; 0.00; 0.00; 0.00; 0.00; 0.00; 0.00; 0
59; 1.0000; 0.0000; 0.0000; 0.0000; -0.0563; -0.0821; 0.0013; 0.0938; 175.41; 1.43; 101.25; 175.41; 1.43; 101.25; 0.0000; 0.0000; 0.0000; 1.0000; 0.0000; 0.0000; 0.00; 0.00; 0.00; 0.00; 0.00; 0.00; 0.00; 0.00; 0.00; 0
60; 1.0000; 0.0000; 0.0000; 0.0000; -0.0563; -0.0816; 0.0013; 0.0947; 162.31; 1.34; 95.08; 162.31; 1.34; 95.08; 0.0000; 0.0000; 0.0000; 1.0000; 0.0000; 0.0000; 0.00; 0.00; 0.00; 0.00; 0.00; 0.00; 0.00; 0.00; 0.00; 0
61; 1.0000; 0.0000; 0.0000; 0.0000; -0.0563; -0.0806; 0.0013; 0.0933; 150.20; 1.26; 88.80; 150.20; 1.26; 88.80; 0.0000; 0.0000; 0.0000; 1.0000; 0.0000; 0.0000; 0.00; 0.00; 0.00; 0.00; 0.00; 0.00; 0.00; 0.00; 0.00; 0
62; 1.0000; 0.0000; 0.0000; 0.0000; -0.0563; -0.0848; 0.0014; 0.0968; 138.37; 1.17; 82.47; 138.37; 1.17; 82.47; 0.0000; 0.0000; 0.0000; 1.0000; 0.0000; 0.0000; 0.00; 0.00; 0.00; 0.00; 0.00; 0.00; 0.00; 0.00; 0.00; 0
63; 1.0000; 0.0000; 0.0000; 0.0000; -0.0563; -0.0811; 0.0014; 0.0967; 127.90; 1.08; 76.28; 127.90; 1.08; 76.28; 0.0000; 0.0000; 0.0000; 1.0000; 0.0000; 0.0000; 0.00; 0.00; 0.00; 0.00; 0.00; 0.00; 0.00; 0.00; 0.00; 0
64; 1.0000; 0.0000; 0.0000; 0.0000; -0.0563; -0.0860; 0.0014; 0.1017; 117.84; 1.00; 71.01; 117.84; 1.00; 71.01; 0.0000; 0.0000; 0.0000; 1.0000; 0.0000; 0.0000; 0.00; 0.00; 0.00; 0.00; 0.00; 0.00; 0.00; 0.00; 0.00; 0
65; 1.0000; 0.0000; 0.0000; 0.0000; -0.0563; -0.0844; 0.0014; 0.0985; 108.79; 0.94; 66.46; 108.79; 0.94; 66.46; 0.0000; 0.0000; 0.0000; 1.0000; 0.0000; 0.0000; 0.00; 0.00; 0.00; 0.00; 0.00; 0.00; 0.00; 0.00; 0.00; 0
66; 0.9998; 0.0002; 0.0002; 0.0002; -0.0563; -0.0829; 0.0015; 0.1027; 100.39; 0.87; 61.42; 100.37; 0.87; 61.43; 0.0000; 0.0000; 0.0000; 1.0000; 0.0000; 0.0000; 0.00; 0.00; 0.00; 0.00; 0.00; 0.00; 66.00; 0.00; 0.00; 0
67; 0.9996; 0.0003; 0.0002; 0.0002; -0.0563; -0.0801; 0.0015; 0.1048; 92.90; 0.81; 57.18; 92.87; 0.81; 57.20; 0.0000; 0.0000; 0.0000; 1.0000; 0.0000; 0.0000; 0.00; 0.00; 0.00; 0.00; 0.00; 0.00; 66.50; 0.50; 0.71; 0
68; 0.9992; 0.0004; 0.0004; 0.0003; -0.0563; -0.0857; 0.0015; 0.1041; 85.69; 0.75; 53.31; 85.63; 0.75; 53.34; 0.0000; 0.0000; 0.0000; 1.0000; 0.0000; 0.0000; 0.00; 0.00; 0.00; 0.00; 0.00; 0.00; 67.25; 0.48; 0.96; 0
69; 0.9992; 0.0004; 0.0000; 0.0000; -0.0563; -0.0843; 0.0015; 0.1063; 79.17; 0.70; 49.76; 79.11; 0.70; 49.79; 0.0000; 0.0000; 0.0000; 1.0000; 0.0000; 0.0000; 0.00; 0.00; 0.00; 0.00; 0.00; 0.00; 67.25; 0.48; 0.96; 0
70; 0.9986; 0.0005; 0.0006; 0.0003; -0.0563; -0.0842; 0.0016; 0.1114; 73.31; 0.66; 46.85; 73.21; 0.66; 46.89; 0.0000; 0.0000; 0.0000; 1.0000; 0.0000; 0.0000; 0.00; 0.00; 0.00; 0.00; 0.00; 0.00; 68.43; 0.61; 1.62; 0
71; 0.9982; 0.0006; 0.0004; 0.0003; -0.0563; -0.0852; 0.0016; 0.1136; 67.73; 0.62; 43.68; 67.61; 0.62; 43.73; 0.0000; 0.0000; 0.0000; 1.0000; 0.0000; 0.0000; 0.00; 0.00; 0.00; 0.00; 0.00; 0.00; 69.00; 0.60; 1.80; 0
72; 0.9974; 0.0007; 0.0008; 0.0004; -0.0563; -0.0862; 0.0016; 0.1147; 62.44; 0.57; 40.48; 62.28; 0.57; 40.55; 0.0000; 0.0000; 0.0000; 1.0000; 0.0000; 0.0000; 0.00; 0.00; 0.00; 0.00; 0.00; 0.00; 69.92; 0.57; 2.06; 0
73; 0.9964; 0.0008; 0.0010; 0.0004; -0.0563; -0.0851; 0.0017; 0.1189; 57.81; 0.54; 38.04; 57.60; 0.54; 38.12; 0.0000; 0.0000; 0.0000; 1.0000; 0.0000; 0.0000; 0.00; 0.00; 0.00; 0.00; 0.00; 0.00; 70.78; 0.53; 2.24; 0
74; 0.9954; 0.0010; 0.0010; 0.0004; -0.0563; -0.0867; 0.0018; 0.1240; 53.49; 0.50; 35.56; 53.25; 0.50; 35.66; 0.0000; 0.0000; 0.0000; 1.0000; 0.0000; 0.0000; 0.00; 0.00; 0.00; 0.00; 0.00; 0.00; 71.48; 0.50; 2.39; 0
75; 0.9942; 0.0011; 0.0012; 0.0005; -0.0563; -0.0883; 0.0019; 0.1316; 49.47; 0.47; 33.22; 49.18; 0.47; 33.33; 0.0000; 0.0000; 0.0000; 1.0000; 0.0000; 0.0000; 0.00; 0.00; 0.00; 0.00; 0.00; 0.00; 72.21; 0.48; 2.57; 0
76; 0.9908; 0.0014; 0.0034; 0.0008; -0.0563; -0.0871; 0.0019; 0.1347; 45.90; 0.44; 31.24; 45.48; 0.44; 31.39; 0.0000; 0.0000; 0.0000; 1.0000; 0.0000; 0.0000; 0.00; 0.00; 0.00; 0.00; 0.00; 0.00; 73.61; 0.40; 2.74; 0
77; 0.9880; 0.0015; 0.0028; 0.0007; -0.0563; -0.0891; 0.0021; 0.1444; 42.49; 0.41; 29.03; 41.99; 0.41; 29.21; 0.0000; 0.0000; 0.0000; 1.0000; 0.0000; 0.0000; 0.00; 0.00; 0.00; 0.00; 0.00; 0.00; 74.40; 0.36; 2.80; 0
78; 0.9850; 0.0017; 0.0030; 0.0008; -0.0563; -0.0873; 0.0021; 0.1464; 39.38; 0.38; 27.01; 38.80; 0.38; 27.21; 0.0000; 0.0000; 0.0000; 1.0000; 0.0000; 0.0000; 0.00; 0.00; 0.00; 0.00; 0.00; 0.00; 75.12; 0.33; 2.89; 0
79; 0.9798; 0.0020; 0.0052; 0.0010; -0.0563; -0.0888; 0.0022; 0.1559; 36.62; 0.36; 25.41; 35.89; 0.36; 25.65; 0.0000; 0.0000; 0.0000; 1.0000; 0.0000; 0.0000; 0.00; 0.00; 0.00; 0.00; 0.00; 0.00; 76.12; 0.30; 3.01; 0
80; 0.9752; 0.0022; 0.0046; 0.0010; -0.0563; -0.0923; 0.0023; 0.1581; 33.97; 0.34; 23.86; 33.15; 0.34; 24.12; 0.0000; 0.0000; 0.0000; 1.0000; 0.0000; 0.0000; 0.00; 0.00; 0.00; 0.00; 0.00; 0.00; 76.84; 0.28; 3.11; 0
81; 0.9668; 0.0025; 0.0084; 0.0013; -0.0563; -0.0986; 0.0024; 0.1681; 31.47; 0.32; 22.39; 30.46; 0.32; 22.69; 0.0000; 0.0000; 0.0000; 1.0000; 0.0000; 0.0000; 0.00; 0.00; 0.00; 0.00; 0.00; 0.00; 77.89; 0.25; 3.24; 0
82; 0.9568; 0.0029; 0.0100; 0.0014; -0.0563; -0.0916; 0.0026; 0.1768; 29.36; 0.30; 21.02; 28.13; 0.30; 21.37; 0.0000; 0.0000; 0.0000; 1.0000; 0.0000; 0.0000; 0.00; 0.00; 0.00; 0.00; 0.00; 0.00; 78.84; 0.23; 3.33; 0
83; 0.9438; 0.0033; 0.0130; 0.0016; -0.0563; -0.0964; 0.0027; 0.1826; 27.45; 0.29; 19.72; 25.95; 0.28; 20.13; 0.0000; 0.0000; 0.0000; 1.0000; 0.0000; 0.0000; 0.00; 0.00; 0.00; 0.00; 0.00; 0.00; 79.80; 0.20; 3.40; 0
84; 0.9268; 0.0037; 0.0170; 0.0018; -0.0563; -0.0945; 0.0028; 0.1877; 25.77; 0.27; 18.50; 23.94; 0.27; 18.97; 0.0000; 0.0000; 0.0000; 1.0000; 0.0000; 0.0000; 0.00; 0.00; 0.00; 0.00; 0.00; 0.00; 80.78; 0.18; 3.47; 0
85; 0.9098; 0.0041; 0.0170; 0.0018; -0.0563; -0.0939; 0.0029; 0.1951; 24.26; 0.26; 17.45; 22.14; 0.25; 17.96; 0.0000; 0.0000; 0.0000; 1.0000; 0.0000; 0.0000; 0.00; 0.00; 0.00; 0.00; 0.00; 0.00; 81.57; 0.17; 3.54; 0
86; 0.8936; 0.0044; 0.0162; 0.0018; -0.0563; -0.0964; 0.0029; 0.1971; 22.75; 0.24; 16.32; 20.40; 0.24; 16.87; 0.0000; 0.0000; 0.0000; 1.0000; 0.0000; 0.0000; 0.00; 0.00; 0.00; 0.00; 0.00; 0.00; 82.25; 0.16; 3.62; 0
87; 0.8726; 0.0047; 0.0210; 0.0020; -0.0563; -0.0971; 0.0031; 0.2020; 21.41; 0.23; 15.22; 18.76; 0.22; 15.83; 0.0000; 0.0000; 0.0000; 1.0000; 0.0000; 0.0000; 0.00; 0.00; 0.00; 0.00; 0.00; 0.00; 83.03; 0.15; 3.75; 0
88; 0.8538; 0.0050; 0.0188; 0.0019; -0.0563; -0.1002; 0.0032; 0.2122; 20.10; 0.22; 14.40; 17.25; 0.21; 15.00; 0.0000; 0.0000; 0.0000; 1.0000; 0.0000; 0.0000; 0.00; 0.00; 0.00; 0.00; 0.00; 0.00; 83.67; 0.14; 3.88; 0
89; 0.8308; 0.0053; 0.0230; 0.0021; -0.0563; -0.0985; 0.0034; 0.2168; 18.95; 0.21; 13.57; 15.84; 0.20; 14.16; 0.0000; 0.0000; 0.0000; 1.0000; 0.0000; 0.0000; 0.00; 0.00; 0.00; 0.00; 0.00; 0.00; 84.39; 0.14; 4.04; 0
90; 0.8020; 0.0056; 0.0288; 0.0024; -0.0563; -0.1034; 0.0035; 0.2219; 17.91; 0.20; 12.71; 14.47; 0.19; 13.33; 0.0000; 0.0000; 0.0000; 1.0000; 0.0000; 0.0000; 0.00; 0.00; 0.00; 0.00; 0.00; 0.00; 85.21; 0.13; 4.23; 0
91; 0.7700; 0.0060; 0.0320; 0.0025; -0.0563; -0.1046; 0.0037; 0.2313; 17.02; 0.19; 12.05; 13.22; 0.18; 12.67; 0.0000; 0.0000; 0.0000; 1.0000; 0.0000; 0.0000; 0.00; 0.00; 0.00; 0.00; 0.00; 0.00; 86.02; 0.13; 4.40; 0
92; 0.7456; 0.0062; 0.0244; 0.0022; -0.0563; -0.1047; 0.0039; 0.2353; 16.12; 0.19; 11.50; 12.13; 0.17; 12.06; 0.0000; 0.0000; 0.0000; 1.0000; 0.0000; 0.0000; 0.00; 0.00; 0.00; 0.00; 0.00; 0.00; 86.59; 0.13; 4.54; 0
93; 0.7184; 0.0064; 0.0272; 0.0023; -0.0563; -0.1064; 0.0040; 0.2422; 15.27; 0.18; 10.95; 11.08; 0.16; 11.45; 0.0000; 0.0000; 0.0000; 1.0000; 0.0000; 0.0000; 0.00; 0.00; 0.00; 0.00; 0.00; 0.00; 87.21; 0.13; 4.71; 0
94; 0.6844; 0.0066; 0.0340; 0.0026; -0.0563; -0.0981; 0.0043; 0.2530; 14.69; 0.18; 10.47; 10.19; 0.15; 10.92; 0.0000; 0.0000; 0.0000; 1.0000; 0.0000; 0.0000; 0.00; 0.00; 0.00; 0.00; 0.00; 0.00; 87.94; 0.12; 4.93; 0
95; 0.6520; 0.0067; 0.0324; 0.0025; -0.0563; -0.0995; 0.0045; 0.2578; 14.08; 0.17; 9.93; 9.32; 0.15; 10.35; 0.0000; 0.0000; 0.0000; 1.0000; 0.0000; 0.0000; 0.00; 0.00; 0.00; 0.00; 0.00; 0.00; 88.60; 0.12; 5.12; 0
96; 0.6216; 0.0069; 0.0304; 0.0024; -0.0563; -0.0995; 0.0046; 0.2587; 13.50; 0.17; 9.52; 8.52; 0.14; 9.86; 0.0000; 0.0000; 0.0000; 1.0000; 0.0000; 0.0000; 0.00; 0.00; 0.00; 0.00; 0.00; 0.00; 89.19; 0.12; 5.31; 0
97; 0.5868; 0.0070; 0.0348; 0.0026; -0.0563; -0.0954; 0.0047; 0.2549; 13.07; 0.17; 9.06; 7.81; 0.13; 9.37; 0.0000; 0.0000; 0.0000; 1.0000; 0.0000; 0.0000; 0.00; 0.00; 0.00; 0.00; 0.00; 0.00; 89.85; 0.12; 5.52; 0
98; 0.5528; 0.0070; 0.0340; 0.0026; -0.0563; -0.1021; 0.0050; 0.2621; 12.64; 0.17; 8.74; 7.12; 0.13; 8.95; 0.0000; 0.0000; 0.0000; 1.0000; 0.0000; 0.0000; 0.00; 0.00; 0.00; 0.00; 0.00; 0.00; 90.47; 0.12; 5.73; 0
99; 0.5208; 0.0071; 0.0320; 0.0025; -0.0563; -0.1117; 0.0052; 0.2666; 12.07; 0.16; 8.41; 6.42; 0.12; 8.47; 0.0000; 0.0000; 0.0000; 1.0000; 0.0000; 0.0000; 0.00; 0.00; 0.00; 0.00; 0.00; 0.00; 91.04; 0.12; 5.93; 0
100; 0.4900; 0.0071; 0.0308; 0.0024; -0.0563; -0.0980; 0.0055; 0.2701; 11.68; 0.16; 8.15; 5.86; 0.11; 8.08; 0.0000; 0.0000; 0.0000; 1.0000; 0.0000; 0.0000; 0.00; 0.00; 0.00; 0.00; 0.00; 0.00; 91.58; 0.12; 6.13; 100
