    Year (Census)
    Proportion of populations extant, SE
    Proportion of populations going extinct for the first time in year, SE
    Deterministic growth, Stochastic growth, SE, SD
    Mean population size (across extant populations), SE, SD
    Mean population size (across all populations), SE, SD
    Population-based model: No genetic data (12 skipped fields)



    Mean time to extinction, SE, SD
    Median time to extinction
Year;PExtant;SE(PExtant);PExtinct;SE(PExtinct);det-r;stoch-r;SE(r);SD(r);N-extant;SE(N-extant);SD(N-extant);N-all;SE(N-all);SD(N-all);GeneDiv;SE(GD);SD(GD);Inbreed;SE(Inbr);SD(Inbr);nAlleles;SE(nAlleles);SD(nAlleles);nLethals;SE(nLethals);SD(nLethals);TE;SE(TE);SD(TE);medianTE
Default Scenario
Population 1: Population1
0; 1.0000; 0.0000; 0.0000; 0.0000; -0.0563;      0;      0;      0; 19472.00; 0.00; 0.00; 19472.00; 0.00; 0.00; 0.0000; 0.0000; 0.0000; 1.0000; 0.0000; 0.0000; 0.00; 0.00; 0.00; 0.00; 0.00; 0.00; 0.00; 0.00; 0.00; 0
1; 1.0000; 0.0000; 0.0000; 0.0000; -0.0563; -0.0620; 0.0013; 0.0894; 17728.42; 19.62; 1387.07; 17728.42; 19.62; 1387.07; 0.0000; 0.0000; 0.0000; 1.0000; 0.0000; 0.0000; 0.00; 0.00; 0.00; 0.00; 0.00; 0.00; 0.00; 0.00; 0.00; 0
2; 1.0000; 0.0000; 0.0000; 0.0000; -0.0563; -0.0593; 0.0013; 0.0896; 16468.58; 23.10; 1633.19; 16468.58; 23.10; 1633.19; 0.0000; 0.0000; 0.0000; 1.0000; 0.0000; 0.0000; 0.00; 0.00; 0.00; 0.00; 0.00; 0.00; 0.00; 0.00; 0.00; 0
3; 1.0000; 0.0000; 0.0000; 0.0000; -0.0563; -0.0596; 0.0013; 0.0912; 15438.53; 25.33; 1791.38; 15438.53; 25.33; 1791.38; 0.0000; 0.0000; 0.0000; 1.0000; 0.0000; 0.0000; 0.00; 0.00; 0.00; 0.00; 0.00; 0.00; 0.00; 0.00; 0.00; 0
4; 1.0000; 0.0000; 0.0000; 0.0000; -0.0563; -0.0569; 0.0013; 0.0912; 14550.70; 26.98; 1907.47; 14550.70; 26.98; 1907.47; 0.0000; 0.0000; 0.0000; 1.0000; 0.0000; 0.0000; 0.00; 0.00; 0.00; 0.00; 0.00; 0.00; 0.00; 0.00; 0.00; 0
5; 1.0000; 0.0000; 0.0000; 0.0000; -0.0563; -0.0627; 0.0013; 0.0897; 13669.71; 28.27; 1998.70; 13669.71; 28.27; 1998.70; 0.0000; 0.0000; 0.0000; 1.0000; 0.0000; 0.0000; 0.00; 0.00; 0.00; 0.00; 0.00; 0.00; 0.00; 0.00; 0.00; 0
6; 1.0000; 0.0000; 0.0000; 0.0000; -0.0563; -0.0567; 0.0013; 0.0898; 12930.29; 29.50; 2085.96; 12930.29; 29.50; 2085.96; 0.0000; 0.0000; 0.0000; 1.0000; 0.0000; 0.0000; 0.00; 0.00; 0.00; 0.00; 0.00; 0.00; 0.00; 0.00; 0.00; 0
7; 1.0000; 0.0000; 0.0000; 0.0000; -0.0563; -0.0566; 0.0013; 0.0905; 12238.70; 30.35; 2146.24; 12238.70; 30.35; 2146.24; 0.0000; 0.0000; 0.0000; 1.0000; 0.0000; 0.0000; 0.00; 0.00; 0.00; 0.00; 0.00; 0.00; 0.00; 0.00; 0.00; 0
8; 1.0000; 0.0000; 0.0000; 0.0000; -0.0563; -0.0601; 0.0013; 0.0903; 11543.91; 30.62; 2165.29; 11543.91; 30.62; 2165.29; 0.0000; 0.0000; 0.0000; 1.0000; 0.0000; 0.0000; 0.00; 0.00; 0.00; 0.00; 0.00; 0.00; 0.00; 0.00; 0.00; 0
9; 1.0000; 0.0000; 0.0000; 0.0000; -0.0563; -0.0573; 0.0013; 0.0903; 10923.12; 30.80; 2178.03; 10923.12; 30.80; 2178.03; 0.0000; 0.0000; 0.0000; 1.0000; 0.0000; 0.0000; 0.00; 0.00; 0.00; 0.00; 0.00; 0.00; 0.00; 0.00; 0.00; 0
10; 1.0000; 0.0000; 0.0000; 0.0000; -0.0563; -0.0570; 0.0013; 0.0908; 10344.30; 30.99; 2191.17; 10344.30; 30.99; 2191.17; 0.0000; 0.0000; 0.0000; 1.0000; 0.0000; 0.0000; 0.00; 0.00; 0.00; 0.00; 0.00; 0.00; 0.00; 0.00; 0.00; 0
11; 1.0000; 0.0000; 0.0000; 0.0000; -0.0563; -0.0617; 0.0013; 0.0915; 9749.73; 30.90; 2184.63; 9749.73; 30.90; 2184.63; 0.0000; 0.0000; 0.0000; 1.0000; 0.0000; 0.0000; 0.00; 0.00; 0.00; 0.00; 0.00; 0.00; 0.00; 0.00; 0.00; 0
12; 1.0000; 0.0000; 0.0000; 0.0000; -0.0563; -0.0578; 0.0013; 0.0931; 9226.09; 30.75; 2174.00; 9226.09; 30.75; 2174.00; 0.0000; 0.0000; 0.0000; 1.0000; 0.0000; 0.0000; 0.00; 0.00; 0.00; 0.00; 0.00; 0.00; 0.00; 0.00; 0.00; 0
13; 1.0000; 0.0000; 0.0000; 0.0000; -0.0563; -0.0602; 0.0013; 0.0913; 8711.47; 30.45; 2153.00; 8711.47; 30.45; 2153.00; 0.0000; 0.0000; 0.0000; 1.0000; 0.0000; 0.0000; 0.00; 0.00; 0.00; 0.00; 0.00; 0.00; 0.00; 0.00; 0.00; 0
14; 1.0000; 0.0000; 0.0000; 0.0000; -0.0563; -0.0612; 0.0013; 0.0926; 8217.07; 30.18; 2134.07; 8217.07; 30.18; 2134.07; 0.0000; 0.0000; 0.0000; 1.0000; 0.0000; 0.0000; 0.00; 0.00; 0.00; 0.00; 0.00; 0.00; 0.00; 0.00; 0.00; 0
15; 1.0000; 0.0000; 0.0000; 0.0000; -0.0563; -0.0592; 0.0013; 0.0903; 7762.90; 29.59; 2092.67; 7762.90; 29.59; 2092.67; 0.0000; 0.0000; 0.0000; 1.0000; 0.0000; 0.0000; 0.00; 0.00; 0.00; 0.00; 0.00; 0.00; 0.00; 0.00; 0.00; 0
16; 1.0000; 0.0000; 0.0000; 0.0000; -0.0563; -0.0578; 0.0013; 0.0906; 7344.33; 28.92; 2044.90; 7344.33; 28.92; 2044.90; 0.0000; 0.0000; 0.0000; 1.0000; 0.0000; 0.0000; 0.00; 0.00; 0.00; 0.00; 0.00; 0.00; 0.00; 0.00; 0.00; 0
17; 1.0000; 0.0000; 0.0000; 0.0000; -0.0563; -0.0594; 0.0013; 0.0918; 6943.73; 28.52; 2016.44; 6943.73; 28.52; 2016.44; 0.0000; 0.0000; 0.0000; 1.0000; 0.0000; 0.0000; 0.00; 0.00; 0.00; 0.00; 0.00; 0.00; 0.00; 0.00; 0.00; 0
18; 1.0000; 0.0000; 0.0000; 0.0000; -0.0563; -0.0578; 0.0013; 0.0895; 6568.12; 27.78; 1964.43; 6568.12; 27.78; 1964.43; 0.0000; 0.0000; 0.0000; 1.0000; 0.0000; 0.0000; 0.00; 0.00; 0.00; 0.00; 0.00; 0.00; 0.00; 0.00; 0.00; 0
19; 1.0000; 0.0000; 0.0000; 0.0000; -0.0563; -0.0573; 0.0013; 0.0914; 6217.32; 27.03; 1911.31; 6217.32; 27.03; 1911.31; 0.0000; 0.0000; 0.0000; 1.0000; 0.0000; 0.0000; 0.00; 0.00; 0.00; 0.00; 0.00; 0.00; 0.00; 0.00; 0.00; 0
20; 1.0000; 0.0000; 0.0000; 0.0000; -0.0563; -0.0608; 0.0013; 0.0905; 5865.33; 26.19; 1852.10; 5865.33; 26.19; 1852.10; 0.0000; 0.0000; 0.0000; 1.0000; 0.0000; 0.0000; 0.00; 0.00; 0.00; 0.00; 0.00; 0.00; 0.00; 0.00; 0.00; 0
21; 1.0000; 0.0000; 0.0000; 0.0000; -0.0563; -0.0588; 0.0013; 0.0909; 5541.32; 25.25; 1785.22; 5541.32; 25.25; 1785.22; 0.0000; 0.0000; 0.0000; 1.0000; 0.0000; 0.0000; 0.00; 0.00; 0.00; 0.00; 0.00; 0.00; 0.00; 0.00; 0.00; 0
22; 1.0000; 0.0000; 0.0000; 0.0000; -0.0563; -0.0596; 0.0013; 0.0913; 5235.25; 24.52; 1733.85; 5235.25; 24.52; 1733.85; 0.0000; 0.0000; 0.0000; 1.0000; 0.0000; 0.0000; 0.00; 0.00; 0.00; 0.00; 0.00; 0.00; 0.00; 0.00; 0.00; 0
23; 1.0000; 0.0000; 0.0000; 0.0000; -0.0563; -0.0577; 0.0013; 0.0903; 4956.12; 23.96; 1694.23; 4956.12; 23.96; 1694.23; 0.0000; 0.0000; 0.0000; 1.0000; 0.0000; 0.0000; 0.00; 0.00; 0.00; 0.00; 0.00; 0.00; 0.00; 0.00; 0.00; 0
24; 1.0000; 0.0000; 0.0000; 0.0000; -0.0563; -0.0595; 0.0013; 0.0899; 4680.29; 23.06; 1630.25; 4680.29; 23.06; 1630.25; 0.0000; 0.0000; 0.0000; 1.0000; 0.0000; 0.0000; 0.00; 0.00; 0.00; 0.00; 0.00; 0.00; 0.00; 0.00; 0.00; 0
25; 1.0000; 0.0000; 0.0000; 0.0000; -0.0563; -0.0581; 0.0013; 0.0904; 4429.84; 22.50; 1591.03; 4429.84; 22.50; 1591.03; 0.0000; 0.0000; 0.0000; 1.0000; 0.0000; 0.0000; 0.00; 0.00; 0.00; 0.00; 0.00; 0.00; 0.00; 0.00; 0.00; 0
26; 1.0000; 0.0000; 0.0000; 0.0000; -0.0563; -0.0588; 0.0013; 0.0912; 4186.89; 21.65; 1531.10; 4186.89; 21.65; 1531.10; 0.0000; 0.0000; 0.0000; 1.0000; 0.0000; 0.0000; 0.00; 0.00; 0.00; 0.00; 0.00; 0.00; 0.00; 0.00; 0.00; 0
27; 1.0000; 0.0000; 0.0000; 0.0000; -0.0563; -0.0589; 0.0013; 0.0917; 3957.01; 20.88; 1476.13; 3957.01; 20.88; 1476.13; 0.0000; 0.0000; 0.0000; 1.0000; 0.0000; 0.0000; 0.00; 0.00; 0.00; 0.00; 0.00; 0.00; 0.00; 0.00; 0.00; 0
28; 1.0000; 0.0000; 0.0000; 0.0000; -0.0563; -0.0605; 0.0013; 0.0909; 3732.96; 20.10; 1421.57; 3732.96; 20.10; 1421.57; 0.0000; 0.0000; 0.0000; 1.0000; 0.0000; 0.0000; 0.00; 0.00; 0.00; 0.00; 0.00; 0.00; 0.00; 0.00; 0.00; 0
29; 1.0000; 0.0000; 0.0000; 0.0000; -0.0563; -0.0596; 0.0013; 0.0921; 3528.27; 19.45; 1375.60; 3528.27; 19.45; 1375.60; 0.0000; 0.0000; 0.0000; 1.0000; 0.0000; 0.0000; 0.00; 0.00; 0.00; 0.00; 0.00; 0.00; 0.00; 0.00; 0.00; 0
30; 1.0000; 0.0000; 0.0000; 0.0000; -0.0563; -0.0599; 0.0013; 0.0934; 3330.69; 18.67; 1320.06; 3330.69; 18.67; 1320.06; 0.0000; 0.0000; 0.0000; 1.0000; 0.0000; 0.0000; 0.00; 0.00; 0.00; 0.00; 0.00; 0.00; 0.00; 0.00; 0.00; 0
31; 1.0000; 0.0000; 0.0000; 0.0000; -0.0563; -0.0570; 0.0013; 0.0917; 3153.82; 17.96; 1270.28; 3153.82; 17.96; 1270.28; 0.0000; 0.0000; 0.0000; 1.0000; 0.0000; 0.0000; 0.00; 0.00; 0.00; 0.00; 0.00; 0.00; 0.00; 0.00; 0.00; 0
32; 1.0000; 0.0000; 0.0000; 0.0000; -0.0563; -0.0570; 0.0013; 0.0903; 2985.56; 17.27; 1221.14; 2985.56; 17.27; 1221.14; 0.0000; 0.0000; 0.0000; 1.0000; 0.0000; 0.0000; 0.00; 0.00; 0.00; 0.00; 0.00; 0.00; 0.00; 0.00; 0.00; 0
33; 1.0000; 0.0000; 0.0000; 0.0000; -0.0563; -0.0618; 0.0013; 0.0923; 2813.90; 16.52; 1168.48; 2813.90; 16.52; 1168.48; 0.0000; 0.0000; 0.0000; 1.0000; 0.0000; 0.0000; 0.00; 0.00; 0.00; 0.00; 0.00; 0.00; 0.00; 0.00; 0.00; 0
34; 1.0000; 0.0000; 0.0000; 0.0000; -0.0563; -0.0571; 0.0013; 0.0905; 2663.74; 15.93; 1126.73; 2663.74; 15.93; 1126.73; 0.0000; 0.0000; 0.0000; 1.0000; 0.0000; 0.0000; 0.00; 0.00; 0.00; 0.00; 0.00; 0.00; 0.00; 0.00; 0.00; 0
35; 1.0000; 0.0000; 0.0000; 0.0000; -0.0563; -0.0590; 0.0013; 0.0909; 2516.94; 15.28; 1080.18; 2516.94; 15.28; 1080.18; 0.0000; 0.0000; 0.0000; 1.0000; 0.0000; 0.0000; 0.00; 0.00; 0.00; 0.00; 0.00; 0.00; 0.00; 0.00; 0.00; 0
36; 1.0000; 0.0000; 0.0000; 0.0000; -0.0563; -0.0595; 0.0013; 0.0900; 2379.72; 14.74; 1042.25; 2379.72; 14.74; 1042.25; 0.0000; 0.0000; 0.0000; 1.0000; 0.0000; 0.0000; 0.00; 0.00; 0.00; 0.00; 0.00; 0.00; 0.00; 0.00; 0.00; 0
37; 1.0000; 0.0000; 0.0000; 0.0000; -0.0563; -0.0594; 0.0013; 0.0915; 2247.65; 14.18; 1002.46; 2247.65; 14.18; 1002.46; 0.0000; 0.0000; 0.0000; 1.0000; 0.0000; 0.0000; 0.00; 0.00; 0.00; 0.00; 0.00; 0.00; 0.00; 0.00; 0.00; 0
38; 1.0000; 0.0000; 0.0000; 0.0000; -0.0563; -0.0582; 0.0013; 0.0924; 2127.24; 13.64; 964.71; 2127.24; 13.64; 964.71; 0.0000; 0.0000; 0.0000; 1.0000; 0.0000; 0.0000; 0.00; 0.00; 0.00; 0.00; 0.00; 0.00; 0.00; 0.00; 0.00; 0
39; 1.0000; 0.0000; 0.0000; 0.0000; -0.0563; -0.0578; 0.0013; 0.0921; 2009.89; 12.99; 918.68; 2009.89; 12.99; 918.68; 0.0000; 0.0000; 0.0000; 1.0000; 0.0000; 0.0000; 0.00; 0.00; 0.00; 0.00; 0.00; 0.00; 0.00; 0.00; 0.00; 0
40; 1.0000; 0.0000; 0.0000; 0.0000; -0.0563; -0.0587; 0.0013; 0.0915; 1902.34; 12.56; 888.33; 1902.34; 12.56; 888.33; 0.0000; 0.0000; 0.0000; 1.0000; 0.0000; 0.0000; 0.00; 0.00; 0.00; 0.00; 0.00; 0.00; 0.00; 0.00; 0.00; 0
41; 1.0000; 0.0000; 0.0000; 0.0000; -0.0563; -0.0578; 0.0013; 0.0898; 1800.29; 12.06; 852.57; 1800.29; 12.06; 852.57; 0.0000; 0.0000; 0.0000; 1.0000; 0.0000; 0.0000; 0.00; 0.00; 0.00; 0.00; 0.00; 0.00; 0.00; 0.00; 0.00; 0
42; 1.0000; 0.0000; 0.0000; 0.0000; -0.0563; -0.0584; 0.0013; 0.0920; 1701.86; 11.59; 819.41; 1701.86; 11.59; 819.41; 0.0000; 0.0000; 0.0000; 1.0000; 0.0000; 0.0000; 0.00; 0.00; 0.00; 0.00; 0.00; 0.00; 0.00; 0.00; 0.00; 0
43; 1.0000; 0.0000; 0.0000; 0.0000; -0.0563; -0.0583; 0.0013; 0.0914; 1610.90; 11.17; 789.61; 1610.90; 11.17; 789.61; 0.0000; 0.0000; 0.0000; 1.0000; 0.0000; 0.0000; 0.00; 0.00; 0.00; 0.00; 0.00; 0.00; 0.00; 0.00; 0.00; 0
44; 1.0000; 0.0000; 0.0000; 0.0000; -0.0563; -0.0590; 0.0013; 0.0898; 1523.28; 10.72; 757.69; 1523.28; 10.72; 757.69; 0.0000; 0.0000; 0.0000; 1.0000; 0.0000; 0.0000; 0.00; 0.00; 0.00; 0.00; 0.00; 0.00; 0.00; 0.00; 0.00; 0
45; 1.0000; 0.0000; 0.0000; 0.0000; -0.0563; -0.0584; 0.0013; 0.0911; 1440.30; 10.26; 725.23; 1440.30; 10.26; 725.23; 0.0000; 0.0000; 0.0000; 1.0000; 0.0000; 0.0000; 0.00; 0.00; 0.00; 0.00; 0.00; 0.00; 0.00; 0.00; 0.00; 0
46; 1.0000; 0.0000; 0.0000; 0.0000; -0.0563; -0.0584; 0.0013; 0.0898; 1361.14; 9.78; 691.53; 1361.14; 9.78; 691.53; 0.0000; 0.0000; 0.0000; 1.0000; 0.0000; 0.0000; 0.00; 0.00; 0.00; 0.00; 0.00; 0.00; 0.00; 0.00; 0.00; 0
47; 1.0000; 0.0000; 0.0000; 0.0000; -0.0563; -0.0607; 0.0013; 0.0909; 1285.72; 9.43; 666.52; 1285.72; 9.43; 666.52; 0.0000; 0.0000; 0.0000; 1.0000; 0.0000; 0.0000; 0.00; 0.00; 0.00; 0.00; 0.00; 0.00; 0.00; 0.00; 0.00; 0
48; 1.0000; 0.0000; 0.0000; 0.0000; -0.0563; -0.0593; 0.0013; 0.0912; 1216.85; 9.10; 643.23; 1216.85; 9.10; 643.23; 0.0000; 0.0000; 0.0000; 1.0000; 0.0000; 0.0000; 0.00; 0.00; 0.00; 0.00; 0.00; 0.00; 0.00; 0.00; 0.00; 0
49; 1.0000; 0.0000; 0.0000; 0.0000; -0.0563; -0.0584; 0.0013; 0.0905; 1152.03; 8.82; 623.48; 1152.03; 8.82; 623.48; 0.0000; 0.0000; 0.0000; 1.0000; 0.0000; 0.0000; 0.00; 0.00; 0.00; 0.00; 0.00; 0.00; 0.00; 0.00; 0.00; 0
50; 1.0000; 0.0000; 0.0000; 0.0000; -0.0563; -0.0593; 0.0013; 0.0910; 1088.68; 8.39; 593.03; 1088.68; 8.39; 593.03; 0.0000; 0.0000; 0.0000; 1.0000; 0.0000; 0.0000; 0.00; 0.00; 0.00; 0.00; 0.00; 0.00; 0.00; 0.00; 0.00; 0
51; 1.0000; 0.0000; 0.0000; 0.0000; -0.0563; -0.0587; 0.0013; 0.0893; 1031.01; 8.07; 570.38; 1031.01; 8.07; 570.38; 0.0000; 0.0000; 0.0000; 1.0000; 0.0000; 0.0000; 0.00; 0.00; 0.00; 0.00; 0.00; 0.00; 0.00; 0.00; 0.00; 0
52; 1.0000; 0.0000; 0.0000; 0.0000; -0.0563; -0.0602; 0.0013; 0.0895; 972.73; 7.66; 541.51; 972.73; 7.66; 541.51; 0.0000; 0.0000; 0.0000; 1.0000; 0.0000; 0.0000; 0.00; 0.00; 0.00; 0.00; 0.00; 0.00; 0.00; 0.00; 0.00; 0
53; 1.0000; 0.0000; 0.0000; 0.0000; -0.0563; -0.0615; 0.0013; 0.0908; 917.27; 7.31; 517.24; 917.27; 7.31; 517.24; 0.0000; 0.0000; 0.0000; 1.0000; 0.0000; 0.0000; 0.00; 0.00; 0.00; 0.00; 0.00; 0.00; 0.00; 0.00; 0.00; 0
54; 1.0000; 0.0000; 0.0000; 0.0000; -0.0563; -0.0575; 0.0013; 0.0903; 867.71; 6.96; 492.22; 867.71; 6.96; 492.22; 0.0000; 0.0000; 0.0000; 1.0000; 0.0000; 0.0000; 0.00; 0.00; 0.00; 0.00; 0.00; 0.00; 0.00; 0.00; 0.00; 0
55; 1.0000; 0.0000; 0.0000; 0.0000; -0.0563; -0.0582; 0.0013; 0.0919; 820.35; 6.60; 466.66; 820.35; 6.60; 466.66; 0.0000; 0.0000; 0.0000; 1.0000; 0.0000; 0.0000; 0.00; 0.00; 0.00; 0.00; 0.00; 0.00; 0.00; 0.00; 0.00; 0
56; 1.0000; 0.0000; 0.0000; 0.0000; -0.0563; -0.0582; 0.0013; 0.0910; 776.38; 6.33; 447.82; 776.38; 6.33; 447.82; 0.0000; 0.0000; 0.0000; 1.0000; 0.0000; 0.0000; 0.00; 0.00; 0.00; 0.00; 0.00; 0.00; 0.00; 0.00; 0.00; 0
57; 1.0000; 0.0000; 0.0000; 0.0000; -0.0563; -0.0606; 0.0013; 0.0912; 731.93; 6.04; 426.92; 731.93; 6.04; 426.92; 0.0000; 0.0000; 0.0000; 1.0000; 0.0000; 0.0000; 0.00; 0.00; 0.00; 0.00; 0.00; 0.00; 0.00; 0.00; 0.00; 0
58; 1.0000; 0.0000; 0.0000; 0.0000; -0.0563; -0.0583; 0.0013; 0.0923; 692.14; 5.75; 406.36; 692.14; 5.75; 406.36; 0.0000; 0.0000; 0.0000; 1.0000; 0.0000; 0.0000; 0.00; 0.00; 0.00; 0.00; 0.00; 0.00; 0.00; 0.00; 0.00; 0
59; 1.0000; 0.0000; 0.0000; 0.0000; -0.0563; -0.0611; 0.0013; 0.0913; 653.27; 5.49; 388.50; 653.27; 5.49; 388.50; 0.0000; 0.0000; 0.0000; 1.0000; 0.0000; 0.0000; 0.00; 0.00; 0.00; 0.00; 0.00; 0.00; 0.00; 0.00; 0.00; 0
60; 1.0000; 0.0000; 0.0000; 0.0000; -0.0563; -0.0592; 0.0013; 0.0910; 617.96; 5.26; 372.28; 617.96; 5.26; 372.28; 0.0000; 0.0000; 0.0000; 1.0000; 0.0000; 0.0000; 0.00; 0.00; 0.00; 0.00; 0.00; 0.00; 0.00; 0.00; 0.00; 0
61; 1.0000; 0.0000; 0.0000; 0.0000; -0.0563; -0.0559; 0.0013; 0.0921; 585.70; 5.03; 355.85; 585.70; 5.03; 355.85; 0.0000; 0.0000; 0.0000; 1.0000; 0.0000; 0.0000; 0.00; 0.00; 0.00; 0.00; 0.00; 0.00; 0.00; 0.00; 0.00; 0
62; 1.0000; 0.0000; 0.0000; 0.0000; -0.0563; -0.0586; 0.0013; 0.0920; 554.05; 4.81; 340.40; 554.05; 4.81; 340.40; 0.0000; 0.0000; 0.0000; 1.0000; 0.0000; 0.0000; 0.00; 0.00; 0.00; 0.00; 0.00; 0.00; 0.00; 0.00; 0.00; 0
63; 1.0000; 0.0000; 0.0000; 0.0000; -0.0563; -0.0611; 0.0013; 0.0914; 522.46; 4.56; 322.63; 522.46; 4.56; 322.63; 0.0000; 0.0000; 0.0000; 1.0000; 0.0000; 0.0000; 0.00; 0.00; 0.00; 0.00; 0.00; 0.00; 0.00; 0.00; 0.00; 0
64; 1.0000; 0.0000; 0.0000; 0.0000; -0.0563; -0.0573; 0.0013; 0.0906; 494.38; 4.36; 308.46; 494.38; 4.36; 308.46; 0.0000; 0.0000; 0.0000; 1.0000; 0.0000; 0.0000; 0.00; 0.00; 0.00; 0.00; 0.00; 0.00; 0.00; 0.00; 0.00; 0
65; 1.0000; 0.0000; 0.0000; 0.0000; -0.0563; -0.0584; 0.0013; 0.0902; 467.32; 4.15; 293.17; 467.32; 4.15; 293.17; 0.0000; 0.0000; 0.0000; 1.0000; 0.0000; 0.0000; 0.00; 0.00; 0.00; 0.00; 0.00; 0.00; 0.00; 0.00; 0.00; 0
66; 1.0000; 0.0000; 0.0000; 0.0000; -0.0563; -0.0586; 0.0013; 0.0913; 441.81; 3.93; 277.94; 441.81; 3.93; 277.94; 0.0000; 0.0000; 0.0000; 1.0000; 0.0000; 0.0000; 0.00; 0.00; 0.00; 0.00; 0.00; 0.00; 0.00; 0.00; 0.00; 0
67; 1.0000; 0.0000; 0.0000; 0.0000; -0.0563; -0.0595; 0.0013; 0.0925; 417.34; 3.74; 264.72; 417.34; 3.74; 264.72; 0.0000; 0.0000; 0.0000; 1.0000; 0.0000; 0.0000; 0.00; 0.00; 0.00; 0.00; 0.00; 0.00; 0.00; 0.00; 0.00; 0
68; 1.0000; 0.0000; 0.0000; 0.0000; -0.0563; -0.0598; 0.0013; 0.0902; 394.20; 3.57; 252.31; 394.20; 3.57; 252.31; 0.0000; 0.0000; 0.0000; 1.0000; 0.0000; 0.0000; 0.00; 0.00; 0.00; 0.00; 0.00; 0.00; 0.00; 0.00; 0.00; 0
69; 1.0000; 0.0000; 0.0000; 0.0000; -0.0563; -0.0581; 0.0013; 0.0910; 372.34; 3.38; 239.30; 372.34; 3.38; 239.30; 0.0000; 0.0000; 0.0000; 1.0000; 0.0000; 0.0000; 0.00; 0.00; 0.00; 0.00; 0.00; 0.00; 0.00; 0.00; 0.00; 0
70; 1.0000; 0.0000; 0.0000; 0.0000; -0.0563; -0.0584; 0.0013; 0.0910; 352.13; 3.24; 228.81; 352.13; 3.24; 228.81; 0.0000; 0.0000; 0.0000; 1.0000; 0.0000; 0.0000; 0.00; 0.00; 0.00; 0.00; 0.00; 0.00; 0.00; 0.00; 0.00; 0
71; 1.0000; 0.0000; 0.0000; 0.0000; -0.0563; -0.0582; 0.0013; 0.0922; 333.05; 3.09; 218.35; 333.05; 3.09; 218.35; 0.0000; 0.0000; 0.0000; 1.0000; 0.0000; 0.0000; 0.00; 0.00; 0.00; 0.00; 0.00; 0.00; 0.00; 0.00; 0.00; 0
72; 1.0000; 0.0000; 0.0000; 0.0000; -0.0563; -0.0599; 0.0013; 0.0912; 314.53; 2.94; 207.84; 314.53; 2.94; 207.84; 0.0000; 0.0000; 0.0000; 1.0000; 0.0000; 0.0000; 0.00; 0.00; 0.00; 0.00; 0.00; 0.00; 0.00; 0.00; 0.00; 0
73; 1.0000; 0.0000; 0.0000; 0.0000; -0.0563; -0.0575; 0.0013; 0.0908; 297.42; 2.80; 197.81; 297.42; 2.80; 197.81; 0.0000; 0.0000; 0.0000; 1.0000; 0.0000; 0.0000; 0.00; 0.00; 0.00; 0.00; 0.00; 0.00; 0.00; 0.00; 0.00; 0
74; 1.0000; 0.0000; 0.0000; 0.0000; -0.0563; -0.0592; 0.0013; 0.0925; 281.05; 2.66; 188.08; 281.05; 2.66; 188.08; 0.0000; 0.0000; 0.0000; 1.0000; 0.0000; 0.0000; 0.00; 0.00; 0.00; 0.00; 0.00; 0.00; 0.00; 0.00; 0.00; 0
75; 1.0000; 0.0000; 0.0000; 0.0000; -0.0563; -0.0605; 0.0013; 0.0930; 265.71; 2.55; 180.27; 265.71; 2.55; 180.27; 0.0000; 0.0000; 0.0000; 1.0000; 0.0000; 0.0000; 0.00; 0.00; 0.00; 0.00; 0.00; 0.00; 0.00; 0.00; 0.00; 0
76; 1.0000; 0.0000; 0.0000; 0.0000; -0.0563; -0.0595; 0.0013; 0.0932; 251.28; 2.44; 172.40; 251.28; 2.44; 172.40; 0.0000; 0.0000; 0.0000; 1.0000; 0.0000; 0.0000; 0.00; 0.00; 0.00; 0.00; 0.00; 0.00; 0.00; 0.00; 0.00; 0
77; 1.0000; 0.0000; 0.0000; 0.0000; -0.0563; -0.0589; 0.0013; 0.0934; 237.45; 2.31; 163.67; 237.45; 2.31; 163.67; 0.0000; 0.0000; 0.0000; 1.0000; 0.0000; 0.0000; 0.00; 0.00; 0.00; 0.00; 0.00; 0.00; 0.00; 0.00; 0.00; 0
78; 1.0000; 0.0000; 0.0000; 0.0000; -0.0563; -0.0591; 0.0013; 0.0933; 224.42; 2.21; 155.96; 224.42; 2.21; 155.96; 0.0000; 0.0000; 0.0000; 1.0000; 0.0000; 0.0000; 0.00; 0.00; 0.00; 0.00; 0.00; 0.00; 0.00; 0.00; 0.00; 0
79; 1.0000; 0.0000; 0.0000; 0.0000; -0.0563; -0.0591; 0.0013; 0.0946; 212.56; 2.11; 149.51; 212.56; 2.11; 149.51; 0.0000; 0.0000; 0.0000; 1.0000; 0.0000; 0.0000; 0.00; 0.00; 0.00; 0.00; 0.00; 0.00; 0.00; 0.00; 0.00; 0
80; 1.0000; 0.0000; 0.0000; 0.0000; -0.0563; -0.0586; 0.0013; 0.0919; 201.13; 2.02; 143.05; 201.13; 2.02; 143.05; 0.0000; 0.0000; 0.0000; 1.0000; 0.0000; 0.0000; 0.00; 0.00; 0.00; 0.00; 0.00; 0.00; 0.00; 0.00; 0.00; 0
81; 1.0000; 0.0000; 0.0000; 0.0000; -0.0563; -0.0599; 0.0013; 0.0940; 190.47; 1.96; 138.78; 190.47; 1.96; 138.78; 0.0000; 0.0000; 0.0000; 1.0000; 0.0000; 0.0000; 0.00; 0.00; 0.00; 0.00; 0.00; 0.00; 0.00; 0.00; 0.00; 0
82; 1.0000; 0.0000; 0.0000; 0.0000; -0.0563; -0.0580; 0.0013; 0.0953; 180.07; 1.86; 131.39; 180.07; 1.86; 131.39; 0.0000; 0.0000; 0.0000; 1.0000; 0.0000; 0.0000; 0.00; 0.00; 0.00; 0.00; 0.00; 0.00; 0.00; 0.00; 0.00; 0
83; 1.0000; 0.0000; 0.0000; 0.0000; -0.0563; -0.0570; 0.0013; 0.0953; 170.71; 1.77; 125.13; 170.71; 1.77; 125.13; 0.0000; 0.0000; 0.0000; 1.0000; 0.0000; 0.0000; 0.00; 0.00; 0.00; 0.00; 0.00; 0.00; 0.00; 0.00; 0.00; 0
84; 0.9998; 0.0002; 0.0002; 0.0002; -0.0563; -0.0608; 0.0014; 0.0961; 161.23; 1.68; 119.00; 161.20; 1.68; 119.01; 0.0000; 0.0000; 0.0000; 1.0000; 0.0000; 0.0000; 0.00; 0.00; 0.00; 0.00; 0.00; 0.00; 84.00; 0.00; 0.00; 0
85; 0.9998; 0.0002; 0.0000; 0.0000; -0.0563; -0.0582; 0.0014; 0.0965; 152.73; 1.62; 114.35; 152.70; 1.62; 114.36; 0.0000; 0.0000; 0.0000; 1.0000; 0.0000; 0.0000; 0.00; 0.00; 0.00; 0.00; 0.00; 0.00; 84.00; 0.00; 0.00; 0
86; 0.9998; 0.0002; 0.0000; 0.0000; -0.0563; -0.0591; 0.0014; 0.0987; 144.47; 1.54; 108.96; 144.44; 1.54; 108.96; 0.0000; 0.0000; 0.0000; 1.0000; 0.0000; 0.0000; 0.00; 0.00; 0.00; 0.00; 0.00; 0.00; 84.00; 0.00; 0.00; 0
87; 0.9996; 0.0003; 0.0002; 0.0002; -0.0563; -0.0622; 0.0014; 0.0986; 136.33; 1.46; 103.45; 136.28; 1.46; 103.46; 0.0000; 0.0000; 0.0000; 1.0000; 0.0000; 0.0000; 0.00; 0.00; 0.00; 0.00; 0.00; 0.00; 85.50; 1.50; 2.12; 0
88; 0.9996; 0.0003; 0.0000; 0.0000; -0.0563; -0.0611; 0.0014; 0.0995; 128.94; 1.40; 98.82; 128.89; 1.40; 98.83; 0.0000; 0.0000; 0.0000; 1.0000; 0.0000; 0.0000; 0.00; 0.00; 0.00; 0.00; 0.00; 0.00; 85.50; 1.50; 2.12; 0
89; 0.9996; 0.0003; 0.0000; 0.0000; -0.0563; -0.0626; 0.0015; 0.1027; 121.63; 1.33; 93.78; 121.58; 1.33; 93.79; 0.0000; 0.0000; 0.0000; 1.0000; 0.0000; 0.0000; 0.00; 0.00; 0.00; 0.00; 0.00; 0.00; 85.50; 1.50; 2.12; 0
90; 0.9990; 0.0004; 0.0006; 0.0003; -0.0563; -0.0600; 0.0014; 0.1008; 115.01; 1.26; 89.23; 114.90; 1.26; 89.25; 0.0000; 0.0000; 0.0000; 1.0000; 0.0000; 0.0000; 0.00; 0.00; 0.00; 0.00; 0.00; 0.00; 88.20; 1.20; 2.68; 0
91; 0.9988; 0.0005; 0.0002; 0.0002; -0.0563; -0.0594; 0.0015; 0.1028; 108.85; 1.21; 85.21; 108.72; 1.21; 85.24; 0.0000; 0.0000; 0.0000; 1.0000; 0.0000; 0.0000; 0.00; 0.00; 0.00; 0.00; 0.00; 0.00; 88.67; 1.09; 2.66; 0
92; 0.9984; 0.0006; 0.0004; 0.0003; -0.0563; -0.0599; 0.0015; 0.1037; 102.98; 1.15; 80.98; 102.82; 1.15; 81.02; 0.0000; 0.0000; 0.0000; 1.0000; 0.0000; 0.0000; 0.00; 0.00; 0.00; 0.00; 0.00; 0.00; 89.50; 0.96; 2.73; 0
93; 0.9980; 0.0006; 0.0004; 0.0003; -0.0563; -0.0629; 0.0015; 0.1088; 97.31; 1.09; 76.66; 97.12; 1.08; 76.70; 0.0000; 0.0000; 0.0000; 1.0000; 0.0000; 0.0000; 0.00; 0.00; 0.00; 0.00; 0.00; 0.00; 90.20; 0.89; 2.82; 0
94; 0.9972; 0.0007; 0.0008; 0.0004; -0.0563; -0.0610; 0.0015; 0.1075; 92.01; 1.04; 73.12; 91.75; 1.03; 73.18; 0.0000; 0.0000; 0.0000; 1.0000; 0.0000; 0.0000; 0.00; 0.00; 0.00; 0.00; 0.00; 0.00; 91.29; 0.79; 2.95; 0
95; 0.9962; 0.0009; 0.0010; 0.0004; -0.0563; -0.0635; 0.0016; 0.1106; 87.02; 0.99; 69.73; 86.69; 0.99; 69.80; 0.0000; 0.0000; 0.0000; 1.0000; 0.0000; 0.0000; 0.00; 0.00; 0.00; 0.00; 0.00; 0.00; 92.26; 0.69; 3.02; 0
96; 0.9950; 0.0010; 0.0012; 0.0005; -0.0563; -0.0629; 0.0016; 0.1129; 82.35; 0.94; 66.56; 81.94; 0.94; 66.64; 0.0000; 0.0000; 0.0000; 1.0000; 0.0000; 0.0000; 0.00; 0.00; 0.00; 0.00; 0.00; 0.00; 93.16; 0.62; 3.08; 0
97; 0.9940; 0.0011; 0.0010; 0.0004; -0.0563; -0.0645; 0.0017; 0.1194; 77.76; 0.89; 63.06; 77.29; 0.89; 63.15; 0.0000; 0.0000; 0.0000; 1.0000; 0.0000; 0.0000; 0.00; 0.00; 0.00; 0.00; 0.00; 0.00; 93.80; 0.58; 3.16; 0
98; 0.9928; 0.0012; 0.0012; 0.0005; -0.0563; -0.0651; 0.0017; 0.1165; 73.44; 0.85; 60.00; 72.91; 0.85; 60.10; 0.0000; 0.0000; 0.0000; 1.0000; 0.0000; 0.0000; 0.00; 0.00; 0.00; 0.00; 0.00; 0.00; 94.50; 0.55; 3.28; 0
99; 0.9912; 0.0013; 0.0016; 0.0006; -0.0563; -0.0611; 0.0017; 0.1207; 69.63; 0.81; 56.94; 69.02; 0.81; 57.06; 0.0000; 0.0000; 0.0000; 1.0000; 0.0000; 0.0000; 0.00; 0.00; 0.00; 0.00; 0.00; 0.00; 95.32; 0.52; 3.44; 0
100; 0.9882; 0.0015; 0.0030; 0.0008; -0.0563; -0.0631; 0.0018; 0.1259; 65.85; 0.77; 53.91; 65.08; 0.76; 54.05; 0.0000; 0.0000; 0.0000; 1.0000; 0.0000; 0.0000; 0.00; 0.00; 0.00; 0.00; 0.00; 0.00; 96.51; 0.47; 3.61; 0
