    Year (Census)
    Proportion of populations extant, SE
    Proportion of populations going extinct for the first time in year, SE
    Deterministic growth, Stochastic growth, SE, SD
    Mean population size (across extant populations), SE, SD
    Mean population size (across all populations), SE, SD
    Population-based model: No genetic data (12 skipped fields)



    Mean time to extinction, SE, SD
    Median time to extinction
Year;PExtant;SE(PExtant);PExtinct;SE(PExtinct);det-r;stoch-r;SE(r);SD(r);N-extant;SE(N-extant);SD(N-extant);N-all;SE(N-all);SD(N-all);GeneDiv;SE(GD);SD(GD);Inbreed;SE(Inbr);SD(Inbr);nAlleles;SE(nAlleles);SD(nAlleles);nLethals;SE(nLethals);SD(nLethals);TE;SE(TE);SD(TE);medianTE
Default Scenario
Population 1: Population1
0; 1.0000; 0.0000; 0.0000; 0.0000; 0.5310;      0;      0;      0; 34823.00; 0.00; 0.00; 34823.00; 0.00; 0.00; 0.0000; 0.0000; 0.0000; 1.0000; 0.0000; 0.0000; 0.00; 0.00; 0.00; 0.00; 0.00; 0.00; 0.00; 0.00; 0.00; 0
1; 1.0000; 0.0000; 0.0000; 0.0000; 0.5310; 0.5277; 0.0013; 0.0943; 34845.44; 48.37; 3420.14; 34845.44; 48.37; 3420.14; 0.0000; 0.0000; 0.0000; 1.0000; 0.0000; 0.0000; 0.00; 0.00; 0.00; 0.00; 0.00; 0.00; 0.00; 0.00; 0.00; 0
2; 1.0000; 0.0000; 0.0000; 0.0000; 0.5310; 0.4718; 0.0014; 0.0978; 34896.94; 48.43; 3424.49; 34896.94; 48.43; 3424.49; 0.0000; 0.0000; 0.0000; 1.0000; 0.0000; 0.0000; 0.00; 0.00; 0.00; 0.00; 0.00; 0.00; 0.00; 0.00; 0.00; 0
3; 1.0000; 0.0000; 0.0000; 0.0000; 0.5310; 0.4754; 0.0014; 0.0990; 34880.75; 48.59; 3435.92; 34880.75; 48.59; 3435.92; 0.0000; 0.0000; 0.0000; 1.0000; 0.0000; 0.0000; 0.00; 0.00; 0.00; 0.00; 0.00; 0.00; 0.00; 0.00; 0.00; 0
4; 1.0000; 0.0000; 0.0000; 0.0000; 0.5310; 0.4745; 0.0014; 0.0980; 34881.17; 49.25; 3482.72; 34881.17; 49.25; 3482.72; 0.0000; 0.0000; 0.0000; 1.0000; 0.0000; 0.0000; 0.00; 0.00; 0.00; 0.00; 0.00; 0.00; 0.00; 0.00; 0.00; 0
5; 1.0000; 0.0000; 0.0000; 0.0000; 0.5310; 0.4734; 0.0014; 0.0989; 34926.11; 48.22; 3409.55; 34926.11; 48.22; 3409.55; 0.0000; 0.0000; 0.0000; 1.0000; 0.0000; 0.0000; 0.00; 0.00; 0.00; 0.00; 0.00; 0.00; 0.00; 0.00; 0.00; 0
6; 1.0000; 0.0000; 0.0000; 0.0000; 0.5310; 0.4762; 0.0014; 0.0999; 34912.62; 48.94; 3460.89; 34912.62; 48.94; 3460.89; 0.0000; 0.0000; 0.0000; 1.0000; 0.0000; 0.0000; 0.00; 0.00; 0.00; 0.00; 0.00; 0.00; 0.00; 0.00; 0.00; 0
7; 1.0000; 0.0000; 0.0000; 0.0000; 0.5310; 0.4744; 0.0014; 0.0993; 34991.40; 49.36; 3490.11; 34991.40; 49.36; 3490.11; 0.0000; 0.0000; 0.0000; 1.0000; 0.0000; 0.0000; 0.00; 0.00; 0.00; 0.00; 0.00; 0.00; 0.00; 0.00; 0.00; 0
8; 1.0000; 0.0000; 0.0000; 0.0000; 0.5310; 0.4761; 0.0014; 0.0998; 34922.81; 47.88; 3385.67; 34922.81; 47.88; 3385.67; 0.0000; 0.0000; 0.0000; 1.0000; 0.0000; 0.0000; 0.00; 0.00; 0.00; 0.00; 0.00; 0.00; 0.00; 0.00; 0.00; 0
9; 1.0000; 0.0000; 0.0000; 0.0000; 0.5310; 0.4730; 0.0014; 0.0992; 34903.62; 48.12; 3402.42; 34903.62; 48.12; 3402.42; 0.0000; 0.0000; 0.0000; 1.0000; 0.0000; 0.0000; 0.00; 0.00; 0.00; 0.00; 0.00; 0.00; 0.00; 0.00; 0.00; 0
10; 1.0000; 0.0000; 0.0000; 0.0000; 0.5310; 0.4733; 0.0014; 0.0990; 34930.41; 48.82; 3452.40; 34930.41; 48.82; 3452.40; 0.0000; 0.0000; 0.0000; 1.0000; 0.0000; 0.0000; 0.00; 0.00; 0.00; 0.00; 0.00; 0.00; 0.00; 0.00; 0.00; 0
11; 1.0000; 0.0000; 0.0000; 0.0000; 0.5310; 0.4756; 0.0014; 0.0985; 34850.15; 48.91; 3458.36; 34850.15; 48.91; 3458.36; 0.0000; 0.0000; 0.0000; 1.0000; 0.0000; 0.0000; 0.00; 0.00; 0.00; 0.00; 0.00; 0.00; 0.00; 0.00; 0.00; 0
12; 1.0000; 0.0000; 0.0000; 0.0000; 0.5310; 0.4775; 0.0014; 0.1003; 34950.16; 48.47; 3427.58; 34950.16; 48.47; 3427.58; 0.0000; 0.0000; 0.0000; 1.0000; 0.0000; 0.0000; 0.00; 0.00; 0.00; 0.00; 0.00; 0.00; 0.00; 0.00; 0.00; 0
13; 1.0000; 0.0000; 0.0000; 0.0000; 0.5310; 0.4762; 0.0014; 0.0978; 34973.26; 48.63; 3438.78; 34973.26; 48.63; 3438.78; 0.0000; 0.0000; 0.0000; 1.0000; 0.0000; 0.0000; 0.00; 0.00; 0.00; 0.00; 0.00; 0.00; 0.00; 0.00; 0.00; 0
14; 1.0000; 0.0000; 0.0000; 0.0000; 0.5310; 0.4727; 0.0014; 0.1005; 34950.45; 48.17; 3406.14; 34950.45; 48.17; 3406.14; 0.0000; 0.0000; 0.0000; 1.0000; 0.0000; 0.0000; 0.00; 0.00; 0.00; 0.00; 0.00; 0.00; 0.00; 0.00; 0.00; 0
15; 1.0000; 0.0000; 0.0000; 0.0000; 0.5310; 0.4712; 0.0014; 0.1006; 34909.54; 49.26; 3483.07; 34909.54; 49.26; 3483.07; 0.0000; 0.0000; 0.0000; 1.0000; 0.0000; 0.0000; 0.00; 0.00; 0.00; 0.00; 0.00; 0.00; 0.00; 0.00; 0.00; 0
16; 1.0000; 0.0000; 0.0000; 0.0000; 0.5310; 0.4727; 0.0014; 0.0986; 34849.27; 48.60; 3436.20; 34849.27; 48.60; 3436.20; 0.0000; 0.0000; 0.0000; 1.0000; 0.0000; 0.0000; 0.00; 0.00; 0.00; 0.00; 0.00; 0.00; 0.00; 0.00; 0.00; 0
17; 1.0000; 0.0000; 0.0000; 0.0000; 0.5310; 0.4731; 0.0014; 0.0988; 34893.41; 47.60; 3365.63; 34893.41; 47.60; 3365.63; 0.0000; 0.0000; 0.0000; 1.0000; 0.0000; 0.0000; 0.00; 0.00; 0.00; 0.00; 0.00; 0.00; 0.00; 0.00; 0.00; 0
18; 1.0000; 0.0000; 0.0000; 0.0000; 0.5310; 0.5276; 0.0013; 0.0941; 34935.22; 49.23; 3480.80; 34935.22; 49.23; 3480.80; 0.0000; 0.0000; 0.0000; 1.0000; 0.0000; 0.0000; 0.00; 0.00; 0.00; 0.00; 0.00; 0.00; 0.00; 0.00; 0.00; 0
19; 1.0000; 0.0000; 0.0000; 0.0000; 0.5310; 0.5238; 0.0013; 0.0932; 34974.57; 49.19; 3478.32; 34974.57; 49.19; 3478.32; 0.0000; 0.0000; 0.0000; 1.0000; 0.0000; 0.0000; 0.00; 0.00; 0.00; 0.00; 0.00; 0.00; 0.00; 0.00; 0.00; 0
20; 1.0000; 0.0000; 0.0000; 0.0000; 0.5310; 0.5247; 0.0013; 0.0942; 34972.28; 48.58; 3435.16; 34972.28; 48.58; 3435.16; 0.0000; 0.0000; 0.0000; 1.0000; 0.0000; 0.0000; 0.00; 0.00; 0.00; 0.00; 0.00; 0.00; 0.00; 0.00; 0.00; 0
21; 1.0000; 0.0000; 0.0000; 0.0000; 0.5310; 0.5251; 0.0013; 0.0926; 34871.20; 48.39; 3421.56; 34871.20; 48.39; 3421.56; 0.0000; 0.0000; 0.0000; 1.0000; 0.0000; 0.0000; 0.00; 0.00; 0.00; 0.00; 0.00; 0.00; 0.00; 0.00; 0.00; 0
22; 1.0000; 0.0000; 0.0000; 0.0000; 0.5310; 0.5252; 0.0013; 0.0937; 34908.32; 49.04; 3467.38; 34908.32; 49.04; 3467.38; 0.0000; 0.0000; 0.0000; 1.0000; 0.0000; 0.0000; 0.00; 0.00; 0.00; 0.00; 0.00; 0.00; 0.00; 0.00; 0.00; 0
23; 1.0000; 0.0000; 0.0000; 0.0000; 0.5310; 0.5255; 0.0013; 0.0936; 34952.64; 49.61; 3507.76; 34952.64; 49.61; 3507.76; 0.0000; 0.0000; 0.0000; 1.0000; 0.0000; 0.0000; 0.00; 0.00; 0.00; 0.00; 0.00; 0.00; 0.00; 0.00; 0.00; 0
24; 1.0000; 0.0000; 0.0000; 0.0000; 0.5310; 0.5270; 0.0013; 0.0934; 34963.43; 49.77; 3519.48; 34963.43; 49.77; 3519.48; 0.0000; 0.0000; 0.0000; 1.0000; 0.0000; 0.0000; 0.00; 0.00; 0.00; 0.00; 0.00; 0.00; 0.00; 0.00; 0.00; 0
25; 1.0000; 0.0000; 0.0000; 0.0000; 0.5310; 0.5244; 0.0013; 0.0938; 34941.64; 48.01; 3394.59; 34941.64; 48.01; 3394.59; 0.0000; 0.0000; 0.0000; 1.0000; 0.0000; 0.0000; 0.00; 0.00; 0.00; 0.00; 0.00; 0.00; 0.00; 0.00; 0.00; 0
26; 1.0000; 0.0000; 0.0000; 0.0000; 0.5310; 0.5273; 0.0013; 0.0927; 34893.58; 49.23; 3481.24; 34893.58; 49.23; 3481.24; 0.0000; 0.0000; 0.0000; 1.0000; 0.0000; 0.0000; 0.00; 0.00; 0.00; 0.00; 0.00; 0.00; 0.00; 0.00; 0.00; 0
27; 1.0000; 0.0000; 0.0000; 0.0000; 0.5310; 0.5245; 0.0013; 0.0950; 34958.73; 49.13; 3473.74; 34958.73; 49.13; 3473.74; 0.0000; 0.0000; 0.0000; 1.0000; 0.0000; 0.0000; 0.00; 0.00; 0.00; 0.00; 0.00; 0.00; 0.00; 0.00; 0.00; 0
28; 1.0000; 0.0000; 0.0000; 0.0000; 0.5310; 0.5269; 0.0013; 0.0933; 34925.05; 48.36; 3419.87; 34925.05; 48.36; 3419.87; 0.0000; 0.0000; 0.0000; 1.0000; 0.0000; 0.0000; 0.00; 0.00; 0.00; 0.00; 0.00; 0.00; 0.00; 0.00; 0.00; 0
29; 1.0000; 0.0000; 0.0000; 0.0000; 0.5310; 0.5248; 0.0013; 0.0939; 34926.49; 47.54; 3361.36; 34926.49; 47.54; 3361.36; 0.0000; 0.0000; 0.0000; 1.0000; 0.0000; 0.0000; 0.00; 0.00; 0.00; 0.00; 0.00; 0.00; 0.00; 0.00; 0.00; 0
30; 1.0000; 0.0000; 0.0000; 0.0000; 0.5310; 0.5240; 0.0013; 0.0938; 34921.72; 48.95; 3461.12; 34921.72; 48.95; 3461.12; 0.0000; 0.0000; 0.0000; 1.0000; 0.0000; 0.0000; 0.00; 0.00; 0.00; 0.00; 0.00; 0.00; 0.00; 0.00; 0.00; 0
31; 1.0000; 0.0000; 0.0000; 0.0000; 0.5310; 0.5274; 0.0014; 0.0958; 34867.91; 49.08; 3470.80; 34867.91; 49.08; 3470.80; 0.0000; 0.0000; 0.0000; 1.0000; 0.0000; 0.0000; 0.00; 0.00; 0.00; 0.00; 0.00; 0.00; 0.00; 0.00; 0.00; 0
32; 1.0000; 0.0000; 0.0000; 0.0000; 0.5310; 0.5261; 0.0013; 0.0930; 34937.51; 48.75; 3447.15; 34937.51; 48.75; 3447.15; 0.0000; 0.0000; 0.0000; 1.0000; 0.0000; 0.0000; 0.00; 0.00; 0.00; 0.00; 0.00; 0.00; 0.00; 0.00; 0.00; 0
33; 1.0000; 0.0000; 0.0000; 0.0000; 0.5310; 0.5232; 0.0013; 0.0934; 35021.22; 48.79; 3450.17; 35021.22; 48.79; 3450.17; 0.0000; 0.0000; 0.0000; 1.0000; 0.0000; 0.0000; 0.00; 0.00; 0.00; 0.00; 0.00; 0.00; 0.00; 0.00; 0.00; 0
34; 1.0000; 0.0000; 0.0000; 0.0000; 0.5310; 0.5230; 0.0013; 0.0924; 34859.24; 49.31; 3486.58; 34859.24; 49.31; 3486.58; 0.0000; 0.0000; 0.0000; 1.0000; 0.0000; 0.0000; 0.00; 0.00; 0.00; 0.00; 0.00; 0.00; 0.00; 0.00; 0.00; 0
35; 1.0000; 0.0000; 0.0000; 0.0000; 0.5310; 0.5260; 0.0013; 0.0943; 34926.39; 48.78; 3449.54; 34926.39; 48.78; 3449.54; 0.0000; 0.0000; 0.0000; 1.0000; 0.0000; 0.0000; 0.00; 0.00; 0.00; 0.00; 0.00; 0.00; 0.00; 0.00; 0.00; 0
36; 1.0000; 0.0000; 0.0000; 0.0000; 0.5310; 0.5244; 0.0013; 0.0940; 34914.17; 48.92; 3459.37; 34914.17; 48.92; 3459.37; 0.0000; 0.0000; 0.0000; 1.0000; 0.0000; 0.0000; 0.00; 0.00; 0.00; 0.00; 0.00; 0.00; 0.00; 0.00; 0.00; 0
37; 1.0000; 0.0000; 0.0000; 0.0000; 0.5310; 0.5251; 0.0013; 0.0949; 34946.93; 49.04; 3467.86; 34946.93; 49.04; 3467.86; 0.0000; 0.0000; 0.0000; 1.0000; 0.0000; 0.0000; 0.00; 0.00; 0.00; 0.00; 0.00; 0.00; 0.00; 0.00; 0.00; 0
38; 1.0000; 0.0000; 0.0000; 0.0000; 0.5310; 0.5270; 0.0013; 0.0922; 34962.57; 48.82; 3452.32; 34962.57; 48.82; 3452.32; 0.0000; 0.0000; 0.0000; 1.0000; 0.0000; 0.0000; 0.00; 0.00; 0.00; 0.00; 0.00; 0.00; 0.00; 0.00; 0.00; 0
39; 1.0000; 0.0000; 0.0000; 0.0000; 0.5310; 0.5253; 0.0013; 0.0948; 35007.60; 48.10; 3400.99; 35007.60; 48.10; 3400.99; 0.0000; 0.0000; 0.0000; 1.0000; 0.0000; 0.0000; 0.00; 0.00; 0.00; 0.00; 0.00; 0.00; 0.00; 0.00; 0.00; 0
40; 1.0000; 0.0000; 0.0000; 0.0000; 0.5310; 0.5256; 0.0013; 0.0932; 34839.81; 49.79; 3520.73; 34839.81; 49.79; 3520.73; 0.0000; 0.0000; 0.0000; 1.0000; 0.0000; 0.0000; 0.00; 0.00; 0.00; 0.00; 0.00; 0.00; 0.00; 0.00; 0.00; 0
41; 1.0000; 0.0000; 0.0000; 0.0000; 0.5310; 0.5274; 0.0013; 0.0931; 34860.57; 49.65; 3510.78; 34860.57; 49.65; 3510.78; 0.0000; 0.0000; 0.0000; 1.0000; 0.0000; 0.0000; 0.00; 0.00; 0.00; 0.00; 0.00; 0.00; 0.00; 0.00; 0.00; 0
42; 1.0000; 0.0000; 0.0000; 0.0000; 0.5310; 0.5260; 0.0013; 0.0929; 34927.46; 47.94; 3389.73; 34927.46; 47.94; 3389.73; 0.0000; 0.0000; 0.0000; 1.0000; 0.0000; 0.0000; 0.00; 0.00; 0.00; 0.00; 0.00; 0.00; 0.00; 0.00; 0.00; 0
43; 1.0000; 0.0000; 0.0000; 0.0000; 0.5310; 0.5260; 0.0013; 0.0948; 34944.30; 48.55; 3433.15; 34944.30; 48.55; 3433.15; 0.0000; 0.0000; 0.0000; 1.0000; 0.0000; 0.0000; 0.00; 0.00; 0.00; 0.00; 0.00; 0.00; 0.00; 0.00; 0.00; 0
44; 1.0000; 0.0000; 0.0000; 0.0000; 0.5310; 0.5269; 0.0013; 0.0940; 34872.86; 48.60; 3436.44; 34872.86; 48.60; 3436.44; 0.0000; 0.0000; 0.0000; 1.0000; 0.0000; 0.0000; 0.00; 0.00; 0.00; 0.00; 0.00; 0.00; 0.00; 0.00; 0.00; 0
45; 1.0000; 0.0000; 0.0000; 0.0000; 0.5310; 0.5255; 0.0013; 0.0939; 34932.48; 48.51; 3429.91; 34932.48; 48.51; 3429.91; 0.0000; 0.0000; 0.0000; 1.0000; 0.0000; 0.0000; 0.00; 0.00; 0.00; 0.00; 0.00; 0.00; 0.00; 0.00; 0.00; 0
46; 1.0000; 0.0000; 0.0000; 0.0000; 0.5310; 0.5233; 0.0013; 0.0941; 35040.39; 48.39; 3422.00; 35040.39; 48.39; 3422.00; 0.0000; 0.0000; 0.0000; 1.0000; 0.0000; 0.0000; 0.00; 0.00; 0.00; 0.00; 0.00; 0.00; 0.00; 0.00; 0.00; 0
47; 1.0000; 0.0000; 0.0000; 0.0000; 0.5310; 0.5257; 0.0013; 0.0935; 34942.91; 48.43; 3424.49; 34942.91; 48.43; 3424.49; 0.0000; 0.0000; 0.0000; 1.0000; 0.0000; 0.0000; 0.00; 0.00; 0.00; 0.00; 0.00; 0.00; 0.00; 0.00; 0.00; 0
48; 1.0000; 0.0000; 0.0000; 0.0000; 0.5310; 0.5232; 0.0013; 0.0952; 34947.38; 48.56; 3433.46; 34947.38; 48.56; 3433.46; 0.0000; 0.0000; 0.0000; 1.0000; 0.0000; 0.0000; 0.00; 0.00; 0.00; 0.00; 0.00; 0.00; 0.00; 0.00; 0.00; 0
49; 1.0000; 0.0000; 0.0000; 0.0000; 0.5310; 0.5265; 0.0013; 0.0923; 34917.75; 49.49; 3499.59; 34917.75; 49.49; 3499.59; 0.0000; 0.0000; 0.0000; 1.0000; 0.0000; 0.0000; 0.00; 0.00; 0.00; 0.00; 0.00; 0.00; 0.00; 0.00; 0.00; 0
50; 1.0000; 0.0000; 0.0000; 0.0000; 0.5310; 0.5250; 0.0013; 0.0932; 34808.33; 48.20; 3408.49; 34808.33; 48.20; 3408.49; 0.0000; 0.0000; 0.0000; 1.0000; 0.0000; 0.0000; 0.00; 0.00; 0.00; 0.00; 0.00; 0.00; 0.00; 0.00; 0.00; 0
51; 1.0000; 0.0000; 0.0000; 0.0000; 0.5310; 0.5247; 0.0013; 0.0944; 34928.83; 49.24; 3482.03; 34928.83; 49.24; 3482.03; 0.0000; 0.0000; 0.0000; 1.0000; 0.0000; 0.0000; 0.00; 0.00; 0.00; 0.00; 0.00; 0.00; 0.00; 0.00; 0.00; 0
52; 1.0000; 0.0000; 0.0000; 0.0000; 0.5310; 0.5266; 0.0013; 0.0942; 34856.85; 49.12; 3473.51; 34856.85; 49.12; 3473.51; 0.0000; 0.0000; 0.0000; 1.0000; 0.0000; 0.0000; 0.00; 0.00; 0.00; 0.00; 0.00; 0.00; 0.00; 0.00; 0.00; 0
53; 1.0000; 0.0000; 0.0000; 0.0000; 0.5310; 0.5276; 0.0013; 0.0930; 34972.56; 50.02; 3536.61; 34972.56; 50.02; 3536.61; 0.0000; 0.0000; 0.0000; 1.0000; 0.0000; 0.0000; 0.00; 0.00; 0.00; 0.00; 0.00; 0.00; 0.00; 0.00; 0.00; 0
54; 1.0000; 0.0000; 0.0000; 0.0000; 0.5310; 0.5256; 0.0013; 0.0946; 34907.60; 48.75; 3447.11; 34907.60; 48.75; 3447.11; 0.0000; 0.0000; 0.0000; 1.0000; 0.0000; 0.0000; 0.00; 0.00; 0.00; 0.00; 0.00; 0.00; 0.00; 0.00; 0.00; 0
55; 1.0000; 0.0000; 0.0000; 0.0000; 0.5310; 0.5257; 0.0013; 0.0940; 34923.72; 48.64; 3439.33; 34923.72; 48.64; 3439.33; 0.0000; 0.0000; 0.0000; 1.0000; 0.0000; 0.0000; 0.00; 0.00; 0.00; 0.00; 0.00; 0.00; 0.00; 0.00; 0.00; 0
56; 1.0000; 0.0000; 0.0000; 0.0000; 0.5310; 0.5260; 0.0013; 0.0933; 34928.90; 50.01; 3535.93; 34928.90; 50.01; 3535.93; 0.0000; 0.0000; 0.0000; 1.0000; 0.0000; 0.0000; 0.00; 0.00; 0.00; 0.00; 0.00; 0.00; 0.00; 0.00; 0.00; 0
57; 1.0000; 0.0000; 0.0000; 0.0000; 0.5310; 0.5264; 0.0013; 0.0940; 34860.82; 49.82; 3522.69; 34860.82; 49.82; 3522.69; 0.0000; 0.0000; 0.0000; 1.0000; 0.0000; 0.0000; 0.00; 0.00; 0.00; 0.00; 0.00; 0.00; 0.00; 0.00; 0.00; 0
58; 1.0000; 0.0000; 0.0000; 0.0000; 0.5310; 0.5257; 0.0013; 0.0930; 35005.61; 47.89; 3386.14; 35005.61; 47.89; 3386.14; 0.0000; 0.0000; 0.0000; 1.0000; 0.0000; 0.0000; 0.00; 0.00; 0.00; 0.00; 0.00; 0.00; 0.00; 0.00; 0.00; 0
59; 1.0000; 0.0000; 0.0000; 0.0000; 0.5310; 0.5283; 0.0013; 0.0933; 34916.65; 49.22; 3480.22; 34916.65; 49.22; 3480.22; 0.0000; 0.0000; 0.0000; 1.0000; 0.0000; 0.0000; 0.00; 0.00; 0.00; 0.00; 0.00; 0.00; 0.00; 0.00; 0.00; 0
60; 1.0000; 0.0000; 0.0000; 0.0000; 0.5310; 0.5254; 0.0013; 0.0935; 34883.78; 48.47; 3427.69; 34883.78; 48.47; 3427.69; 0.0000; 0.0000; 0.0000; 1.0000; 0.0000; 0.0000; 0.00; 0.00; 0.00; 0.00; 0.00; 0.00; 0.00; 0.00; 0.00; 0
61; 1.0000; 0.0000; 0.0000; 0.0000; 0.5310; 0.5251; 0.0013; 0.0938; 34887.15; 48.23; 3410.66; 34887.15; 48.23; 3410.66; 0.0000; 0.0000; 0.0000; 1.0000; 0.0000; 0.0000; 0.00; 0.00; 0.00; 0.00; 0.00; 0.00; 0.00; 0.00; 0.00; 0
62; 1.0000; 0.0000; 0.0000; 0.0000; 0.5310; 0.5255; 0.0013; 0.0919; 34965.78; 48.36; 3419.80; 34965.78; 48.36; 3419.80; 0.0000; 0.0000; 0.0000; 1.0000; 0.0000; 0.0000; 0.00; 0.00; 0.00; 0.00; 0.00; 0.00; 0.00; 0.00; 0.00; 0
63; 1.0000; 0.0000; 0.0000; 0.0000; 0.5310; 0.5264; 0.0013; 0.0910; 34892.40; 49.07; 3469.82; 34892.40; 49.07; 3469.82; 0.0000; 0.0000; 0.0000; 1.0000; 0.0000; 0.0000; 0.00; 0.00; 0.00; 0.00; 0.00; 0.00; 0.00; 0.00; 0.00; 0
64; 1.0000; 0.0000; 0.0000; 0.0000; 0.5310; 0.5265; 0.0013; 0.0925; 34917.11; 49.00; 3465.11; 34917.11; 49.00; 3465.11; 0.0000; 0.0000; 0.0000; 1.0000; 0.0000; 0.0000; 0.00; 0.00; 0.00; 0.00; 0.00; 0.00; 0.00; 0.00; 0.00; 0
65; 1.0000; 0.0000; 0.0000; 0.0000; 0.5310; 0.5244; 0.0013; 0.0926; 34975.03; 48.83; 3452.90; 34975.03; 48.83; 3452.90; 0.0000; 0.0000; 0.0000; 1.0000; 0.0000; 0.0000; 0.00; 0.00; 0.00; 0.00; 0.00; 0.00; 0.00; 0.00; 0.00; 0
66; 1.0000; 0.0000; 0.0000; 0.0000; 0.5310; 0.5251; 0.0013; 0.0927; 34986.75; 48.62; 3438.12; 34986.75; 48.62; 3438.12; 0.0000; 0.0000; 0.0000; 1.0000; 0.0000; 0.0000; 0.00; 0.00; 0.00; 0.00; 0.00; 0.00; 0.00; 0.00; 0.00; 0
67; 1.0000; 0.0000; 0.0000; 0.0000; 0.5310; 0.5238; 0.0013; 0.0953; 34975.64; 48.69; 3442.58; 34975.64; 48.69; 3442.58; 0.0000; 0.0000; 0.0000; 1.0000; 0.0000; 0.0000; 0.00; 0.00; 0.00; 0.00; 0.00; 0.00; 0.00; 0.00; 0.00; 0
68; 1.0000; 0.0000; 0.0000; 0.0000; 0.5310; 0.5241; 0.0013; 0.0936; 34973.51; 48.79; 3450.03; 34973.51; 48.79; 3450.03; 0.0000; 0.0000; 0.0000; 1.0000; 0.0000; 0.0000; 0.00; 0.00; 0.00; 0.00; 0.00; 0.00; 0.00; 0.00; 0.00; 0
69; 1.0000; 0.0000; 0.0000; 0.0000; 0.5310; 0.5259; 0.0013; 0.0939; 34883.81; 49.27; 3483.57; 34883.81; 49.27; 3483.57; 0.0000; 0.0000; 0.0000; 1.0000; 0.0000; 0.0000; 0.00; 0.00; 0.00; 0.00; 0.00; 0.00; 0.00; 0.00; 0.00; 0
70; 1.0000; 0.0000; 0.0000; 0.0000; 0.5310; 0.5231; 0.0013; 0.0952; 35010.13; 48.89; 3457.39; 35010.13; 48.89; 3457.39; 0.0000; 0.0000; 0.0000; 1.0000; 0.0000; 0.0000; 0.00; 0.00; 0.00; 0.00; 0.00; 0.00; 0.00; 0.00; 0.00; 0
71; 1.0000; 0.0000; 0.0000; 0.0000; 0.5310; 0.5249; 0.0013; 0.0948; 34933.74; 48.75; 3446.80; 34933.74; 48.75; 3446.80; 0.0000; 0.0000; 0.0000; 1.0000; 0.0000; 0.0000; 0.00; 0.00; 0.00; 0.00; 0.00; 0.00; 0.00; 0.00; 0.00; 0
72; 1.0000; 0.0000; 0.0000; 0.0000; 0.5310; 0.5270; 0.0013; 0.0927; 34850.88; 47.91; 3387.59; 34850.88; 47.91; 3387.59; 0.0000; 0.0000; 0.0000; 1.0000; 0.0000; 0.0000; 0.00; 0.00; 0.00; 0.00; 0.00; 0.00; 0.00; 0.00; 0.00; 0
73; 1.0000; 0.0000; 0.0000; 0.0000; 0.5310; 0.5273; 0.0013; 0.0933; 34912.50; 48.93; 3459.83; 34912.50; 48.93; 3459.83; 0.0000; 0.0000; 0.0000; 1.0000; 0.0000; 0.0000; 0.00; 0.00; 0.00; 0.00; 0.00; 0.00; 0.00; 0.00; 0.00; 0
74; 1.0000; 0.0000; 0.0000; 0.0000; 0.5310; 0.5259; 0.0013; 0.0951; 34820.47; 48.84; 3453.77; 34820.47; 48.84; 3453.77; 0.0000; 0.0000; 0.0000; 1.0000; 0.0000; 0.0000; 0.00; 0.00; 0.00; 0.00; 0.00; 0.00; 0.00; 0.00; 0.00; 0
75; 1.0000; 0.0000; 0.0000; 0.0000; 0.5310; 0.5268; 0.0013; 0.0943; 34962.09; 48.80; 3450.43; 34962.09; 48.80; 3450.43; 0.0000; 0.0000; 0.0000; 1.0000; 0.0000; 0.0000; 0.00; 0.00; 0.00; 0.00; 0.00; 0.00; 0.00; 0.00; 0.00; 0
76; 1.0000; 0.0000; 0.0000; 0.0000; 0.5310; 0.5250; 0.0013; 0.0926; 34898.83; 48.58; 3434.99; 34898.83; 48.58; 3434.99; 0.0000; 0.0000; 0.0000; 1.0000; 0.0000; 0.0000; 0.00; 0.00; 0.00; 0.00; 0.00; 0.00; 0.00; 0.00; 0.00; 0
77; 1.0000; 0.0000; 0.0000; 0.0000; 0.5310; 0.5240; 0.0013; 0.0947; 34844.42; 48.28; 3414.17; 34844.42; 48.28; 3414.17; 0.0000; 0.0000; 0.0000; 1.0000; 0.0000; 0.0000; 0.00; 0.00; 0.00; 0.00; 0.00; 0.00; 0.00; 0.00; 0.00; 0
78; 1.0000; 0.0000; 0.0000; 0.0000; 0.5310; 0.5247; 0.0014; 0.0955; 34953.99; 50.05; 3538.98; 34953.99; 50.05; 3538.98; 0.0000; 0.0000; 0.0000; 1.0000; 0.0000; 0.0000; 0.00; 0.00; 0.00; 0.00; 0.00; 0.00; 0.00; 0.00; 0.00; 0
79; 1.0000; 0.0000; 0.0000; 0.0000; 0.5310; 0.5265; 0.0013; 0.0935; 34812.78; 48.99; 3464.22; 34812.78; 48.99; 3464.22; 0.0000; 0.0000; 0.0000; 1.0000; 0.0000; 0.0000; 0.00; 0.00; 0.00; 0.00; 0.00; 0.00; 0.00; 0.00; 0.00; 0
80; 1.0000; 0.0000; 0.0000; 0.0000; 0.5310; 0.5269; 0.0013; 0.0937; 34844.76; 48.43; 3424.39; 34844.76; 48.43; 3424.39; 0.0000; 0.0000; 0.0000; 1.0000; 0.0000; 0.0000; 0.00; 0.00; 0.00; 0.00; 0.00; 0.00; 0.00; 0.00; 0.00; 0
81; 1.0000; 0.0000; 0.0000; 0.0000; 0.5310; 0.5280; 0.0013; 0.0927; 34849.32; 48.60; 3436.37; 34849.32; 48.60; 3436.37; 0.0000; 0.0000; 0.0000; 1.0000; 0.0000; 0.0000; 0.00; 0.00; 0.00; 0.00; 0.00; 0.00; 0.00; 0.00; 0.00; 0
82; 1.0000; 0.0000; 0.0000; 0.0000; 0.5310; 0.5274; 0.0013; 0.0921; 34920.05; 48.87; 3455.78; 34920.05; 48.87; 3455.78; 0.0000; 0.0000; 0.0000; 1.0000; 0.0000; 0.0000; 0.00; 0.00; 0.00; 0.00; 0.00; 0.00; 0.00; 0.00; 0.00; 0
83; 1.0000; 0.0000; 0.0000; 0.0000; 0.5310; 0.5261; 0.0013; 0.0941; 34911.85; 48.76; 3447.65; 34911.85; 48.76; 3447.65; 0.0000; 0.0000; 0.0000; 1.0000; 0.0000; 0.0000; 0.00; 0.00; 0.00; 0.00; 0.00; 0.00; 0.00; 0.00; 0.00; 0
84; 1.0000; 0.0000; 0.0000; 0.0000; 0.5310; 0.5275; 0.0013; 0.0944; 34887.78; 48.75; 3447.22; 34887.78; 48.75; 3447.22; 0.0000; 0.0000; 0.0000; 1.0000; 0.0000; 0.0000; 0.00; 0.00; 0.00; 0.00; 0.00; 0.00; 0.00; 0.00; 0.00; 0
85; 1.0000; 0.0000; 0.0000; 0.0000; 0.5310; 0.5250; 0.0014; 0.0958; 34865.39; 48.78; 3448.98; 34865.39; 48.78; 3448.98; 0.0000; 0.0000; 0.0000; 1.0000; 0.0000; 0.0000; 0.00; 0.00; 0.00; 0.00; 0.00; 0.00; 0.00; 0.00; 0.00; 0
86; 1.0000; 0.0000; 0.0000; 0.0000; 0.5310; 0.5271; 0.0013; 0.0948; 34868.26; 49.34; 3488.70; 34868.26; 49.34; 3488.70; 0.0000; 0.0000; 0.0000; 1.0000; 0.0000; 0.0000; 0.00; 0.00; 0.00; 0.00; 0.00; 0.00; 0.00; 0.00; 0.00; 0
87; 1.0000; 0.0000; 0.0000; 0.0000; 0.5310; 0.5249; 0.0013; 0.0946; 34937.95; 48.09; 3400.45; 34937.95; 48.09; 3400.45; 0.0000; 0.0000; 0.0000; 1.0000; 0.0000; 0.0000; 0.00; 0.00; 0.00; 0.00; 0.00; 0.00; 0.00; 0.00; 0.00; 0
88; 1.0000; 0.0000; 0.0000; 0.0000; 0.5310; 0.5263; 0.0013; 0.0936; 34889.38; 48.96; 3462.23; 34889.38; 48.96; 3462.23; 0.0000; 0.0000; 0.0000; 1.0000; 0.0000; 0.0000; 0.00; 0.00; 0.00; 0.00; 0.00; 0.00; 0.00; 0.00; 0.00; 0
89; 1.0000; 0.0000; 0.0000; 0.0000; 0.5310; 0.5267; 0.0013; 0.0937; 34907.04; 48.21; 3409.19; 34907.04; 48.21; 3409.19; 0.0000; 0.0000; 0.0000; 1.0000; 0.0000; 0.0000; 0.00; 0.00; 0.00; 0.00; 0.00; 0.00; 0.00; 0.00; 0.00; 0
90; 1.0000; 0.0000; 0.0000; 0.0000; 0.5310; 0.5237; 0.0013; 0.0928; 34973.73; 48.59; 3436.13; 34973.73; 48.59; 3436.13; 0.0000; 0.0000; 0.0000; 1.0000; 0.0000; 0.0000; 0.00; 0.00; 0.00; 0.00; 0.00; 0.00; 0.00; 0.00; 0.00; 0
91; 1.0000; 0.0000; 0.0000; 0.0000; 0.5310; 0.5253; 0.0013; 0.0930; 34923.67; 48.79; 3450.06; 34923.67; 48.79; 3450.06; 0.0000; 0.0000; 0.0000; 1.0000; 0.0000; 0.0000; 0.00; 0.00; 0.00; 0.00; 0.00; 0.00; 0.00; 0.00; 0.00; 0
92; 1.0000; 0.0000; 0.0000; 0.0000; 0.5310; 0.5247; 0.0013; 0.0926; 34916.40; 48.93; 3459.75; 34916.40; 48.93; 3459.75; 0.0000; 0.0000; 0.0000; 1.0000; 0.0000; 0.0000; 0.00; 0.00; 0.00; 0.00; 0.00; 0.00; 0.00; 0.00; 0.00; 0
93; 1.0000; 0.0000; 0.0000; 0.0000; 0.5310; 0.5250; 0.0013; 0.0934; 34962.03; 49.24; 3482.12; 34962.03; 49.24; 3482.12; 0.0000; 0.0000; 0.0000; 1.0000; 0.0000; 0.0000; 0.00; 0.00; 0.00; 0.00; 0.00; 0.00; 0.00; 0.00; 0.00; 0
94; 1.0000; 0.0000; 0.0000; 0.0000; 0.5310; 0.5242; 0.0013; 0.0945; 34916.61; 49.07; 3469.62; 34916.61; 49.07; 3469.62; 0.0000; 0.0000; 0.0000; 1.0000; 0.0000; 0.0000; 0.00; 0.00; 0.00; 0.00; 0.00; 0.00; 0.00; 0.00; 0.00; 0
95; 1.0000; 0.0000; 0.0000; 0.0000; 0.5310; 0.5250; 0.0013; 0.0940; 34872.51; 49.02; 3466.19; 34872.51; 49.02; 3466.19; 0.0000; 0.0000; 0.0000; 1.0000; 0.0000; 0.0000; 0.00; 0.00; 0.00; 0.00; 0.00; 0.00; 0.00; 0.00; 0.00; 0
96; 1.0000; 0.0000; 0.0000; 0.0000; 0.5310; 0.5260; 0.0013; 0.0935; 34875.85; 49.50; 3500.44; 34875.85; 49.50; 3500.44; 0.0000; 0.0000; 0.0000; 1.0000; 0.0000; 0.0000; 0.00; 0.00; 0.00; 0.00; 0.00; 0.00; 0.00; 0.00; 0.00; 0
97; 1.0000; 0.0000; 0.0000; 0.0000; 0.5310; 0.5259; 0.0013; 0.0935; 34960.41; 48.01; 3395.06; 34960.41; 48.01; 3395.06; 0.0000; 0.0000; 0.0000; 1.0000; 0.0000; 0.0000; 0.00; 0.00; 0.00; 0.00; 0.00; 0.00; 0.00; 0.00; 0.00; 0
98; 1.0000; 0.0000; 0.0000; 0.0000; 0.5310; 0.5258; 0.0013; 0.0947; 34908.70; 50.12; 3544.07; 34908.70; 50.12; 3544.07; 0.0000; 0.0000; 0.0000; 1.0000; 0.0000; 0.0000; 0.00; 0.00; 0.00; 0.00; 0.00; 0.00; 0.00; 0.00; 0.00; 0
99; 1.0000; 0.0000; 0.0000; 0.0000; 0.5310; 0.5265; 0.0013; 0.0944; 34957.65; 48.68; 3441.98; 34957.65; 48.68; 3441.98; 0.0000; 0.0000; 0.0000; 1.0000; 0.0000; 0.0000; 0.00; 0.00; 0.00; 0.00; 0.00; 0.00; 0.00; 0.00; 0.00; 0
100; 1.0000; 0.0000; 0.0000; 0.0000; 0.5310; 0.5247; 0.0013; 0.0945; 34944.84; 48.28; 3413.82; 34944.84; 48.28; 3413.82; 0.0000; 0.0000; 0.0000; 1.0000; 0.0000; 0.0000; 0.00; 0.00; 0.00; 0.00; 0.00; 0.00; 0.00; 0.00; 0.00; 0
