    Year (Census)
    Proportion of populations extant, SE
    Proportion of populations going extinct for the first time in year, SE
    Deterministic growth, Stochastic growth, SE, SD
    Mean population size (across extant populations), SE, SD
    Mean population size (across all populations), SE, SD
    Population-based model: No genetic data (12 skipped fields)



    Mean time to extinction, SE, SD
    Median time to extinction
Year;PExtant;SE(PExtant);PExtinct;SE(PExtinct);det-r;stoch-r;SE(r);SD(r);N-extant;SE(N-extant);SD(N-extant);N-all;SE(N-all);SD(N-all);GeneDiv;SE(GD);SD(GD);Inbreed;SE(Inbr);SD(Inbr);nAlleles;SE(nAlleles);SD(nAlleles);nLethals;SE(nLethals);SD(nLethals);TE;SE(TE);SD(TE);medianTE
Default Scenario
Population 1: Population1
0; 1.0000; 0.0000; 0.0000; 0.0000; 0.2668;      0;      0;      0; 98843.00; 0.00; 0.00; 98843.00; 0.00; 0.00; 0.0000; 0.0000; 0.0000; 1.0000; 0.0000; 0.0000; 0.00; 0.00; 0.00; 0.00; 0.00; 0.00; 0.00; 0.00; 0.00; 0
1; 1.0000; 0.0000; 0.0000; 0.0000; 0.2668; 0.2625; 0.0017; 0.1196; 98429.92; 131.94; 9329.29; 98429.92; 131.94; 9329.29; 0.0000; 0.0000; 0.0000; 1.0000; 0.0000; 0.0000; 0.00; 0.00; 0.00; 0.00; 0.00; 0.00; 0.00; 0.00; 0.00; 0
2; 1.0000; 0.0000; 0.0000; 0.0000; 0.2668; 0.2584; 0.0017; 0.1199; 97770.35; 134.09; 9481.51; 97770.35; 134.09; 9481.51; 0.0000; 0.0000; 0.0000; 1.0000; 0.0000; 0.0000; 0.00; 0.00; 0.00; 0.00; 0.00; 0.00; 0.00; 0.00; 0.00; 0
3; 1.0000; 0.0000; 0.0000; 0.0000; 0.2668; 0.2590; 0.0017; 0.1232; 97604.41; 132.93; 9399.38; 97604.41; 132.93; 9399.38; 0.0000; 0.0000; 0.0000; 1.0000; 0.0000; 0.0000; 0.00; 0.00; 0.00; 0.00; 0.00; 0.00; 0.00; 0.00; 0.00; 0
4; 1.0000; 0.0000; 0.0000; 0.0000; 0.2668; 0.2600; 0.0017; 0.1231; 97711.11; 133.43; 9435.07; 97711.11; 133.43; 9435.07; 0.0000; 0.0000; 0.0000; 1.0000; 0.0000; 0.0000; 0.00; 0.00; 0.00; 0.00; 0.00; 0.00; 0.00; 0.00; 0.00; 0
5; 1.0000; 0.0000; 0.0000; 0.0000; 0.2668; 0.2617; 0.0017; 0.1211; 97714.06; 132.43; 9364.29; 97714.06; 132.43; 9364.29; 0.0000; 0.0000; 0.0000; 1.0000; 0.0000; 0.0000; 0.00; 0.00; 0.00; 0.00; 0.00; 0.00; 0.00; 0.00; 0.00; 0
6; 1.0000; 0.0000; 0.0000; 0.0000; 0.2668; 0.2591; 0.0018; 0.1238; 97656.71; 132.81; 9391.07; 97656.71; 132.81; 9391.07; 0.0000; 0.0000; 0.0000; 1.0000; 0.0000; 0.0000; 0.00; 0.00; 0.00; 0.00; 0.00; 0.00; 0.00; 0.00; 0.00; 0
7; 1.0000; 0.0000; 0.0000; 0.0000; 0.2668; 0.2615; 0.0017; 0.1230; 97651.79; 132.34; 9357.64; 97651.79; 132.34; 9357.64; 0.0000; 0.0000; 0.0000; 1.0000; 0.0000; 0.0000; 0.00; 0.00; 0.00; 0.00; 0.00; 0.00; 0.00; 0.00; 0.00; 0
8; 1.0000; 0.0000; 0.0000; 0.0000; 0.2668; 0.2602; 0.0018; 0.1249; 97610.78; 136.27; 9635.48; 97610.78; 136.27; 9635.48; 0.0000; 0.0000; 0.0000; 1.0000; 0.0000; 0.0000; 0.00; 0.00; 0.00; 0.00; 0.00; 0.00; 0.00; 0.00; 0.00; 0
9; 1.0000; 0.0000; 0.0000; 0.0000; 0.2668; 0.2586; 0.0017; 0.1222; 97609.52; 133.80; 9460.93; 97609.52; 133.80; 9460.93; 0.0000; 0.0000; 0.0000; 1.0000; 0.0000; 0.0000; 0.00; 0.00; 0.00; 0.00; 0.00; 0.00; 0.00; 0.00; 0.00; 0
10; 1.0000; 0.0000; 0.0000; 0.0000; 0.2668; 0.2570; 0.0017; 0.1222; 97602.55; 133.66; 9451.35; 97602.55; 133.66; 9451.35; 0.0000; 0.0000; 0.0000; 1.0000; 0.0000; 0.0000; 0.00; 0.00; 0.00; 0.00; 0.00; 0.00; 0.00; 0.00; 0.00; 0
11; 1.0000; 0.0000; 0.0000; 0.0000; 0.2668; 0.2605; 0.0017; 0.1192; 97596.74; 133.76; 9458.07; 97596.74; 133.76; 9458.07; 0.0000; 0.0000; 0.0000; 1.0000; 0.0000; 0.0000; 0.00; 0.00; 0.00; 0.00; 0.00; 0.00; 0.00; 0.00; 0.00; 0
12; 1.0000; 0.0000; 0.0000; 0.0000; 0.2668; 0.2598; 0.0017; 0.1203; 97648.62; 132.63; 9378.04; 97648.62; 132.63; 9378.04; 0.0000; 0.0000; 0.0000; 1.0000; 0.0000; 0.0000; 0.00; 0.00; 0.00; 0.00; 0.00; 0.00; 0.00; 0.00; 0.00; 0
13; 1.0000; 0.0000; 0.0000; 0.0000; 0.2668; 0.2583; 0.0017; 0.1194; 97954.55; 133.87; 9466.10; 97954.55; 133.87; 9466.10; 0.0000; 0.0000; 0.0000; 1.0000; 0.0000; 0.0000; 0.00; 0.00; 0.00; 0.00; 0.00; 0.00; 0.00; 0.00; 0.00; 0
14; 1.0000; 0.0000; 0.0000; 0.0000; 0.2668; 0.2609; 0.0017; 0.1226; 97596.99; 132.28; 9353.33; 97596.99; 132.28; 9353.33; 0.0000; 0.0000; 0.0000; 1.0000; 0.0000; 0.0000; 0.00; 0.00; 0.00; 0.00; 0.00; 0.00; 0.00; 0.00; 0.00; 0
15; 1.0000; 0.0000; 0.0000; 0.0000; 0.2668; 0.2587; 0.0017; 0.1221; 97847.85; 132.77; 9388.33; 97847.85; 132.77; 9388.33; 0.0000; 0.0000; 0.0000; 1.0000; 0.0000; 0.0000; 0.00; 0.00; 0.00; 0.00; 0.00; 0.00; 0.00; 0.00; 0.00; 0
16; 1.0000; 0.0000; 0.0000; 0.0000; 0.2668; 0.2593; 0.0017; 0.1205; 97785.60; 134.33; 9498.44; 97785.60; 134.33; 9498.44; 0.0000; 0.0000; 0.0000; 1.0000; 0.0000; 0.0000; 0.00; 0.00; 0.00; 0.00; 0.00; 0.00; 0.00; 0.00; 0.00; 0
17; 1.0000; 0.0000; 0.0000; 0.0000; 0.2668; 0.2589; 0.0017; 0.1230; 97622.05; 134.09; 9481.65; 97622.05; 134.09; 9481.65; 0.0000; 0.0000; 0.0000; 1.0000; 0.0000; 0.0000; 0.00; 0.00; 0.00; 0.00; 0.00; 0.00; 0.00; 0.00; 0.00; 0
18; 1.0000; 0.0000; 0.0000; 0.0000; 0.2668; 0.2580; 0.0017; 0.1234; 97523.76; 132.15; 9344.61; 97523.76; 132.15; 9344.61; 0.0000; 0.0000; 0.0000; 1.0000; 0.0000; 0.0000; 0.00; 0.00; 0.00; 0.00; 0.00; 0.00; 0.00; 0.00; 0.00; 0
19; 1.0000; 0.0000; 0.0000; 0.0000; 0.2668; 0.2570; 0.0017; 0.1225; 97321.71; 132.26; 9352.38; 97321.71; 132.26; 9352.38; 0.0000; 0.0000; 0.0000; 1.0000; 0.0000; 0.0000; 0.00; 0.00; 0.00; 0.00; 0.00; 0.00; 0.00; 0.00; 0.00; 0
20; 1.0000; 0.0000; 0.0000; 0.0000; 0.2668; 0.2583; 0.0017; 0.1228; 97445.81; 134.70; 9524.98; 97445.81; 134.70; 9524.98; 0.0000; 0.0000; 0.0000; 1.0000; 0.0000; 0.0000; 0.00; 0.00; 0.00; 0.00; 0.00; 0.00; 0.00; 0.00; 0.00; 0
21; 1.0000; 0.0000; 0.0000; 0.0000; 0.2668; 0.2620; 0.0017; 0.1225; 97603.33; 132.67; 9380.94; 97603.33; 132.67; 9380.94; 0.0000; 0.0000; 0.0000; 1.0000; 0.0000; 0.0000; 0.00; 0.00; 0.00; 0.00; 0.00; 0.00; 0.00; 0.00; 0.00; 0
22; 1.0000; 0.0000; 0.0000; 0.0000; 0.2668; 0.2588; 0.0017; 0.1205; 97759.06; 132.50; 9369.25; 97759.06; 132.50; 9369.25; 0.0000; 0.0000; 0.0000; 1.0000; 0.0000; 0.0000; 0.00; 0.00; 0.00; 0.00; 0.00; 0.00; 0.00; 0.00; 0.00; 0
23; 1.0000; 0.0000; 0.0000; 0.0000; 0.2668; 0.2621; 0.0017; 0.1204; 97720.94; 133.26; 9422.98; 97720.94; 133.26; 9422.98; 0.0000; 0.0000; 0.0000; 1.0000; 0.0000; 0.0000; 0.00; 0.00; 0.00; 0.00; 0.00; 0.00; 0.00; 0.00; 0.00; 0
24; 1.0000; 0.0000; 0.0000; 0.0000; 0.2668; 0.2613; 0.0017; 0.1208; 97517.57; 133.02; 9405.82; 97517.57; 133.02; 9405.82; 0.0000; 0.0000; 0.0000; 1.0000; 0.0000; 0.0000; 0.00; 0.00; 0.00; 0.00; 0.00; 0.00; 0.00; 0.00; 0.00; 0
25; 1.0000; 0.0000; 0.0000; 0.0000; 0.2668; 0.2594; 0.0017; 0.1217; 97618.56; 132.24; 9350.48; 97618.56; 132.24; 9350.48; 0.0000; 0.0000; 0.0000; 1.0000; 0.0000; 0.0000; 0.00; 0.00; 0.00; 0.00; 0.00; 0.00; 0.00; 0.00; 0.00; 0
26; 1.0000; 0.0000; 0.0000; 0.0000; 0.2668; 0.2612; 0.0017; 0.1219; 97673.57; 132.92; 9398.81; 97673.57; 132.92; 9398.81; 0.0000; 0.0000; 0.0000; 1.0000; 0.0000; 0.0000; 0.00; 0.00; 0.00; 0.00; 0.00; 0.00; 0.00; 0.00; 0.00; 0
27; 1.0000; 0.0000; 0.0000; 0.0000; 0.2668; 0.2597; 0.0017; 0.1211; 97722.08; 133.59; 9445.89; 97722.08; 133.59; 9445.89; 0.0000; 0.0000; 0.0000; 1.0000; 0.0000; 0.0000; 0.00; 0.00; 0.00; 0.00; 0.00; 0.00; 0.00; 0.00; 0.00; 0
28; 1.0000; 0.0000; 0.0000; 0.0000; 0.2668; 0.2612; 0.0017; 0.1203; 97674.11; 132.27; 9352.89; 97674.11; 132.27; 9352.89; 0.0000; 0.0000; 0.0000; 1.0000; 0.0000; 0.0000; 0.00; 0.00; 0.00; 0.00; 0.00; 0.00; 0.00; 0.00; 0.00; 0
29; 1.0000; 0.0000; 0.0000; 0.0000; 0.2668; 0.2624; 0.0017; 0.1218; 97744.68; 132.39; 9361.26; 97744.68; 132.39; 9361.26; 0.0000; 0.0000; 0.0000; 1.0000; 0.0000; 0.0000; 0.00; 0.00; 0.00; 0.00; 0.00; 0.00; 0.00; 0.00; 0.00; 0
30; 1.0000; 0.0000; 0.0000; 0.0000; 0.2668; 0.2602; 0.0017; 0.1208; 97943.29; 134.54; 9513.35; 97943.29; 134.54; 9513.35; 0.0000; 0.0000; 0.0000; 1.0000; 0.0000; 0.0000; 0.00; 0.00; 0.00; 0.00; 0.00; 0.00; 0.00; 0.00; 0.00; 0
31; 1.0000; 0.0000; 0.0000; 0.0000; 0.2668; 0.2609; 0.0017; 0.1232; 97674.63; 132.68; 9381.64; 97674.63; 132.68; 9381.64; 0.0000; 0.0000; 0.0000; 1.0000; 0.0000; 0.0000; 0.00; 0.00; 0.00; 0.00; 0.00; 0.00; 0.00; 0.00; 0.00; 0
32; 1.0000; 0.0000; 0.0000; 0.0000; 0.2668; 0.2578; 0.0017; 0.1226; 97679.12; 132.76; 9387.22; 97679.12; 132.76; 9387.22; 0.0000; 0.0000; 0.0000; 1.0000; 0.0000; 0.0000; 0.00; 0.00; 0.00; 0.00; 0.00; 0.00; 0.00; 0.00; 0.00; 0
33; 1.0000; 0.0000; 0.0000; 0.0000; 0.2668; 0.2577; 0.0017; 0.1210; 97835.74; 131.42; 9292.48; 97835.74; 131.42; 9292.48; 0.0000; 0.0000; 0.0000; 1.0000; 0.0000; 0.0000; 0.00; 0.00; 0.00; 0.00; 0.00; 0.00; 0.00; 0.00; 0.00; 0
34; 1.0000; 0.0000; 0.0000; 0.0000; 0.2668; 0.2569; 0.0017; 0.1214; 97902.53; 133.47; 9437.91; 97902.53; 133.47; 9437.91; 0.0000; 0.0000; 0.0000; 1.0000; 0.0000; 0.0000; 0.00; 0.00; 0.00; 0.00; 0.00; 0.00; 0.00; 0.00; 0.00; 0
35; 1.0000; 0.0000; 0.0000; 0.0000; 0.2668; 0.2630; 0.0017; 0.1218; 97680.82; 132.25; 9351.43; 97680.82; 132.25; 9351.43; 0.0000; 0.0000; 0.0000; 1.0000; 0.0000; 0.0000; 0.00; 0.00; 0.00; 0.00; 0.00; 0.00; 0.00; 0.00; 0.00; 0
36; 1.0000; 0.0000; 0.0000; 0.0000; 0.2668; 0.2594; 0.0017; 0.1228; 97577.29; 133.42; 9434.28; 97577.29; 133.42; 9434.28; 0.0000; 0.0000; 0.0000; 1.0000; 0.0000; 0.0000; 0.00; 0.00; 0.00; 0.00; 0.00; 0.00; 0.00; 0.00; 0.00; 0
37; 1.0000; 0.0000; 0.0000; 0.0000; 0.2668; 0.2591; 0.0017; 0.1221; 97584.03; 135.00; 9545.62; 97584.03; 135.00; 9545.62; 0.0000; 0.0000; 0.0000; 1.0000; 0.0000; 0.0000; 0.00; 0.00; 0.00; 0.00; 0.00; 0.00; 0.00; 0.00; 0.00; 0
38; 1.0000; 0.0000; 0.0000; 0.0000; 0.2668; 0.2605; 0.0017; 0.1219; 97650.26; 135.57; 9585.97; 97650.26; 135.57; 9585.97; 0.0000; 0.0000; 0.0000; 1.0000; 0.0000; 0.0000; 0.00; 0.00; 0.00; 0.00; 0.00; 0.00; 0.00; 0.00; 0.00; 0
39; 1.0000; 0.0000; 0.0000; 0.0000; 0.2668; 0.2582; 0.0017; 0.1234; 97704.68; 135.24; 9562.74; 97704.68; 135.24; 9562.74; 0.0000; 0.0000; 0.0000; 1.0000; 0.0000; 0.0000; 0.00; 0.00; 0.00; 0.00; 0.00; 0.00; 0.00; 0.00; 0.00; 0
40; 1.0000; 0.0000; 0.0000; 0.0000; 0.2668; 0.2553; 0.0017; 0.1215; 97830.61; 134.13; 9484.33; 97830.61; 134.13; 9484.33; 0.0000; 0.0000; 0.0000; 1.0000; 0.0000; 0.0000; 0.00; 0.00; 0.00; 0.00; 0.00; 0.00; 0.00; 0.00; 0.00; 0
41; 1.0000; 0.0000; 0.0000; 0.0000; 0.2668; 0.2620; 0.0017; 0.1204; 97772.00; 135.00; 9546.08; 97772.00; 135.00; 9546.08; 0.0000; 0.0000; 0.0000; 1.0000; 0.0000; 0.0000; 0.00; 0.00; 0.00; 0.00; 0.00; 0.00; 0.00; 0.00; 0.00; 0
42; 1.0000; 0.0000; 0.0000; 0.0000; 0.2668; 0.2601; 0.0017; 0.1221; 97605.47; 133.75; 9457.23; 97605.47; 133.75; 9457.23; 0.0000; 0.0000; 0.0000; 1.0000; 0.0000; 0.0000; 0.00; 0.00; 0.00; 0.00; 0.00; 0.00; 0.00; 0.00; 0.00; 0
43; 1.0000; 0.0000; 0.0000; 0.0000; 0.2668; 0.2569; 0.0017; 0.1237; 97656.25; 136.50; 9652.10; 97656.25; 136.50; 9652.10; 0.0000; 0.0000; 0.0000; 1.0000; 0.0000; 0.0000; 0.00; 0.00; 0.00; 0.00; 0.00; 0.00; 0.00; 0.00; 0.00; 0
44; 1.0000; 0.0000; 0.0000; 0.0000; 0.2668; 0.2613; 0.0017; 0.1210; 97644.99; 132.30; 9354.89; 97644.99; 132.30; 9354.89; 0.0000; 0.0000; 0.0000; 1.0000; 0.0000; 0.0000; 0.00; 0.00; 0.00; 0.00; 0.00; 0.00; 0.00; 0.00; 0.00; 0
45; 1.0000; 0.0000; 0.0000; 0.0000; 0.2668; 0.2615; 0.0017; 0.1229; 97538.65; 134.19; 9488.53; 97538.65; 134.19; 9488.53; 0.0000; 0.0000; 0.0000; 1.0000; 0.0000; 0.0000; 0.00; 0.00; 0.00; 0.00; 0.00; 0.00; 0.00; 0.00; 0.00; 0
46; 1.0000; 0.0000; 0.0000; 0.0000; 0.2668; 0.2591; 0.0017; 0.1222; 97680.77; 133.20; 9418.98; 97680.77; 133.20; 9418.98; 0.0000; 0.0000; 0.0000; 1.0000; 0.0000; 0.0000; 0.00; 0.00; 0.00; 0.00; 0.00; 0.00; 0.00; 0.00; 0.00; 0
47; 1.0000; 0.0000; 0.0000; 0.0000; 0.2668; 0.2571; 0.0018; 0.1246; 97586.41; 131.97; 9332.00; 97586.41; 131.97; 9332.00; 0.0000; 0.0000; 0.0000; 1.0000; 0.0000; 0.0000; 0.00; 0.00; 0.00; 0.00; 0.00; 0.00; 0.00; 0.00; 0.00; 0
48; 1.0000; 0.0000; 0.0000; 0.0000; 0.2668; 0.2573; 0.0017; 0.1222; 97573.59; 132.72; 9384.74; 97573.59; 132.72; 9384.74; 0.0000; 0.0000; 0.0000; 1.0000; 0.0000; 0.0000; 0.00; 0.00; 0.00; 0.00; 0.00; 0.00; 0.00; 0.00; 0.00; 0
49; 1.0000; 0.0000; 0.0000; 0.0000; 0.2668; 0.2579; 0.0017; 0.1216; 97597.72; 132.43; 9364.29; 97597.72; 132.43; 9364.29; 0.0000; 0.0000; 0.0000; 1.0000; 0.0000; 0.0000; 0.00; 0.00; 0.00; 0.00; 0.00; 0.00; 0.00; 0.00; 0.00; 0
50; 1.0000; 0.0000; 0.0000; 0.0000; 0.2668; 0.2595; 0.0017; 0.1215; 97735.28; 133.23; 9420.99; 97735.28; 133.23; 9420.99; 0.0000; 0.0000; 0.0000; 1.0000; 0.0000; 0.0000; 0.00; 0.00; 0.00; 0.00; 0.00; 0.00; 0.00; 0.00; 0.00; 0
51; 1.0000; 0.0000; 0.0000; 0.0000; 0.2668; 0.2592; 0.0017; 0.1204; 97729.32; 135.90; 9609.27; 97729.32; 135.90; 9609.27; 0.0000; 0.0000; 0.0000; 1.0000; 0.0000; 0.0000; 0.00; 0.00; 0.00; 0.00; 0.00; 0.00; 0.00; 0.00; 0.00; 0
52; 1.0000; 0.0000; 0.0000; 0.0000; 0.2668; 0.2602; 0.0017; 0.1234; 97525.12; 133.55; 9443.35; 97525.12; 133.55; 9443.35; 0.0000; 0.0000; 0.0000; 1.0000; 0.0000; 0.0000; 0.00; 0.00; 0.00; 0.00; 0.00; 0.00; 0.00; 0.00; 0.00; 0
53; 1.0000; 0.0000; 0.0000; 0.0000; 0.2668; 0.2611; 0.0018; 0.1240; 97617.16; 136.26; 9635.19; 97617.16; 136.26; 9635.19; 0.0000; 0.0000; 0.0000; 1.0000; 0.0000; 0.0000; 0.00; 0.00; 0.00; 0.00; 0.00; 0.00; 0.00; 0.00; 0.00; 0
54; 1.0000; 0.0000; 0.0000; 0.0000; 0.2668; 0.2601; 0.0017; 0.1209; 97649.89; 131.26; 9281.51; 97649.89; 131.26; 9281.51; 0.0000; 0.0000; 0.0000; 1.0000; 0.0000; 0.0000; 0.00; 0.00; 0.00; 0.00; 0.00; 0.00; 0.00; 0.00; 0.00; 0
55; 1.0000; 0.0000; 0.0000; 0.0000; 0.2668; 0.2610; 0.0017; 0.1187; 98076.08; 133.38; 9431.71; 98076.08; 133.38; 9431.71; 0.0000; 0.0000; 0.0000; 1.0000; 0.0000; 0.0000; 0.00; 0.00; 0.00; 0.00; 0.00; 0.00; 0.00; 0.00; 0.00; 0
56; 1.0000; 0.0000; 0.0000; 0.0000; 0.2668; 0.2632; 0.0017; 0.1219; 97857.36; 132.08; 9339.70; 97857.36; 132.08; 9339.70; 0.0000; 0.0000; 0.0000; 1.0000; 0.0000; 0.0000; 0.00; 0.00; 0.00; 0.00; 0.00; 0.00; 0.00; 0.00; 0.00; 0
57; 1.0000; 0.0000; 0.0000; 0.0000; 0.2668; 0.2599; 0.0017; 0.1205; 97814.22; 131.51; 9299.45; 97814.22; 131.51; 9299.45; 0.0000; 0.0000; 0.0000; 1.0000; 0.0000; 0.0000; 0.00; 0.00; 0.00; 0.00; 0.00; 0.00; 0.00; 0.00; 0.00; 0
58; 1.0000; 0.0000; 0.0000; 0.0000; 0.2668; 0.2620; 0.0017; 0.1198; 97595.38; 131.58; 9303.78; 97595.38; 131.58; 9303.78; 0.0000; 0.0000; 0.0000; 1.0000; 0.0000; 0.0000; 0.00; 0.00; 0.00; 0.00; 0.00; 0.00; 0.00; 0.00; 0.00; 0
59; 1.0000; 0.0000; 0.0000; 0.0000; 0.2668; 0.2579; 0.0017; 0.1219; 97804.68; 135.14; 9556.16; 97804.68; 135.14; 9556.16; 0.0000; 0.0000; 0.0000; 1.0000; 0.0000; 0.0000; 0.00; 0.00; 0.00; 0.00; 0.00; 0.00; 0.00; 0.00; 0.00; 0
60; 1.0000; 0.0000; 0.0000; 0.0000; 0.2668; 0.2578; 0.0017; 0.1206; 97670.43; 133.24; 9421.76; 97670.43; 133.24; 9421.76; 0.0000; 0.0000; 0.0000; 1.0000; 0.0000; 0.0000; 0.00; 0.00; 0.00; 0.00; 0.00; 0.00; 0.00; 0.00; 0.00; 0
61; 1.0000; 0.0000; 0.0000; 0.0000; 0.2668; 0.2572; 0.0017; 0.1218; 97588.99; 133.79; 9460.16; 97588.99; 133.79; 9460.16; 0.0000; 0.0000; 0.0000; 1.0000; 0.0000; 0.0000; 0.00; 0.00; 0.00; 0.00; 0.00; 0.00; 0.00; 0.00; 0.00; 0
62; 1.0000; 0.0000; 0.0000; 0.0000; 0.2668; 0.2620; 0.0017; 0.1223; 97637.96; 130.89; 9255.18; 97637.96; 130.89; 9255.18; 0.0000; 0.0000; 0.0000; 1.0000; 0.0000; 0.0000; 0.00; 0.00; 0.00; 0.00; 0.00; 0.00; 0.00; 0.00; 0.00; 0
63; 1.0000; 0.0000; 0.0000; 0.0000; 0.2668; 0.2558; 0.0018; 0.1241; 97717.74; 133.05; 9407.92; 97717.74; 133.05; 9407.92; 0.0000; 0.0000; 0.0000; 1.0000; 0.0000; 0.0000; 0.00; 0.00; 0.00; 0.00; 0.00; 0.00; 0.00; 0.00; 0.00; 0
64; 1.0000; 0.0000; 0.0000; 0.0000; 0.2668; 0.2630; 0.0017; 0.1199; 97693.69; 132.85; 9394.00; 97693.69; 132.85; 9394.00; 0.0000; 0.0000; 0.0000; 1.0000; 0.0000; 0.0000; 0.00; 0.00; 0.00; 0.00; 0.00; 0.00; 0.00; 0.00; 0.00; 0
65; 1.0000; 0.0000; 0.0000; 0.0000; 0.2668; 0.2604; 0.0017; 0.1197; 97927.80; 130.32; 9215.03; 97927.80; 130.32; 9215.03; 0.0000; 0.0000; 0.0000; 1.0000; 0.0000; 0.0000; 0.00; 0.00; 0.00; 0.00; 0.00; 0.00; 0.00; 0.00; 0.00; 0
66; 1.0000; 0.0000; 0.0000; 0.0000; 0.2668; 0.2600; 0.0017; 0.1208; 97713.73; 130.17; 9204.75; 97713.73; 130.17; 9204.75; 0.0000; 0.0000; 0.0000; 1.0000; 0.0000; 0.0000; 0.00; 0.00; 0.00; 0.00; 0.00; 0.00; 0.00; 0.00; 0.00; 0
67; 1.0000; 0.0000; 0.0000; 0.0000; 0.2668; 0.2584; 0.0017; 0.1232; 97799.92; 131.36; 9288.55; 97799.92; 131.36; 9288.55; 0.0000; 0.0000; 0.0000; 1.0000; 0.0000; 0.0000; 0.00; 0.00; 0.00; 0.00; 0.00; 0.00; 0.00; 0.00; 0.00; 0
68; 1.0000; 0.0000; 0.0000; 0.0000; 0.2668; 0.2622; 0.0017; 0.1217; 97925.16; 132.57; 9374.25; 97925.16; 132.57; 9374.25; 0.0000; 0.0000; 0.0000; 1.0000; 0.0000; 0.0000; 0.00; 0.00; 0.00; 0.00; 0.00; 0.00; 0.00; 0.00; 0.00; 0
69; 1.0000; 0.0000; 0.0000; 0.0000; 0.2668; 0.2590; 0.0017; 0.1217; 97619.74; 135.80; 9602.29; 97619.74; 135.80; 9602.29; 0.0000; 0.0000; 0.0000; 1.0000; 0.0000; 0.0000; 0.00; 0.00; 0.00; 0.00; 0.00; 0.00; 0.00; 0.00; 0.00; 0
70; 1.0000; 0.0000; 0.0000; 0.0000; 0.2668; 0.2566; 0.0017; 0.1224; 97748.14; 133.12; 9413.28; 97748.14; 133.12; 9413.28; 0.0000; 0.0000; 0.0000; 1.0000; 0.0000; 0.0000; 0.00; 0.00; 0.00; 0.00; 0.00; 0.00; 0.00; 0.00; 0.00; 0
71; 1.0000; 0.0000; 0.0000; 0.0000; 0.2668; 0.2600; 0.0018; 0.1246; 97791.99; 134.88; 9537.48; 97791.99; 134.88; 9537.48; 0.0000; 0.0000; 0.0000; 1.0000; 0.0000; 0.0000; 0.00; 0.00; 0.00; 0.00; 0.00; 0.00; 0.00; 0.00; 0.00; 0
72; 1.0000; 0.0000; 0.0000; 0.0000; 0.2668; 0.2577; 0.0017; 0.1216; 97694.96; 131.83; 9321.74; 97694.96; 131.83; 9321.74; 0.0000; 0.0000; 0.0000; 1.0000; 0.0000; 0.0000; 0.00; 0.00; 0.00; 0.00; 0.00; 0.00; 0.00; 0.00; 0.00; 0
73; 1.0000; 0.0000; 0.0000; 0.0000; 0.2668; 0.2596; 0.0017; 0.1224; 97657.23; 135.49; 9580.66; 97657.23; 135.49; 9580.66; 0.0000; 0.0000; 0.0000; 1.0000; 0.0000; 0.0000; 0.00; 0.00; 0.00; 0.00; 0.00; 0.00; 0.00; 0.00; 0.00; 0
74; 1.0000; 0.0000; 0.0000; 0.0000; 0.2668; 0.2582; 0.0017; 0.1200; 97771.49; 133.39; 9432.40; 97771.49; 133.39; 9432.40; 0.0000; 0.0000; 0.0000; 1.0000; 0.0000; 0.0000; 0.00; 0.00; 0.00; 0.00; 0.00; 0.00; 0.00; 0.00; 0.00; 0
75; 1.0000; 0.0000; 0.0000; 0.0000; 0.2668; 0.2597; 0.0017; 0.1207; 97693.22; 131.88; 9325.02; 97693.22; 131.88; 9325.02; 0.0000; 0.0000; 0.0000; 1.0000; 0.0000; 0.0000; 0.00; 0.00; 0.00; 0.00; 0.00; 0.00; 0.00; 0.00; 0.00; 0
76; 1.0000; 0.0000; 0.0000; 0.0000; 0.2668; 0.2598; 0.0017; 0.1232; 97586.54; 132.67; 9380.92; 97586.54; 132.67; 9380.92; 0.0000; 0.0000; 0.0000; 1.0000; 0.0000; 0.0000; 0.00; 0.00; 0.00; 0.00; 0.00; 0.00; 0.00; 0.00; 0.00; 0
77; 1.0000; 0.0000; 0.0000; 0.0000; 0.2668; 0.2583; 0.0017; 0.1226; 97577.31; 133.86; 9465.20; 97577.31; 133.86; 9465.20; 0.0000; 0.0000; 0.0000; 1.0000; 0.0000; 0.0000; 0.00; 0.00; 0.00; 0.00; 0.00; 0.00; 0.00; 0.00; 0.00; 0
78; 1.0000; 0.0000; 0.0000; 0.0000; 0.2668; 0.2616; 0.0017; 0.1207; 97749.93; 134.39; 9503.00; 97749.93; 134.39; 9503.00; 0.0000; 0.0000; 0.0000; 1.0000; 0.0000; 0.0000; 0.00; 0.00; 0.00; 0.00; 0.00; 0.00; 0.00; 0.00; 0.00; 0
79; 1.0000; 0.0000; 0.0000; 0.0000; 0.2668; 0.2591; 0.0017; 0.1218; 97665.68; 134.93; 9541.26; 97665.68; 134.93; 9541.26; 0.0000; 0.0000; 0.0000; 1.0000; 0.0000; 0.0000; 0.00; 0.00; 0.00; 0.00; 0.00; 0.00; 0.00; 0.00; 0.00; 0
80; 1.0000; 0.0000; 0.0000; 0.0000; 0.2668; 0.2590; 0.0017; 0.1218; 97566.66; 133.48; 9438.53; 97566.66; 133.48; 9438.53; 0.0000; 0.0000; 0.0000; 1.0000; 0.0000; 0.0000; 0.00; 0.00; 0.00; 0.00; 0.00; 0.00; 0.00; 0.00; 0.00; 0
81; 1.0000; 0.0000; 0.0000; 0.0000; 0.2668; 0.2583; 0.0017; 0.1219; 97713.46; 133.11; 9412.00; 97713.46; 133.11; 9412.00; 0.0000; 0.0000; 0.0000; 1.0000; 0.0000; 0.0000; 0.00; 0.00; 0.00; 0.00; 0.00; 0.00; 0.00; 0.00; 0.00; 0
82; 1.0000; 0.0000; 0.0000; 0.0000; 0.2668; 0.2570; 0.0017; 0.1226; 98086.98; 133.90; 9468.41; 98086.98; 133.90; 9468.41; 0.0000; 0.0000; 0.0000; 1.0000; 0.0000; 0.0000; 0.00; 0.00; 0.00; 0.00; 0.00; 0.00; 0.00; 0.00; 0.00; 0
83; 1.0000; 0.0000; 0.0000; 0.0000; 0.2668; 0.2601; 0.0017; 0.1207; 97722.99; 133.22; 9420.30; 97722.99; 133.22; 9420.30; 0.0000; 0.0000; 0.0000; 1.0000; 0.0000; 0.0000; 0.00; 0.00; 0.00; 0.00; 0.00; 0.00; 0.00; 0.00; 0.00; 0
84; 1.0000; 0.0000; 0.0000; 0.0000; 0.2668; 0.2596; 0.0017; 0.1198; 97699.21; 132.41; 9363.01; 97699.21; 132.41; 9363.01; 0.0000; 0.0000; 0.0000; 1.0000; 0.0000; 0.0000; 0.00; 0.00; 0.00; 0.00; 0.00; 0.00; 0.00; 0.00; 0.00; 0
85; 1.0000; 0.0000; 0.0000; 0.0000; 0.2668; 0.2580; 0.0017; 0.1206; 97651.33; 133.78; 9459.94; 97651.33; 133.78; 9459.94; 0.0000; 0.0000; 0.0000; 1.0000; 0.0000; 0.0000; 0.00; 0.00; 0.00; 0.00; 0.00; 0.00; 0.00; 0.00; 0.00; 0
86; 1.0000; 0.0000; 0.0000; 0.0000; 0.2668; 0.2604; 0.0017; 0.1203; 97911.02; 130.77; 9247.02; 97911.02; 130.77; 9247.02; 0.0000; 0.0000; 0.0000; 1.0000; 0.0000; 0.0000; 0.00; 0.00; 0.00; 0.00; 0.00; 0.00; 0.00; 0.00; 0.00; 0
87; 1.0000; 0.0000; 0.0000; 0.0000; 0.2668; 0.2562; 0.0017; 0.1222; 97971.91; 133.24; 9421.70; 97971.91; 133.24; 9421.70; 0.0000; 0.0000; 0.0000; 1.0000; 0.0000; 0.0000; 0.00; 0.00; 0.00; 0.00; 0.00; 0.00; 0.00; 0.00; 0.00; 0
88; 1.0000; 0.0000; 0.0000; 0.0000; 0.2668; 0.2588; 0.0017; 0.1213; 97923.82; 130.83; 9251.28; 97923.82; 130.83; 9251.28; 0.0000; 0.0000; 0.0000; 1.0000; 0.0000; 0.0000; 0.00; 0.00; 0.00; 0.00; 0.00; 0.00; 0.00; 0.00; 0.00; 0
89; 1.0000; 0.0000; 0.0000; 0.0000; 0.2668; 0.2590; 0.0017; 0.1229; 97681.81; 135.86; 9606.96; 97681.81; 135.86; 9606.96; 0.0000; 0.0000; 0.0000; 1.0000; 0.0000; 0.0000; 0.00; 0.00; 0.00; 0.00; 0.00; 0.00; 0.00; 0.00; 0.00; 0
90; 1.0000; 0.0000; 0.0000; 0.0000; 0.2668; 0.2566; 0.0017; 0.1196; 97632.11; 131.94; 9329.30; 97632.11; 131.94; 9329.30; 0.0000; 0.0000; 0.0000; 1.0000; 0.0000; 0.0000; 0.00; 0.00; 0.00; 0.00; 0.00; 0.00; 0.00; 0.00; 0.00; 0
91; 1.0000; 0.0000; 0.0000; 0.0000; 0.2668; 0.2587; 0.0017; 0.1220; 97671.81; 133.12; 9413.35; 97671.81; 133.12; 9413.35; 0.0000; 0.0000; 0.0000; 1.0000; 0.0000; 0.0000; 0.00; 0.00; 0.00; 0.00; 0.00; 0.00; 0.00; 0.00; 0.00; 0
92; 1.0000; 0.0000; 0.0000; 0.0000; 0.2668; 0.2596; 0.0017; 0.1231; 97531.18; 131.86; 9323.76; 97531.18; 131.86; 9323.76; 0.0000; 0.0000; 0.0000; 1.0000; 0.0000; 0.0000; 0.00; 0.00; 0.00; 0.00; 0.00; 0.00; 0.00; 0.00; 0.00; 0
93; 1.0000; 0.0000; 0.0000; 0.0000; 0.2668; 0.2620; 0.0017; 0.1205; 97715.63; 131.46; 9295.88; 97715.63; 131.46; 9295.88; 0.0000; 0.0000; 0.0000; 1.0000; 0.0000; 0.0000; 0.00; 0.00; 0.00; 0.00; 0.00; 0.00; 0.00; 0.00; 0.00; 0
94; 1.0000; 0.0000; 0.0000; 0.0000; 0.2668; 0.2588; 0.0017; 0.1222; 97721.51; 131.50; 9298.64; 97721.51; 131.50; 9298.64; 0.0000; 0.0000; 0.0000; 1.0000; 0.0000; 0.0000; 0.00; 0.00; 0.00; 0.00; 0.00; 0.00; 0.00; 0.00; 0.00; 0
95; 1.0000; 0.0000; 0.0000; 0.0000; 0.2668; 0.2601; 0.0017; 0.1223; 97807.78; 132.37; 9360.05; 97807.78; 132.37; 9360.05; 0.0000; 0.0000; 0.0000; 1.0000; 0.0000; 0.0000; 0.00; 0.00; 0.00; 0.00; 0.00; 0.00; 0.00; 0.00; 0.00; 0
96; 1.0000; 0.0000; 0.0000; 0.0000; 0.2668; 0.2583; 0.0017; 0.1228; 97914.54; 131.06; 9267.34; 97914.54; 131.06; 9267.34; 0.0000; 0.0000; 0.0000; 1.0000; 0.0000; 0.0000; 0.00; 0.00; 0.00; 0.00; 0.00; 0.00; 0.00; 0.00; 0.00; 0
97; 1.0000; 0.0000; 0.0000; 0.0000; 0.2668; 0.2594; 0.0017; 0.1219; 97738.68; 132.81; 9391.15; 97738.68; 132.81; 9391.15; 0.0000; 0.0000; 0.0000; 1.0000; 0.0000; 0.0000; 0.00; 0.00; 0.00; 0.00; 0.00; 0.00; 0.00; 0.00; 0.00; 0
98; 1.0000; 0.0000; 0.0000; 0.0000; 0.2668; 0.2601; 0.0017; 0.1213; 97730.78; 132.59; 9375.63; 97730.78; 132.59; 9375.63; 0.0000; 0.0000; 0.0000; 1.0000; 0.0000; 0.0000; 0.00; 0.00; 0.00; 0.00; 0.00; 0.00; 0.00; 0.00; 0.00; 0
99; 1.0000; 0.0000; 0.0000; 0.0000; 0.2668; 0.2578; 0.0018; 0.1244; 97658.74; 132.58; 9375.04; 97658.74; 132.58; 9375.04; 0.0000; 0.0000; 0.0000; 1.0000; 0.0000; 0.0000; 0.00; 0.00; 0.00; 0.00; 0.00; 0.00; 0.00; 0.00; 0.00; 0
100; 1.0000; 0.0000; 0.0000; 0.0000; 0.2668; 0.2565; 0.0017; 0.1227; 97546.74; 132.80; 9390.27; 97546.74; 132.80; 9390.27; 0.0000; 0.0000; 0.0000; 1.0000; 0.0000; 0.0000; 0.00; 0.00; 0.00; 0.00; 0.00; 0.00; 0.00; 0.00; 0.00; 0
