    Year (Census)
    Proportion of populations extant, SE
    Proportion of populations going extinct for the first time in year, SE
    Deterministic growth, Stochastic growth, SE, SD
    Mean population size (across extant populations), SE, SD
    Mean population size (across all populations), SE, SD
    Population-based model: No genetic data (12 skipped fields)



    Mean time to extinction, SE, SD
    Median time to extinction
Year;PExtant;SE(PExtant);PExtinct;SE(PExtinct);det-r;stoch-r;SE(r);SD(r);N-extant;SE(N-extant);SD(N-extant);N-all;SE(N-all);SD(N-all);GeneDiv;SE(GD);SD(GD);Inbreed;SE(Inbr);SD(Inbr);nAlleles;SE(nAlleles);SD(nAlleles);nLethals;SE(nLethals);SD(nLethals);TE;SE(TE);SD(TE);medianTE
Default Scenario
Population 1: Population1
0; 1.0000; 0.0000; 0.0000; 0.0000; 0.1919;      0;      0;      0; 34696.00; 0.00; 0.00; 34696.00; 0.00; 0.00; 0.0000; 0.0000; 0.0000; 1.0000; 0.0000; 0.0000; 0.00; 0.00; 0.00; 0.00; 0.00; 0.00; 0.00; 0.00; 0.00; 0
1; 1.0000; 0.0000; 0.0000; 0.0000; 0.1919; 0.1834; 0.0018; 0.1288; 34224.21; 44.97; 3179.93; 34224.21; 44.97; 3179.93; 0.0000; 0.0000; 0.0000; 1.0000; 0.0000; 0.0000; 0.00; 0.00; 0.00; 0.00; 0.00; 0.00; 0.00; 0.00; 0.00; 0
2; 1.0000; 0.0000; 0.0000; 0.0000; 0.1919; 0.1819; 0.0018; 0.1302; 33797.19; 45.79; 3237.69; 33797.19; 45.79; 3237.69; 0.0000; 0.0000; 0.0000; 1.0000; 0.0000; 0.0000; 0.00; 0.00; 0.00; 0.00; 0.00; 0.00; 0.00; 0.00; 0.00; 0
3; 1.0000; 0.0000; 0.0000; 0.0000; 0.1919; 0.1812; 0.0019; 0.1329; 33774.81; 46.15; 3263.51; 33774.81; 46.15; 3263.51; 0.0000; 0.0000; 0.0000; 1.0000; 0.0000; 0.0000; 0.00; 0.00; 0.00; 0.00; 0.00; 0.00; 0.00; 0.00; 0.00; 0
4; 1.0000; 0.0000; 0.0000; 0.0000; 0.1919; 0.1821; 0.0018; 0.1278; 33690.25; 46.48; 3286.84; 33690.25; 46.48; 3286.84; 0.0000; 0.0000; 0.0000; 1.0000; 0.0000; 0.0000; 0.00; 0.00; 0.00; 0.00; 0.00; 0.00; 0.00; 0.00; 0.00; 0
5; 1.0000; 0.0000; 0.0000; 0.0000; 0.1919; 0.1813; 0.0019; 0.1314; 33632.25; 47.10; 3330.41; 33632.25; 47.10; 3330.41; 0.0000; 0.0000; 0.0000; 1.0000; 0.0000; 0.0000; 0.00; 0.00; 0.00; 0.00; 0.00; 0.00; 0.00; 0.00; 0.00; 0
6; 1.0000; 0.0000; 0.0000; 0.0000; 0.1919; 0.1864; 0.0018; 0.1293; 33846.98; 47.26; 3341.68; 33846.98; 47.26; 3341.68; 0.0000; 0.0000; 0.0000; 1.0000; 0.0000; 0.0000; 0.00; 0.00; 0.00; 0.00; 0.00; 0.00; 0.00; 0.00; 0.00; 0
7; 1.0000; 0.0000; 0.0000; 0.0000; 0.1919; 0.1835; 0.0019; 0.1313; 33737.03; 47.03; 3325.50; 33737.03; 47.03; 3325.50; 0.0000; 0.0000; 0.0000; 1.0000; 0.0000; 0.0000; 0.00; 0.00; 0.00; 0.00; 0.00; 0.00; 0.00; 0.00; 0.00; 0
8; 1.0000; 0.0000; 0.0000; 0.0000; 0.1919; 0.1809; 0.0018; 0.1291; 33699.11; 47.13; 3332.93; 33699.11; 47.13; 3332.93; 0.0000; 0.0000; 0.0000; 1.0000; 0.0000; 0.0000; 0.00; 0.00; 0.00; 0.00; 0.00; 0.00; 0.00; 0.00; 0.00; 0
9; 1.0000; 0.0000; 0.0000; 0.0000; 0.1919; 0.1833; 0.0019; 0.1326; 33678.61; 47.73; 3374.73; 33678.61; 47.73; 3374.73; 0.0000; 0.0000; 0.0000; 1.0000; 0.0000; 0.0000; 0.00; 0.00; 0.00; 0.00; 0.00; 0.00; 0.00; 0.00; 0.00; 0
10; 1.0000; 0.0000; 0.0000; 0.0000; 0.1919; 0.1852; 0.0019; 0.1332; 33643.91; 47.47; 3356.40; 33643.91; 47.47; 3356.40; 0.0000; 0.0000; 0.0000; 1.0000; 0.0000; 0.0000; 0.00; 0.00; 0.00; 0.00; 0.00; 0.00; 0.00; 0.00; 0.00; 0
11; 1.0000; 0.0000; 0.0000; 0.0000; 0.1919; 0.1857; 0.0018; 0.1287; 33737.81; 47.36; 3348.74; 33737.81; 47.36; 3348.74; 0.0000; 0.0000; 0.0000; 1.0000; 0.0000; 0.0000; 0.00; 0.00; 0.00; 0.00; 0.00; 0.00; 0.00; 0.00; 0.00; 0
12; 1.0000; 0.0000; 0.0000; 0.0000; 0.1919; 0.1840; 0.0019; 0.1311; 33707.67; 47.93; 3389.24; 33707.67; 47.93; 3389.24; 0.0000; 0.0000; 0.0000; 1.0000; 0.0000; 0.0000; 0.00; 0.00; 0.00; 0.00; 0.00; 0.00; 0.00; 0.00; 0.00; 0
13; 1.0000; 0.0000; 0.0000; 0.0000; 0.1919; 0.1850; 0.0018; 0.1285; 33645.83; 47.24; 3340.41; 33645.83; 47.24; 3340.41; 0.0000; 0.0000; 0.0000; 1.0000; 0.0000; 0.0000; 0.00; 0.00; 0.00; 0.00; 0.00; 0.00; 0.00; 0.00; 0.00; 0
14; 1.0000; 0.0000; 0.0000; 0.0000; 0.1919; 0.1821; 0.0019; 0.1337; 33748.83; 46.63; 3297.10; 33748.83; 46.63; 3297.10; 0.0000; 0.0000; 0.0000; 1.0000; 0.0000; 0.0000; 0.00; 0.00; 0.00; 0.00; 0.00; 0.00; 0.00; 0.00; 0.00; 0
15; 1.0000; 0.0000; 0.0000; 0.0000; 0.1919; 0.1840; 0.0018; 0.1303; 33760.28; 46.33; 3276.02; 33760.28; 46.33; 3276.02; 0.0000; 0.0000; 0.0000; 1.0000; 0.0000; 0.0000; 0.00; 0.00; 0.00; 0.00; 0.00; 0.00; 0.00; 0.00; 0.00; 0
16; 1.0000; 0.0000; 0.0000; 0.0000; 0.1919; 0.1824; 0.0019; 0.1318; 33719.80; 46.83; 3311.68; 33719.80; 46.83; 3311.68; 0.0000; 0.0000; 0.0000; 1.0000; 0.0000; 0.0000; 0.00; 0.00; 0.00; 0.00; 0.00; 0.00; 0.00; 0.00; 0.00; 0
17; 1.0000; 0.0000; 0.0000; 0.0000; 0.1919; 0.1827; 0.0018; 0.1307; 33702.58; 46.79; 3308.44; 33702.58; 46.79; 3308.44; 0.0000; 0.0000; 0.0000; 1.0000; 0.0000; 0.0000; 0.00; 0.00; 0.00; 0.00; 0.00; 0.00; 0.00; 0.00; 0.00; 0
18; 1.0000; 0.0000; 0.0000; 0.0000; 0.1919; 0.1849; 0.0018; 0.1303; 33734.11; 46.76; 3306.77; 33734.11; 46.76; 3306.77; 0.0000; 0.0000; 0.0000; 1.0000; 0.0000; 0.0000; 0.00; 0.00; 0.00; 0.00; 0.00; 0.00; 0.00; 0.00; 0.00; 0
19; 1.0000; 0.0000; 0.0000; 0.0000; 0.1919; 0.1821; 0.0018; 0.1306; 33723.48; 47.32; 3346.33; 33723.48; 47.32; 3346.33; 0.0000; 0.0000; 0.0000; 1.0000; 0.0000; 0.0000; 0.00; 0.00; 0.00; 0.00; 0.00; 0.00; 0.00; 0.00; 0.00; 0
20; 1.0000; 0.0000; 0.0000; 0.0000; 0.1919; 0.1826; 0.0018; 0.1300; 33694.85; 47.42; 3353.33; 33694.85; 47.42; 3353.33; 0.0000; 0.0000; 0.0000; 1.0000; 0.0000; 0.0000; 0.00; 0.00; 0.00; 0.00; 0.00; 0.00; 0.00; 0.00; 0.00; 0
21; 1.0000; 0.0000; 0.0000; 0.0000; 0.1919; 0.1843; 0.0018; 0.1292; 33732.16; 46.39; 3280.27; 33732.16; 46.39; 3280.27; 0.0000; 0.0000; 0.0000; 1.0000; 0.0000; 0.0000; 0.00; 0.00; 0.00; 0.00; 0.00; 0.00; 0.00; 0.00; 0.00; 0
22; 1.0000; 0.0000; 0.0000; 0.0000; 0.1919; 0.1843; 0.0019; 0.1318; 33676.71; 47.73; 3374.75; 33676.71; 47.73; 3374.75; 0.0000; 0.0000; 0.0000; 1.0000; 0.0000; 0.0000; 0.00; 0.00; 0.00; 0.00; 0.00; 0.00; 0.00; 0.00; 0.00; 0
23; 1.0000; 0.0000; 0.0000; 0.0000; 0.1919; 0.1825; 0.0019; 0.1321; 33635.27; 47.46; 3355.81; 33635.27; 47.46; 3355.81; 0.0000; 0.0000; 0.0000; 1.0000; 0.0000; 0.0000; 0.00; 0.00; 0.00; 0.00; 0.00; 0.00; 0.00; 0.00; 0.00; 0
24; 1.0000; 0.0000; 0.0000; 0.0000; 0.1919; 0.1851; 0.0018; 0.1302; 33796.24; 47.21; 3338.43; 33796.24; 47.21; 3338.43; 0.0000; 0.0000; 0.0000; 1.0000; 0.0000; 0.0000; 0.00; 0.00; 0.00; 0.00; 0.00; 0.00; 0.00; 0.00; 0.00; 0
25; 1.0000; 0.0000; 0.0000; 0.0000; 0.1919; 0.1826; 0.0019; 0.1310; 33735.34; 46.84; 3312.24; 33735.34; 46.84; 3312.24; 0.0000; 0.0000; 0.0000; 1.0000; 0.0000; 0.0000; 0.00; 0.00; 0.00; 0.00; 0.00; 0.00; 0.00; 0.00; 0.00; 0
26; 1.0000; 0.0000; 0.0000; 0.0000; 0.1919; 0.1840; 0.0019; 0.1316; 33772.76; 46.78; 3307.98; 33772.76; 46.78; 3307.98; 0.0000; 0.0000; 0.0000; 1.0000; 0.0000; 0.0000; 0.00; 0.00; 0.00; 0.00; 0.00; 0.00; 0.00; 0.00; 0.00; 0
27; 1.0000; 0.0000; 0.0000; 0.0000; 0.1919; 0.1846; 0.0019; 0.1316; 33622.06; 47.12; 3332.17; 33622.06; 47.12; 3332.17; 0.0000; 0.0000; 0.0000; 1.0000; 0.0000; 0.0000; 0.00; 0.00; 0.00; 0.00; 0.00; 0.00; 0.00; 0.00; 0.00; 0
28; 1.0000; 0.0000; 0.0000; 0.0000; 0.1919; 0.1827; 0.0019; 0.1324; 33703.06; 46.94; 3319.50; 33703.06; 46.94; 3319.50; 0.0000; 0.0000; 0.0000; 1.0000; 0.0000; 0.0000; 0.00; 0.00; 0.00; 0.00; 0.00; 0.00; 0.00; 0.00; 0.00; 0
29; 1.0000; 0.0000; 0.0000; 0.0000; 0.1919; 0.1846; 0.0018; 0.1285; 33773.84; 46.79; 3308.32; 33773.84; 46.79; 3308.32; 0.0000; 0.0000; 0.0000; 1.0000; 0.0000; 0.0000; 0.00; 0.00; 0.00; 0.00; 0.00; 0.00; 0.00; 0.00; 0.00; 0
30; 1.0000; 0.0000; 0.0000; 0.0000; 0.1919; 0.1820; 0.0018; 0.1277; 33759.81; 47.21; 3338.46; 33759.81; 47.21; 3338.46; 0.0000; 0.0000; 0.0000; 1.0000; 0.0000; 0.0000; 0.00; 0.00; 0.00; 0.00; 0.00; 0.00; 0.00; 0.00; 0.00; 0
31; 1.0000; 0.0000; 0.0000; 0.0000; 0.1919; 0.1821; 0.0019; 0.1326; 33656.32; 47.55; 3362.47; 33656.32; 47.55; 3362.47; 0.0000; 0.0000; 0.0000; 1.0000; 0.0000; 0.0000; 0.00; 0.00; 0.00; 0.00; 0.00; 0.00; 0.00; 0.00; 0.00; 0
32; 1.0000; 0.0000; 0.0000; 0.0000; 0.1919; 0.1838; 0.0019; 0.1320; 33679.16; 46.80; 3309.42; 33679.16; 46.80; 3309.42; 0.0000; 0.0000; 0.0000; 1.0000; 0.0000; 0.0000; 0.00; 0.00; 0.00; 0.00; 0.00; 0.00; 0.00; 0.00; 0.00; 0
33; 1.0000; 0.0000; 0.0000; 0.0000; 0.1919; 0.1832; 0.0018; 0.1288; 33707.63; 46.95; 3320.16; 33707.63; 46.95; 3320.16; 0.0000; 0.0000; 0.0000; 1.0000; 0.0000; 0.0000; 0.00; 0.00; 0.00; 0.00; 0.00; 0.00; 0.00; 0.00; 0.00; 0
34; 1.0000; 0.0000; 0.0000; 0.0000; 0.1919; 0.1852; 0.0018; 0.1283; 33753.32; 46.83; 3311.13; 33753.32; 46.83; 3311.13; 0.0000; 0.0000; 0.0000; 1.0000; 0.0000; 0.0000; 0.00; 0.00; 0.00; 0.00; 0.00; 0.00; 0.00; 0.00; 0.00; 0
35; 1.0000; 0.0000; 0.0000; 0.0000; 0.1919; 0.1833; 0.0019; 0.1319; 33737.93; 46.67; 3300.26; 33737.93; 46.67; 3300.26; 0.0000; 0.0000; 0.0000; 1.0000; 0.0000; 0.0000; 0.00; 0.00; 0.00; 0.00; 0.00; 0.00; 0.00; 0.00; 0.00; 0
36; 1.0000; 0.0000; 0.0000; 0.0000; 0.1919; 0.1815; 0.0018; 0.1284; 33700.99; 47.21; 3338.30; 33700.99; 47.21; 3338.30; 0.0000; 0.0000; 0.0000; 1.0000; 0.0000; 0.0000; 0.00; 0.00; 0.00; 0.00; 0.00; 0.00; 0.00; 0.00; 0.00; 0
37; 1.0000; 0.0000; 0.0000; 0.0000; 0.1919; 0.1800; 0.0019; 0.1334; 33664.44; 46.82; 3310.80; 33664.44; 46.82; 3310.80; 0.0000; 0.0000; 0.0000; 1.0000; 0.0000; 0.0000; 0.00; 0.00; 0.00; 0.00; 0.00; 0.00; 0.00; 0.00; 0.00; 0
38; 1.0000; 0.0000; 0.0000; 0.0000; 0.1919; 0.1854; 0.0018; 0.1287; 33753.56; 47.61; 3366.71; 33753.56; 47.61; 3366.71; 0.0000; 0.0000; 0.0000; 1.0000; 0.0000; 0.0000; 0.00; 0.00; 0.00; 0.00; 0.00; 0.00; 0.00; 0.00; 0.00; 0
39; 1.0000; 0.0000; 0.0000; 0.0000; 0.1919; 0.1847; 0.0019; 0.1323; 33667.23; 47.72; 3374.59; 33667.23; 47.72; 3374.59; 0.0000; 0.0000; 0.0000; 1.0000; 0.0000; 0.0000; 0.00; 0.00; 0.00; 0.00; 0.00; 0.00; 0.00; 0.00; 0.00; 0
40; 1.0000; 0.0000; 0.0000; 0.0000; 0.1919; 0.1794; 0.0018; 0.1297; 33614.94; 46.37; 3279.19; 33614.94; 46.37; 3279.19; 0.0000; 0.0000; 0.0000; 1.0000; 0.0000; 0.0000; 0.00; 0.00; 0.00; 0.00; 0.00; 0.00; 0.00; 0.00; 0.00; 0
41; 1.0000; 0.0000; 0.0000; 0.0000; 0.1919; 0.1839; 0.0019; 0.1319; 33657.12; 46.65; 3298.81; 33657.12; 46.65; 3298.81; 0.0000; 0.0000; 0.0000; 1.0000; 0.0000; 0.0000; 0.00; 0.00; 0.00; 0.00; 0.00; 0.00; 0.00; 0.00; 0.00; 0
42; 1.0000; 0.0000; 0.0000; 0.0000; 0.1919; 0.1813; 0.0019; 0.1314; 33676.89; 46.83; 3311.31; 33676.89; 46.83; 3311.31; 0.0000; 0.0000; 0.0000; 1.0000; 0.0000; 0.0000; 0.00; 0.00; 0.00; 0.00; 0.00; 0.00; 0.00; 0.00; 0.00; 0
43; 1.0000; 0.0000; 0.0000; 0.0000; 0.1919; 0.1828; 0.0018; 0.1306; 33699.96; 46.77; 3307.15; 33699.96; 46.77; 3307.15; 0.0000; 0.0000; 0.0000; 1.0000; 0.0000; 0.0000; 0.00; 0.00; 0.00; 0.00; 0.00; 0.00; 0.00; 0.00; 0.00; 0
44; 1.0000; 0.0000; 0.0000; 0.0000; 0.1919; 0.1798; 0.0019; 0.1309; 33682.48; 47.09; 3329.83; 33682.48; 47.09; 3329.83; 0.0000; 0.0000; 0.0000; 1.0000; 0.0000; 0.0000; 0.00; 0.00; 0.00; 0.00; 0.00; 0.00; 0.00; 0.00; 0.00; 0
45; 1.0000; 0.0000; 0.0000; 0.0000; 0.1919; 0.1854; 0.0018; 0.1294; 33721.83; 47.23; 3339.73; 33721.83; 47.23; 3339.73; 0.0000; 0.0000; 0.0000; 1.0000; 0.0000; 0.0000; 0.00; 0.00; 0.00; 0.00; 0.00; 0.00; 0.00; 0.00; 0.00; 0
46; 1.0000; 0.0000; 0.0000; 0.0000; 0.1919; 0.1833; 0.0018; 0.1307; 33752.25; 47.00; 3323.09; 33752.25; 47.00; 3323.09; 0.0000; 0.0000; 0.0000; 1.0000; 0.0000; 0.0000; 0.00; 0.00; 0.00; 0.00; 0.00; 0.00; 0.00; 0.00; 0.00; 0
47; 1.0000; 0.0000; 0.0000; 0.0000; 0.1919; 0.1857; 0.0019; 0.1310; 33756.99; 46.12; 3260.91; 33756.99; 46.12; 3260.91; 0.0000; 0.0000; 0.0000; 1.0000; 0.0000; 0.0000; 0.00; 0.00; 0.00; 0.00; 0.00; 0.00; 0.00; 0.00; 0.00; 0
48; 1.0000; 0.0000; 0.0000; 0.0000; 0.1919; 0.1838; 0.0018; 0.1293; 33710.89; 47.48; 3357.62; 33710.89; 47.48; 3357.62; 0.0000; 0.0000; 0.0000; 1.0000; 0.0000; 0.0000; 0.00; 0.00; 0.00; 0.00; 0.00; 0.00; 0.00; 0.00; 0.00; 0
49; 1.0000; 0.0000; 0.0000; 0.0000; 0.1919; 0.1797; 0.0019; 0.1320; 33701.16; 47.26; 3342.13; 33701.16; 47.26; 3342.13; 0.0000; 0.0000; 0.0000; 1.0000; 0.0000; 0.0000; 0.00; 0.00; 0.00; 0.00; 0.00; 0.00; 0.00; 0.00; 0.00; 0
50; 1.0000; 0.0000; 0.0000; 0.0000; 0.1919; 0.1823; 0.0018; 0.1300; 33757.65; 48.00; 3394.15; 33757.65; 48.00; 3394.15; 0.0000; 0.0000; 0.0000; 1.0000; 0.0000; 0.0000; 0.00; 0.00; 0.00; 0.00; 0.00; 0.00; 0.00; 0.00; 0.00; 0
51; 1.0000; 0.0000; 0.0000; 0.0000; 0.1919; 0.1824; 0.0018; 0.1292; 33801.67; 46.90; 3316.05; 33801.67; 46.90; 3316.05; 0.0000; 0.0000; 0.0000; 1.0000; 0.0000; 0.0000; 0.00; 0.00; 0.00; 0.00; 0.00; 0.00; 0.00; 0.00; 0.00; 0
52; 1.0000; 0.0000; 0.0000; 0.0000; 0.1919; 0.1867; 0.0019; 0.1309; 33721.03; 47.48; 3357.62; 33721.03; 47.48; 3357.62; 0.0000; 0.0000; 0.0000; 1.0000; 0.0000; 0.0000; 0.00; 0.00; 0.00; 0.00; 0.00; 0.00; 0.00; 0.00; 0.00; 0
53; 1.0000; 0.0000; 0.0000; 0.0000; 0.1919; 0.1876; 0.0018; 0.1304; 33754.75; 47.49; 3357.93; 33754.75; 47.49; 3357.93; 0.0000; 0.0000; 0.0000; 1.0000; 0.0000; 0.0000; 0.00; 0.00; 0.00; 0.00; 0.00; 0.00; 0.00; 0.00; 0.00; 0
54; 1.0000; 0.0000; 0.0000; 0.0000; 0.1919; 0.1825; 0.0019; 0.1308; 33752.34; 47.12; 3331.67; 33752.34; 47.12; 3331.67; 0.0000; 0.0000; 0.0000; 1.0000; 0.0000; 0.0000; 0.00; 0.00; 0.00; 0.00; 0.00; 0.00; 0.00; 0.00; 0.00; 0
55; 1.0000; 0.0000; 0.0000; 0.0000; 0.1919; 0.1848; 0.0019; 0.1312; 33713.37; 46.01; 3253.19; 33713.37; 46.01; 3253.19; 0.0000; 0.0000; 0.0000; 1.0000; 0.0000; 0.0000; 0.00; 0.00; 0.00; 0.00; 0.00; 0.00; 0.00; 0.00; 0.00; 0
56; 1.0000; 0.0000; 0.0000; 0.0000; 0.1919; 0.1834; 0.0018; 0.1305; 33782.31; 46.47; 3285.80; 33782.31; 46.47; 3285.80; 0.0000; 0.0000; 0.0000; 1.0000; 0.0000; 0.0000; 0.00; 0.00; 0.00; 0.00; 0.00; 0.00; 0.00; 0.00; 0.00; 0
57; 1.0000; 0.0000; 0.0000; 0.0000; 0.1919; 0.1823; 0.0019; 0.1319; 33745.52; 46.54; 3290.68; 33745.52; 46.54; 3290.68; 0.0000; 0.0000; 0.0000; 1.0000; 0.0000; 0.0000; 0.00; 0.00; 0.00; 0.00; 0.00; 0.00; 0.00; 0.00; 0.00; 0
58; 1.0000; 0.0000; 0.0000; 0.0000; 0.1919; 0.1819; 0.0019; 0.1323; 33754.14; 46.99; 3322.85; 33754.14; 46.99; 3322.85; 0.0000; 0.0000; 0.0000; 1.0000; 0.0000; 0.0000; 0.00; 0.00; 0.00; 0.00; 0.00; 0.00; 0.00; 0.00; 0.00; 0
59; 1.0000; 0.0000; 0.0000; 0.0000; 0.1919; 0.1807; 0.0019; 0.1323; 33675.48; 47.07; 3328.67; 33675.48; 47.07; 3328.67; 0.0000; 0.0000; 0.0000; 1.0000; 0.0000; 0.0000; 0.00; 0.00; 0.00; 0.00; 0.00; 0.00; 0.00; 0.00; 0.00; 0
60; 1.0000; 0.0000; 0.0000; 0.0000; 0.1919; 0.1809; 0.0019; 0.1325; 33660.64; 46.70; 3302.22; 33660.64; 46.70; 3302.22; 0.0000; 0.0000; 0.0000; 1.0000; 0.0000; 0.0000; 0.00; 0.00; 0.00; 0.00; 0.00; 0.00; 0.00; 0.00; 0.00; 0
61; 1.0000; 0.0000; 0.0000; 0.0000; 0.1919; 0.1820; 0.0018; 0.1298; 33778.72; 46.83; 3311.50; 33778.72; 46.83; 3311.50; 0.0000; 0.0000; 0.0000; 1.0000; 0.0000; 0.0000; 0.00; 0.00; 0.00; 0.00; 0.00; 0.00; 0.00; 0.00; 0.00; 0
62; 1.0000; 0.0000; 0.0000; 0.0000; 0.1919; 0.1809; 0.0019; 0.1310; 33737.22; 47.66; 3369.92; 33737.22; 47.66; 3369.92; 0.0000; 0.0000; 0.0000; 1.0000; 0.0000; 0.0000; 0.00; 0.00; 0.00; 0.00; 0.00; 0.00; 0.00; 0.00; 0.00; 0
63; 1.0000; 0.0000; 0.0000; 0.0000; 0.1919; 0.1834; 0.0019; 0.1336; 33645.42; 47.26; 3341.67; 33645.42; 47.26; 3341.67; 0.0000; 0.0000; 0.0000; 1.0000; 0.0000; 0.0000; 0.00; 0.00; 0.00; 0.00; 0.00; 0.00; 0.00; 0.00; 0.00; 0
64; 1.0000; 0.0000; 0.0000; 0.0000; 0.1919; 0.1830; 0.0018; 0.1286; 33739.09; 46.54; 3290.79; 33739.09; 46.54; 3290.79; 0.0000; 0.0000; 0.0000; 1.0000; 0.0000; 0.0000; 0.00; 0.00; 0.00; 0.00; 0.00; 0.00; 0.00; 0.00; 0.00; 0
65; 1.0000; 0.0000; 0.0000; 0.0000; 0.1919; 0.1823; 0.0019; 0.1326; 33695.58; 46.82; 3310.45; 33695.58; 46.82; 3310.45; 0.0000; 0.0000; 0.0000; 1.0000; 0.0000; 0.0000; 0.00; 0.00; 0.00; 0.00; 0.00; 0.00; 0.00; 0.00; 0.00; 0
66; 1.0000; 0.0000; 0.0000; 0.0000; 0.1919; 0.1849; 0.0019; 0.1336; 33728.16; 47.10; 3330.16; 33728.16; 47.10; 3330.16; 0.0000; 0.0000; 0.0000; 1.0000; 0.0000; 0.0000; 0.00; 0.00; 0.00; 0.00; 0.00; 0.00; 0.00; 0.00; 0.00; 0
67; 1.0000; 0.0000; 0.0000; 0.0000; 0.1919; 0.1839; 0.0018; 0.1301; 33678.93; 46.82; 3310.64; 33678.93; 46.82; 3310.64; 0.0000; 0.0000; 0.0000; 1.0000; 0.0000; 0.0000; 0.00; 0.00; 0.00; 0.00; 0.00; 0.00; 0.00; 0.00; 0.00; 0
68; 1.0000; 0.0000; 0.0000; 0.0000; 0.1919; 0.1828; 0.0018; 0.1292; 33690.61; 46.72; 3303.84; 33690.61; 46.72; 3303.84; 0.0000; 0.0000; 0.0000; 1.0000; 0.0000; 0.0000; 0.00; 0.00; 0.00; 0.00; 0.00; 0.00; 0.00; 0.00; 0.00; 0
69; 1.0000; 0.0000; 0.0000; 0.0000; 0.1919; 0.1817; 0.0019; 0.1319; 33700.81; 47.77; 3378.15; 33700.81; 47.77; 3378.15; 0.0000; 0.0000; 0.0000; 1.0000; 0.0000; 0.0000; 0.00; 0.00; 0.00; 0.00; 0.00; 0.00; 0.00; 0.00; 0.00; 0
70; 1.0000; 0.0000; 0.0000; 0.0000; 0.1919; 0.1863; 0.0018; 0.1295; 33644.26; 47.62; 3367.35; 33644.26; 47.62; 3367.35; 0.0000; 0.0000; 0.0000; 1.0000; 0.0000; 0.0000; 0.00; 0.00; 0.00; 0.00; 0.00; 0.00; 0.00; 0.00; 0.00; 0
71; 1.0000; 0.0000; 0.0000; 0.0000; 0.1919; 0.1829; 0.0019; 0.1315; 33589.66; 47.21; 3338.22; 33589.66; 47.21; 3338.22; 0.0000; 0.0000; 0.0000; 1.0000; 0.0000; 0.0000; 0.00; 0.00; 0.00; 0.00; 0.00; 0.00; 0.00; 0.00; 0.00; 0
72; 1.0000; 0.0000; 0.0000; 0.0000; 0.1919; 0.1837; 0.0019; 0.1311; 33694.72; 46.61; 3296.04; 33694.72; 46.61; 3296.04; 0.0000; 0.0000; 0.0000; 1.0000; 0.0000; 0.0000; 0.00; 0.00; 0.00; 0.00; 0.00; 0.00; 0.00; 0.00; 0.00; 0
73; 1.0000; 0.0000; 0.0000; 0.0000; 0.1919; 0.1843; 0.0019; 0.1322; 33765.44; 47.67; 3370.94; 33765.44; 47.67; 3370.94; 0.0000; 0.0000; 0.0000; 1.0000; 0.0000; 0.0000; 0.00; 0.00; 0.00; 0.00; 0.00; 0.00; 0.00; 0.00; 0.00; 0
74; 1.0000; 0.0000; 0.0000; 0.0000; 0.1919; 0.1835; 0.0018; 0.1281; 33726.42; 46.86; 3313.23; 33726.42; 46.86; 3313.23; 0.0000; 0.0000; 0.0000; 1.0000; 0.0000; 0.0000; 0.00; 0.00; 0.00; 0.00; 0.00; 0.00; 0.00; 0.00; 0.00; 0
75; 1.0000; 0.0000; 0.0000; 0.0000; 0.1919; 0.1874; 0.0019; 0.1315; 33677.34; 46.43; 3282.75; 33677.34; 46.43; 3282.75; 0.0000; 0.0000; 0.0000; 1.0000; 0.0000; 0.0000; 0.00; 0.00; 0.00; 0.00; 0.00; 0.00; 0.00; 0.00; 0.00; 0
76; 1.0000; 0.0000; 0.0000; 0.0000; 0.1919; 0.1854; 0.0018; 0.1300; 33756.64; 46.09; 3259.37; 33756.64; 46.09; 3259.37; 0.0000; 0.0000; 0.0000; 1.0000; 0.0000; 0.0000; 0.00; 0.00; 0.00; 0.00; 0.00; 0.00; 0.00; 0.00; 0.00; 0
77; 1.0000; 0.0000; 0.0000; 0.0000; 0.1919; 0.1805; 0.0018; 0.1292; 33801.71; 46.60; 3295.04; 33801.71; 46.60; 3295.04; 0.0000; 0.0000; 0.0000; 1.0000; 0.0000; 0.0000; 0.00; 0.00; 0.00; 0.00; 0.00; 0.00; 0.00; 0.00; 0.00; 0
78; 1.0000; 0.0000; 0.0000; 0.0000; 0.1919; 0.1793; 0.0019; 0.1317; 33666.17; 46.39; 3280.42; 33666.17; 46.39; 3280.42; 0.0000; 0.0000; 0.0000; 1.0000; 0.0000; 0.0000; 0.00; 0.00; 0.00; 0.00; 0.00; 0.00; 0.00; 0.00; 0.00; 0
79; 1.0000; 0.0000; 0.0000; 0.0000; 0.1919; 0.1823; 0.0018; 0.1306; 33661.67; 47.09; 3330.06; 33661.67; 47.09; 3330.06; 0.0000; 0.0000; 0.0000; 1.0000; 0.0000; 0.0000; 0.00; 0.00; 0.00; 0.00; 0.00; 0.00; 0.00; 0.00; 0.00; 0
80; 1.0000; 0.0000; 0.0000; 0.0000; 0.1919; 0.1832; 0.0018; 0.1303; 33740.96; 47.92; 3388.69; 33740.96; 47.92; 3388.69; 0.0000; 0.0000; 0.0000; 1.0000; 0.0000; 0.0000; 0.00; 0.00; 0.00; 0.00; 0.00; 0.00; 0.00; 0.00; 0.00; 0
81; 1.0000; 0.0000; 0.0000; 0.0000; 0.1919; 0.1828; 0.0019; 0.1330; 33710.28; 48.60; 3436.33; 33710.28; 48.60; 3436.33; 0.0000; 0.0000; 0.0000; 1.0000; 0.0000; 0.0000; 0.00; 0.00; 0.00; 0.00; 0.00; 0.00; 0.00; 0.00; 0.00; 0
82; 1.0000; 0.0000; 0.0000; 0.0000; 0.1919; 0.1839; 0.0019; 0.1335; 33667.15; 47.50; 3358.42; 33667.15; 47.50; 3358.42; 0.0000; 0.0000; 0.0000; 1.0000; 0.0000; 0.0000; 0.00; 0.00; 0.00; 0.00; 0.00; 0.00; 0.00; 0.00; 0.00; 0
83; 1.0000; 0.0000; 0.0000; 0.0000; 0.1919; 0.1841; 0.0019; 0.1318; 33648.35; 46.79; 3308.26; 33648.35; 46.79; 3308.26; 0.0000; 0.0000; 0.0000; 1.0000; 0.0000; 0.0000; 0.00; 0.00; 0.00; 0.00; 0.00; 0.00; 0.00; 0.00; 0.00; 0
84; 1.0000; 0.0000; 0.0000; 0.0000; 0.1919; 0.1826; 0.0018; 0.1303; 33719.24; 46.46; 3285.18; 33719.24; 46.46; 3285.18; 0.0000; 0.0000; 0.0000; 1.0000; 0.0000; 0.0000; 0.00; 0.00; 0.00; 0.00; 0.00; 0.00; 0.00; 0.00; 0.00; 0
85; 1.0000; 0.0000; 0.0000; 0.0000; 0.1919; 0.1798; 0.0018; 0.1306; 33747.28; 46.82; 3310.37; 33747.28; 46.82; 3310.37; 0.0000; 0.0000; 0.0000; 1.0000; 0.0000; 0.0000; 0.00; 0.00; 0.00; 0.00; 0.00; 0.00; 0.00; 0.00; 0.00; 0
86; 1.0000; 0.0000; 0.0000; 0.0000; 0.1919; 0.1855; 0.0018; 0.1285; 33793.98; 46.43; 3283.36; 33793.98; 46.43; 3283.36; 0.0000; 0.0000; 0.0000; 1.0000; 0.0000; 0.0000; 0.00; 0.00; 0.00; 0.00; 0.00; 0.00; 0.00; 0.00; 0.00; 0
87; 1.0000; 0.0000; 0.0000; 0.0000; 0.1919; 0.1815; 0.0019; 0.1308; 33685.87; 46.21; 3267.34; 33685.87; 46.21; 3267.34; 0.0000; 0.0000; 0.0000; 1.0000; 0.0000; 0.0000; 0.00; 0.00; 0.00; 0.00; 0.00; 0.00; 0.00; 0.00; 0.00; 0
88; 1.0000; 0.0000; 0.0000; 0.0000; 0.1919; 0.1831; 0.0019; 0.1317; 33685.80; 47.05; 3327.13; 33685.80; 47.05; 3327.13; 0.0000; 0.0000; 0.0000; 1.0000; 0.0000; 0.0000; 0.00; 0.00; 0.00; 0.00; 0.00; 0.00; 0.00; 0.00; 0.00; 0
89; 1.0000; 0.0000; 0.0000; 0.0000; 0.1919; 0.1816; 0.0018; 0.1301; 33744.76; 46.75; 3305.88; 33744.76; 46.75; 3305.88; 0.0000; 0.0000; 0.0000; 1.0000; 0.0000; 0.0000; 0.00; 0.00; 0.00; 0.00; 0.00; 0.00; 0.00; 0.00; 0.00; 0
90; 1.0000; 0.0000; 0.0000; 0.0000; 0.1919; 0.1859; 0.0018; 0.1305; 33827.64; 46.91; 3316.91; 33827.64; 46.91; 3316.91; 0.0000; 0.0000; 0.0000; 1.0000; 0.0000; 0.0000; 0.00; 0.00; 0.00; 0.00; 0.00; 0.00; 0.00; 0.00; 0.00; 0
91; 1.0000; 0.0000; 0.0000; 0.0000; 0.1919; 0.1847; 0.0018; 0.1295; 33813.02; 47.16; 3334.98; 33813.02; 47.16; 3334.98; 0.0000; 0.0000; 0.0000; 1.0000; 0.0000; 0.0000; 0.00; 0.00; 0.00; 0.00; 0.00; 0.00; 0.00; 0.00; 0.00; 0
92; 1.0000; 0.0000; 0.0000; 0.0000; 0.1919; 0.1818; 0.0019; 0.1328; 33805.97; 47.42; 3353.16; 33805.97; 47.42; 3353.16; 0.0000; 0.0000; 0.0000; 1.0000; 0.0000; 0.0000; 0.00; 0.00; 0.00; 0.00; 0.00; 0.00; 0.00; 0.00; 0.00; 0
93; 1.0000; 0.0000; 0.0000; 0.0000; 0.1919; 0.1834; 0.0018; 0.1307; 33632.96; 47.11; 3331.14; 33632.96; 47.11; 3331.14; 0.0000; 0.0000; 0.0000; 1.0000; 0.0000; 0.0000; 0.00; 0.00; 0.00; 0.00; 0.00; 0.00; 0.00; 0.00; 0.00; 0
94; 1.0000; 0.0000; 0.0000; 0.0000; 0.1919; 0.1815; 0.0018; 0.1289; 33653.78; 46.56; 3292.02; 33653.78; 46.56; 3292.02; 0.0000; 0.0000; 0.0000; 1.0000; 0.0000; 0.0000; 0.00; 0.00; 0.00; 0.00; 0.00; 0.00; 0.00; 0.00; 0.00; 0
95; 1.0000; 0.0000; 0.0000; 0.0000; 0.1919; 0.1849; 0.0018; 0.1297; 33754.05; 46.82; 3310.79; 33754.05; 46.82; 3310.79; 0.0000; 0.0000; 0.0000; 1.0000; 0.0000; 0.0000; 0.00; 0.00; 0.00; 0.00; 0.00; 0.00; 0.00; 0.00; 0.00; 0
96; 1.0000; 0.0000; 0.0000; 0.0000; 0.1919; 0.1849; 0.0019; 0.1318; 33814.38; 47.92; 3388.53; 33814.38; 47.92; 3388.53; 0.0000; 0.0000; 0.0000; 1.0000; 0.0000; 0.0000; 0.00; 0.00; 0.00; 0.00; 0.00; 0.00; 0.00; 0.00; 0.00; 0
97; 1.0000; 0.0000; 0.0000; 0.0000; 0.1919; 0.1830; 0.0019; 0.1312; 33724.81; 47.13; 3332.55; 33724.81; 47.13; 3332.55; 0.0000; 0.0000; 0.0000; 1.0000; 0.0000; 0.0000; 0.00; 0.00; 0.00; 0.00; 0.00; 0.00; 0.00; 0.00; 0.00; 0
98; 1.0000; 0.0000; 0.0000; 0.0000; 0.1919; 0.1843; 0.0018; 0.1307; 33769.41; 47.77; 3377.93; 33769.41; 47.77; 3377.93; 0.0000; 0.0000; 0.0000; 1.0000; 0.0000; 0.0000; 0.00; 0.00; 0.00; 0.00; 0.00; 0.00; 0.00; 0.00; 0.00; 0
99; 1.0000; 0.0000; 0.0000; 0.0000; 0.1919; 0.1836; 0.0019; 0.1327; 33678.73; 47.03; 3325.33; 33678.73; 47.03; 3325.33; 0.0000; 0.0000; 0.0000; 1.0000; 0.0000; 0.0000; 0.00; 0.00; 0.00; 0.00; 0.00; 0.00; 0.00; 0.00; 0.00; 0
100; 1.0000; 0.0000; 0.0000; 0.0000; 0.1919; 0.1853; 0.0018; 0.1297; 33693.72; 47.45; 3355.28; 33693.72; 47.45; 3355.28; 0.0000; 0.0000; 0.0000; 1.0000; 0.0000; 0.0000; 0.00; 0.00; 0.00; 0.00; 0.00; 0.00; 0.00; 0.00; 0.00; 0
