    Year (Census)
    Proportion of populations extant, SE
    Proportion of populations going extinct for the first time in year, SE
    Deterministic growth, Stochastic growth, SE, SD
    Mean population size (across extant populations), SE, SD
    Mean population size (across all populations), SE, SD
    Population-based model: No genetic data (12 skipped fields)



    Mean time to extinction, SE, SD
    Median time to extinction
Year;PExtant;SE(PExtant);PExtinct;SE(PExtinct);det-r;stoch-r;SE(r);SD(r);N-extant;SE(N-extant);SD(N-extant);N-all;SE(N-all);SD(N-all);GeneDiv;SE(GD);SD(GD);Inbreed;SE(Inbr);SD(Inbr);nAlleles;SE(nAlleles);SD(nAlleles);nLethals;SE(nLethals);SD(nLethals);TE;SE(TE);SD(TE);medianTE
Default Scenario
Population 1: Population1
0; 1.0000; 0.0000; 0.0000; 0.0000; 0.5705;      0;      0;      0; 62560.00; 0.00; 0.00; 62560.00; 0.00; 0.00; 0.0000; 0.0000; 0.0000; 1.0000; 0.0000; 0.0000; 0.00; 0.00; 0.00; 0.00; 0.00; 0.00; 0.00; 0.00; 0.00; 0
1; 1.0000; 0.0000; 0.0000; 0.0000; 0.5705; 0.5664; 0.0013; 0.0886; 62732.78; 89.09; 6299.59; 62732.78; 89.09; 6299.59; 0.0000; 0.0000; 0.0000; 1.0000; 0.0000; 0.0000; 0.00; 0.00; 0.00; 0.00; 0.00; 0.00; 0.00; 0.00; 0.00; 0
2; 1.0000; 0.0000; 0.0000; 0.0000; 0.5705; 0.5663; 0.0012; 0.0882; 62686.48; 88.75; 6275.56; 62686.48; 88.75; 6275.56; 0.0000; 0.0000; 0.0000; 1.0000; 0.0000; 0.0000; 0.00; 0.00; 0.00; 0.00; 0.00; 0.00; 0.00; 0.00; 0.00; 0
3; 1.0000; 0.0000; 0.0000; 0.0000; 0.5705; 0.5648; 0.0013; 0.0905; 62620.87; 87.91; 6216.04; 62620.87; 87.91; 6216.04; 0.0000; 0.0000; 0.0000; 1.0000; 0.0000; 0.0000; 0.00; 0.00; 0.00; 0.00; 0.00; 0.00; 0.00; 0.00; 0.00; 0
4; 1.0000; 0.0000; 0.0000; 0.0000; 0.5705; 0.5652; 0.0013; 0.0903; 62688.07; 89.20; 6307.43; 62688.07; 89.20; 6307.43; 0.0000; 0.0000; 0.0000; 1.0000; 0.0000; 0.0000; 0.00; 0.00; 0.00; 0.00; 0.00; 0.00; 0.00; 0.00; 0.00; 0
5; 1.0000; 0.0000; 0.0000; 0.0000; 0.5705; 0.5667; 0.0012; 0.0874; 62425.96; 89.22; 6308.65; 62425.96; 89.22; 6308.65; 0.0000; 0.0000; 0.0000; 1.0000; 0.0000; 0.0000; 0.00; 0.00; 0.00; 0.00; 0.00; 0.00; 0.00; 0.00; 0.00; 0
6; 1.0000; 0.0000; 0.0000; 0.0000; 0.5705; 0.5658; 0.0013; 0.0900; 62683.87; 88.53; 6260.10; 62683.87; 88.53; 6260.10; 0.0000; 0.0000; 0.0000; 1.0000; 0.0000; 0.0000; 0.00; 0.00; 0.00; 0.00; 0.00; 0.00; 0.00; 0.00; 0.00; 0
7; 1.0000; 0.0000; 0.0000; 0.0000; 0.5705; 0.5669; 0.0013; 0.0898; 62341.57; 87.07; 6157.11; 62341.57; 87.07; 6157.11; 0.0000; 0.0000; 0.0000; 1.0000; 0.0000; 0.0000; 0.00; 0.00; 0.00; 0.00; 0.00; 0.00; 0.00; 0.00; 0.00; 0
8; 1.0000; 0.0000; 0.0000; 0.0000; 0.5705; 0.5662; 0.0013; 0.0905; 62633.01; 87.27; 6171.16; 62633.01; 87.27; 6171.16; 0.0000; 0.0000; 0.0000; 1.0000; 0.0000; 0.0000; 0.00; 0.00; 0.00; 0.00; 0.00; 0.00; 0.00; 0.00; 0.00; 0
9; 1.0000; 0.0000; 0.0000; 0.0000; 0.5705; 0.5669; 0.0013; 0.0897; 62580.18; 89.06; 6297.40; 62580.18; 89.06; 6297.40; 0.0000; 0.0000; 0.0000; 1.0000; 0.0000; 0.0000; 0.00; 0.00; 0.00; 0.00; 0.00; 0.00; 0.00; 0.00; 0.00; 0
10; 1.0000; 0.0000; 0.0000; 0.0000; 0.5705; 0.5660; 0.0012; 0.0882; 62545.21; 87.97; 6220.08; 62545.21; 87.97; 6220.08; 0.0000; 0.0000; 0.0000; 1.0000; 0.0000; 0.0000; 0.00; 0.00; 0.00; 0.00; 0.00; 0.00; 0.00; 0.00; 0.00; 0
11; 1.0000; 0.0000; 0.0000; 0.0000; 0.5705; 0.5651; 0.0013; 0.0892; 62531.86; 89.08; 6298.70; 62531.86; 89.08; 6298.70; 0.0000; 0.0000; 0.0000; 1.0000; 0.0000; 0.0000; 0.00; 0.00; 0.00; 0.00; 0.00; 0.00; 0.00; 0.00; 0.00; 0
12; 1.0000; 0.0000; 0.0000; 0.0000; 0.5705; 0.5674; 0.0012; 0.0882; 62501.60; 88.09; 6229.23; 62501.60; 88.09; 6229.23; 0.0000; 0.0000; 0.0000; 1.0000; 0.0000; 0.0000; 0.00; 0.00; 0.00; 0.00; 0.00; 0.00; 0.00; 0.00; 0.00; 0
13; 1.0000; 0.0000; 0.0000; 0.0000; 0.5705; 0.5665; 0.0013; 0.0905; 62547.53; 89.55; 6332.26; 62547.53; 89.55; 6332.26; 0.0000; 0.0000; 0.0000; 1.0000; 0.0000; 0.0000; 0.00; 0.00; 0.00; 0.00; 0.00; 0.00; 0.00; 0.00; 0.00; 0
14; 1.0000; 0.0000; 0.0000; 0.0000; 0.5705; 0.5671; 0.0013; 0.0908; 62636.48; 89.42; 6322.62; 62636.48; 89.42; 6322.62; 0.0000; 0.0000; 0.0000; 1.0000; 0.0000; 0.0000; 0.00; 0.00; 0.00; 0.00; 0.00; 0.00; 0.00; 0.00; 0.00; 0
15; 1.0000; 0.0000; 0.0000; 0.0000; 0.5705; 0.5665; 0.0013; 0.0894; 62519.41; 86.43; 6111.80; 62519.41; 86.43; 6111.80; 0.0000; 0.0000; 0.0000; 1.0000; 0.0000; 0.0000; 0.00; 0.00; 0.00; 0.00; 0.00; 0.00; 0.00; 0.00; 0.00; 0
16; 1.0000; 0.0000; 0.0000; 0.0000; 0.5705; 0.5646; 0.0013; 0.0889; 62520.30; 87.50; 6187.23; 62520.30; 87.50; 6187.23; 0.0000; 0.0000; 0.0000; 1.0000; 0.0000; 0.0000; 0.00; 0.00; 0.00; 0.00; 0.00; 0.00; 0.00; 0.00; 0.00; 0
17; 1.0000; 0.0000; 0.0000; 0.0000; 0.5705; 0.5665; 0.0013; 0.0891; 62573.91; 88.93; 6288.02; 62573.91; 88.93; 6288.02; 0.0000; 0.0000; 0.0000; 1.0000; 0.0000; 0.0000; 0.00; 0.00; 0.00; 0.00; 0.00; 0.00; 0.00; 0.00; 0.00; 0
18; 1.0000; 0.0000; 0.0000; 0.0000; 0.5705; 0.5667; 0.0013; 0.0887; 62504.37; 87.12; 6160.06; 62504.37; 87.12; 6160.06; 0.0000; 0.0000; 0.0000; 1.0000; 0.0000; 0.0000; 0.00; 0.00; 0.00; 0.00; 0.00; 0.00; 0.00; 0.00; 0.00; 0
19; 1.0000; 0.0000; 0.0000; 0.0000; 0.5705; 0.5679; 0.0013; 0.0907; 62514.02; 87.08; 6157.27; 62514.02; 87.08; 6157.27; 0.0000; 0.0000; 0.0000; 1.0000; 0.0000; 0.0000; 0.00; 0.00; 0.00; 0.00; 0.00; 0.00; 0.00; 0.00; 0.00; 0
20; 1.0000; 0.0000; 0.0000; 0.0000; 0.5705; 0.5663; 0.0013; 0.0900; 62534.39; 88.67; 6270.17; 62534.39; 88.67; 6270.17; 0.0000; 0.0000; 0.0000; 1.0000; 0.0000; 0.0000; 0.00; 0.00; 0.00; 0.00; 0.00; 0.00; 0.00; 0.00; 0.00; 0
21; 1.0000; 0.0000; 0.0000; 0.0000; 0.5705; 0.5676; 0.0012; 0.0878; 62600.11; 87.19; 6165.62; 62600.11; 87.19; 6165.62; 0.0000; 0.0000; 0.0000; 1.0000; 0.0000; 0.0000; 0.00; 0.00; 0.00; 0.00; 0.00; 0.00; 0.00; 0.00; 0.00; 0
22; 1.0000; 0.0000; 0.0000; 0.0000; 0.5705; 0.5668; 0.0012; 0.0881; 62623.90; 87.52; 6188.72; 62623.90; 87.52; 6188.72; 0.0000; 0.0000; 0.0000; 1.0000; 0.0000; 0.0000; 0.00; 0.00; 0.00; 0.00; 0.00; 0.00; 0.00; 0.00; 0.00; 0
23; 1.0000; 0.0000; 0.0000; 0.0000; 0.5705; 0.5653; 0.0013; 0.0888; 62589.54; 87.18; 6164.50; 62589.54; 87.18; 6164.50; 0.0000; 0.0000; 0.0000; 1.0000; 0.0000; 0.0000; 0.00; 0.00; 0.00; 0.00; 0.00; 0.00; 0.00; 0.00; 0.00; 0
24; 1.0000; 0.0000; 0.0000; 0.0000; 0.5705; 0.5672; 0.0012; 0.0860; 62687.91; 88.93; 6288.15; 62687.91; 88.93; 6288.15; 0.0000; 0.0000; 0.0000; 1.0000; 0.0000; 0.0000; 0.00; 0.00; 0.00; 0.00; 0.00; 0.00; 0.00; 0.00; 0.00; 0
25; 1.0000; 0.0000; 0.0000; 0.0000; 0.5705; 0.5665; 0.0012; 0.0881; 62573.26; 88.14; 6232.57; 62573.26; 88.14; 6232.57; 0.0000; 0.0000; 0.0000; 1.0000; 0.0000; 0.0000; 0.00; 0.00; 0.00; 0.00; 0.00; 0.00; 0.00; 0.00; 0.00; 0
26; 1.0000; 0.0000; 0.0000; 0.0000; 0.5705; 0.5645; 0.0013; 0.0904; 62590.78; 87.77; 6206.51; 62590.78; 87.77; 6206.51; 0.0000; 0.0000; 0.0000; 1.0000; 0.0000; 0.0000; 0.00; 0.00; 0.00; 0.00; 0.00; 0.00; 0.00; 0.00; 0.00; 0
27; 1.0000; 0.0000; 0.0000; 0.0000; 0.5705; 0.5649; 0.0013; 0.0893; 62404.86; 87.85; 6211.85; 62404.86; 87.85; 6211.85; 0.0000; 0.0000; 0.0000; 1.0000; 0.0000; 0.0000; 0.00; 0.00; 0.00; 0.00; 0.00; 0.00; 0.00; 0.00; 0.00; 0
28; 1.0000; 0.0000; 0.0000; 0.0000; 0.5705; 0.5650; 0.0013; 0.0889; 62494.17; 88.26; 6240.62; 62494.17; 88.26; 6240.62; 0.0000; 0.0000; 0.0000; 1.0000; 0.0000; 0.0000; 0.00; 0.00; 0.00; 0.00; 0.00; 0.00; 0.00; 0.00; 0.00; 0
29; 1.0000; 0.0000; 0.0000; 0.0000; 0.5705; 0.5673; 0.0012; 0.0879; 62306.58; 88.82; 6280.48; 62306.58; 88.82; 6280.48; 0.0000; 0.0000; 0.0000; 1.0000; 0.0000; 0.0000; 0.00; 0.00; 0.00; 0.00; 0.00; 0.00; 0.00; 0.00; 0.00; 0
30; 1.0000; 0.0000; 0.0000; 0.0000; 0.5705; 0.5672; 0.0013; 0.0890; 62553.11; 88.82; 6280.60; 62553.11; 88.82; 6280.60; 0.0000; 0.0000; 0.0000; 1.0000; 0.0000; 0.0000; 0.00; 0.00; 0.00; 0.00; 0.00; 0.00; 0.00; 0.00; 0.00; 0
31; 1.0000; 0.0000; 0.0000; 0.0000; 0.5705; 0.5675; 0.0013; 0.0903; 62468.63; 88.03; 6224.83; 62468.63; 88.03; 6224.83; 0.0000; 0.0000; 0.0000; 1.0000; 0.0000; 0.0000; 0.00; 0.00; 0.00; 0.00; 0.00; 0.00; 0.00; 0.00; 0.00; 0
32; 1.0000; 0.0000; 0.0000; 0.0000; 0.5705; 0.5679; 0.0013; 0.0884; 62520.83; 88.73; 6273.97; 62520.83; 88.73; 6273.97; 0.0000; 0.0000; 0.0000; 1.0000; 0.0000; 0.0000; 0.00; 0.00; 0.00; 0.00; 0.00; 0.00; 0.00; 0.00; 0.00; 0
33; 1.0000; 0.0000; 0.0000; 0.0000; 0.5705; 0.5670; 0.0013; 0.0900; 62458.99; 87.32; 6174.14; 62458.99; 87.32; 6174.14; 0.0000; 0.0000; 0.0000; 1.0000; 0.0000; 0.0000; 0.00; 0.00; 0.00; 0.00; 0.00; 0.00; 0.00; 0.00; 0.00; 0
34; 1.0000; 0.0000; 0.0000; 0.0000; 0.5705; 0.5680; 0.0013; 0.0888; 62531.68; 87.96; 6219.39; 62531.68; 87.96; 6219.39; 0.0000; 0.0000; 0.0000; 1.0000; 0.0000; 0.0000; 0.00; 0.00; 0.00; 0.00; 0.00; 0.00; 0.00; 0.00; 0.00; 0
35; 1.0000; 0.0000; 0.0000; 0.0000; 0.5705; 0.5673; 0.0013; 0.0895; 62593.36; 87.83; 6210.84; 62593.36; 87.83; 6210.84; 0.0000; 0.0000; 0.0000; 1.0000; 0.0000; 0.0000; 0.00; 0.00; 0.00; 0.00; 0.00; 0.00; 0.00; 0.00; 0.00; 0
36; 1.0000; 0.0000; 0.0000; 0.0000; 0.5705; 0.5660; 0.0013; 0.0898; 62502.98; 88.44; 6253.41; 62502.98; 88.44; 6253.41; 0.0000; 0.0000; 0.0000; 1.0000; 0.0000; 0.0000; 0.00; 0.00; 0.00; 0.00; 0.00; 0.00; 0.00; 0.00; 0.00; 0
37; 1.0000; 0.0000; 0.0000; 0.0000; 0.5705; 0.5654; 0.0013; 0.0907; 62703.47; 89.70; 6342.60; 62703.47; 89.70; 6342.60; 0.0000; 0.0000; 0.0000; 1.0000; 0.0000; 0.0000; 0.00; 0.00; 0.00; 0.00; 0.00; 0.00; 0.00; 0.00; 0.00; 0
38; 1.0000; 0.0000; 0.0000; 0.0000; 0.5705; 0.5668; 0.0013; 0.0886; 62429.63; 88.17; 6234.88; 62429.63; 88.17; 6234.88; 0.0000; 0.0000; 0.0000; 1.0000; 0.0000; 0.0000; 0.00; 0.00; 0.00; 0.00; 0.00; 0.00; 0.00; 0.00; 0.00; 0
39; 1.0000; 0.0000; 0.0000; 0.0000; 0.5705; 0.5666; 0.0012; 0.0882; 62627.36; 87.52; 6188.88; 62627.36; 87.52; 6188.88; 0.0000; 0.0000; 0.0000; 1.0000; 0.0000; 0.0000; 0.00; 0.00; 0.00; 0.00; 0.00; 0.00; 0.00; 0.00; 0.00; 0
40; 1.0000; 0.0000; 0.0000; 0.0000; 0.5705; 0.5661; 0.0013; 0.0893; 62814.30; 89.27; 6312.20; 62814.30; 89.27; 6312.20; 0.0000; 0.0000; 0.0000; 1.0000; 0.0000; 0.0000; 0.00; 0.00; 0.00; 0.00; 0.00; 0.00; 0.00; 0.00; 0.00; 0
41; 1.0000; 0.0000; 0.0000; 0.0000; 0.5705; 0.5667; 0.0013; 0.0896; 62553.71; 87.39; 6179.12; 62553.71; 87.39; 6179.12; 0.0000; 0.0000; 0.0000; 1.0000; 0.0000; 0.0000; 0.00; 0.00; 0.00; 0.00; 0.00; 0.00; 0.00; 0.00; 0.00; 0
42; 1.0000; 0.0000; 0.0000; 0.0000; 0.5705; 0.5654; 0.0012; 0.0878; 62603.96; 88.62; 6266.12; 62603.96; 88.62; 6266.12; 0.0000; 0.0000; 0.0000; 1.0000; 0.0000; 0.0000; 0.00; 0.00; 0.00; 0.00; 0.00; 0.00; 0.00; 0.00; 0.00; 0
43; 1.0000; 0.0000; 0.0000; 0.0000; 0.5705; 0.5664; 0.0012; 0.0870; 62471.02; 88.75; 6275.42; 62471.02; 88.75; 6275.42; 0.0000; 0.0000; 0.0000; 1.0000; 0.0000; 0.0000; 0.00; 0.00; 0.00; 0.00; 0.00; 0.00; 0.00; 0.00; 0.00; 0
44; 1.0000; 0.0000; 0.0000; 0.0000; 0.5705; 0.5648; 0.0013; 0.0904; 62521.42; 88.93; 6288.22; 62521.42; 88.93; 6288.22; 0.0000; 0.0000; 0.0000; 1.0000; 0.0000; 0.0000; 0.00; 0.00; 0.00; 0.00; 0.00; 0.00; 0.00; 0.00; 0.00; 0
45; 1.0000; 0.0000; 0.0000; 0.0000; 0.5705; 0.5640; 0.0013; 0.0892; 62772.82; 88.71; 6273.02; 62772.82; 88.71; 6273.02; 0.0000; 0.0000; 0.0000; 1.0000; 0.0000; 0.0000; 0.00; 0.00; 0.00; 0.00; 0.00; 0.00; 0.00; 0.00; 0.00; 0
46; 1.0000; 0.0000; 0.0000; 0.0000; 0.5705; 0.5663; 0.0012; 0.0880; 62589.34; 87.75; 6204.91; 62589.34; 87.75; 6204.91; 0.0000; 0.0000; 0.0000; 1.0000; 0.0000; 0.0000; 0.00; 0.00; 0.00; 0.00; 0.00; 0.00; 0.00; 0.00; 0.00; 0
47; 1.0000; 0.0000; 0.0000; 0.0000; 0.5705; 0.5684; 0.0012; 0.0867; 62449.81; 89.28; 6312.93; 62449.81; 89.28; 6312.93; 0.0000; 0.0000; 0.0000; 1.0000; 0.0000; 0.0000; 0.00; 0.00; 0.00; 0.00; 0.00; 0.00; 0.00; 0.00; 0.00; 0
48; 1.0000; 0.0000; 0.0000; 0.0000; 0.5705; 0.5659; 0.0012; 0.0871; 62635.90; 87.36; 6177.31; 62635.90; 87.36; 6177.31; 0.0000; 0.0000; 0.0000; 1.0000; 0.0000; 0.0000; 0.00; 0.00; 0.00; 0.00; 0.00; 0.00; 0.00; 0.00; 0.00; 0
49; 1.0000; 0.0000; 0.0000; 0.0000; 0.5705; 0.5675; 0.0013; 0.0905; 62519.68; 88.90; 6286.08; 62519.68; 88.90; 6286.08; 0.0000; 0.0000; 0.0000; 1.0000; 0.0000; 0.0000; 0.00; 0.00; 0.00; 0.00; 0.00; 0.00; 0.00; 0.00; 0.00; 0
50; 1.0000; 0.0000; 0.0000; 0.0000; 0.5705; 0.5649; 0.0013; 0.0897; 62482.24; 88.67; 6270.08; 62482.24; 88.67; 6270.08; 0.0000; 0.0000; 0.0000; 1.0000; 0.0000; 0.0000; 0.00; 0.00; 0.00; 0.00; 0.00; 0.00; 0.00; 0.00; 0.00; 0
51; 1.0000; 0.0000; 0.0000; 0.0000; 0.5705; 0.5660; 0.0013; 0.0895; 62567.76; 88.27; 6241.56; 62567.76; 88.27; 6241.56; 0.0000; 0.0000; 0.0000; 1.0000; 0.0000; 0.0000; 0.00; 0.00; 0.00; 0.00; 0.00; 0.00; 0.00; 0.00; 0.00; 0
52; 1.0000; 0.0000; 0.0000; 0.0000; 0.5705; 0.5678; 0.0012; 0.0882; 62451.99; 87.35; 6176.84; 62451.99; 87.35; 6176.84; 0.0000; 0.0000; 0.0000; 1.0000; 0.0000; 0.0000; 0.00; 0.00; 0.00; 0.00; 0.00; 0.00; 0.00; 0.00; 0.00; 0
53; 1.0000; 0.0000; 0.0000; 0.0000; 0.5705; 0.5665; 0.0012; 0.0866; 62593.34; 89.29; 6313.93; 62593.34; 89.29; 6313.93; 0.0000; 0.0000; 0.0000; 1.0000; 0.0000; 0.0000; 0.00; 0.00; 0.00; 0.00; 0.00; 0.00; 0.00; 0.00; 0.00; 0
54; 1.0000; 0.0000; 0.0000; 0.0000; 0.5705; 0.5657; 0.0013; 0.0890; 62575.05; 87.65; 6197.93; 62575.05; 87.65; 6197.93; 0.0000; 0.0000; 0.0000; 1.0000; 0.0000; 0.0000; 0.00; 0.00; 0.00; 0.00; 0.00; 0.00; 0.00; 0.00; 0.00; 0
55; 1.0000; 0.0000; 0.0000; 0.0000; 0.5705; 0.5662; 0.0013; 0.0897; 62599.23; 87.65; 6197.71; 62599.23; 87.65; 6197.71; 0.0000; 0.0000; 0.0000; 1.0000; 0.0000; 0.0000; 0.00; 0.00; 0.00; 0.00; 0.00; 0.00; 0.00; 0.00; 0.00; 0
56; 1.0000; 0.0000; 0.0000; 0.0000; 0.5705; 0.5654; 0.0013; 0.0887; 62594.47; 88.46; 6255.34; 62594.47; 88.46; 6255.34; 0.0000; 0.0000; 0.0000; 1.0000; 0.0000; 0.0000; 0.00; 0.00; 0.00; 0.00; 0.00; 0.00; 0.00; 0.00; 0.00; 0
57; 1.0000; 0.0000; 0.0000; 0.0000; 0.5705; 0.5650; 0.0013; 0.0908; 62789.40; 88.94; 6289.34; 62789.40; 88.94; 6289.34; 0.0000; 0.0000; 0.0000; 1.0000; 0.0000; 0.0000; 0.00; 0.00; 0.00; 0.00; 0.00; 0.00; 0.00; 0.00; 0.00; 0
58; 1.0000; 0.0000; 0.0000; 0.0000; 0.5705; 0.5664; 0.0013; 0.0888; 62532.02; 88.62; 6266.63; 62532.02; 88.62; 6266.63; 0.0000; 0.0000; 0.0000; 1.0000; 0.0000; 0.0000; 0.00; 0.00; 0.00; 0.00; 0.00; 0.00; 0.00; 0.00; 0.00; 0
59; 1.0000; 0.0000; 0.0000; 0.0000; 0.5705; 0.5668; 0.0013; 0.0888; 62466.30; 88.30; 6243.68; 62466.30; 88.30; 6243.68; 0.0000; 0.0000; 0.0000; 1.0000; 0.0000; 0.0000; 0.00; 0.00; 0.00; 0.00; 0.00; 0.00; 0.00; 0.00; 0.00; 0
60; 1.0000; 0.0000; 0.0000; 0.0000; 0.5705; 0.5677; 0.0013; 0.0885; 62536.71; 87.91; 6216.09; 62536.71; 87.91; 6216.09; 0.0000; 0.0000; 0.0000; 1.0000; 0.0000; 0.0000; 0.00; 0.00; 0.00; 0.00; 0.00; 0.00; 0.00; 0.00; 0.00; 0
61; 1.0000; 0.0000; 0.0000; 0.0000; 0.5705; 0.5637; 0.0013; 0.0904; 62590.03; 89.07; 6298.09; 62590.03; 89.07; 6298.09; 0.0000; 0.0000; 0.0000; 1.0000; 0.0000; 0.0000; 0.00; 0.00; 0.00; 0.00; 0.00; 0.00; 0.00; 0.00; 0.00; 0
62; 1.0000; 0.0000; 0.0000; 0.0000; 0.5705; 0.5654; 0.0013; 0.0893; 62452.20; 89.10; 6300.30; 62452.20; 89.10; 6300.30; 0.0000; 0.0000; 0.0000; 1.0000; 0.0000; 0.0000; 0.00; 0.00; 0.00; 0.00; 0.00; 0.00; 0.00; 0.00; 0.00; 0
63; 1.0000; 0.0000; 0.0000; 0.0000; 0.5705; 0.5669; 0.0013; 0.0901; 62529.51; 87.28; 6171.81; 62529.51; 87.28; 6171.81; 0.0000; 0.0000; 0.0000; 1.0000; 0.0000; 0.0000; 0.00; 0.00; 0.00; 0.00; 0.00; 0.00; 0.00; 0.00; 0.00; 0
64; 1.0000; 0.0000; 0.0000; 0.0000; 0.5705; 0.5673; 0.0013; 0.0896; 62439.90; 89.59; 6335.16; 62439.90; 89.59; 6335.16; 0.0000; 0.0000; 0.0000; 1.0000; 0.0000; 0.0000; 0.00; 0.00; 0.00; 0.00; 0.00; 0.00; 0.00; 0.00; 0.00; 0
65; 1.0000; 0.0000; 0.0000; 0.0000; 0.5705; 0.5668; 0.0013; 0.0887; 62689.73; 88.33; 6246.19; 62689.73; 88.33; 6246.19; 0.0000; 0.0000; 0.0000; 1.0000; 0.0000; 0.0000; 0.00; 0.00; 0.00; 0.00; 0.00; 0.00; 0.00; 0.00; 0.00; 0
66; 1.0000; 0.0000; 0.0000; 0.0000; 0.5705; 0.5679; 0.0012; 0.0883; 62628.99; 87.10; 6158.83; 62628.99; 87.10; 6158.83; 0.0000; 0.0000; 0.0000; 1.0000; 0.0000; 0.0000; 0.00; 0.00; 0.00; 0.00; 0.00; 0.00; 0.00; 0.00; 0.00; 0
67; 1.0000; 0.0000; 0.0000; 0.0000; 0.5705; 0.5687; 0.0013; 0.0890; 62572.38; 88.40; 6251.12; 62572.38; 88.40; 6251.12; 0.0000; 0.0000; 0.0000; 1.0000; 0.0000; 0.0000; 0.00; 0.00; 0.00; 0.00; 0.00; 0.00; 0.00; 0.00; 0.00; 0
68; 1.0000; 0.0000; 0.0000; 0.0000; 0.5705; 0.5653; 0.0013; 0.0896; 62609.47; 90.28; 6383.47; 62609.47; 90.28; 6383.47; 0.0000; 0.0000; 0.0000; 1.0000; 0.0000; 0.0000; 0.00; 0.00; 0.00; 0.00; 0.00; 0.00; 0.00; 0.00; 0.00; 0
69; 1.0000; 0.0000; 0.0000; 0.0000; 0.5705; 0.5677; 0.0012; 0.0882; 62646.35; 89.02; 6294.54; 62646.35; 89.02; 6294.54; 0.0000; 0.0000; 0.0000; 1.0000; 0.0000; 0.0000; 0.00; 0.00; 0.00; 0.00; 0.00; 0.00; 0.00; 0.00; 0.00; 0
70; 1.0000; 0.0000; 0.0000; 0.0000; 0.5705; 0.5684; 0.0013; 0.0887; 62517.65; 88.21; 6237.30; 62517.65; 88.21; 6237.30; 0.0000; 0.0000; 0.0000; 1.0000; 0.0000; 0.0000; 0.00; 0.00; 0.00; 0.00; 0.00; 0.00; 0.00; 0.00; 0.00; 0
71; 1.0000; 0.0000; 0.0000; 0.0000; 0.5705; 0.5659; 0.0013; 0.0899; 62758.46; 88.04; 6225.41; 62758.46; 88.04; 6225.41; 0.0000; 0.0000; 0.0000; 1.0000; 0.0000; 0.0000; 0.00; 0.00; 0.00; 0.00; 0.00; 0.00; 0.00; 0.00; 0.00; 0
72; 1.0000; 0.0000; 0.0000; 0.0000; 0.5705; 0.5667; 0.0013; 0.0894; 62545.77; 87.48; 6185.70; 62545.77; 87.48; 6185.70; 0.0000; 0.0000; 0.0000; 1.0000; 0.0000; 0.0000; 0.00; 0.00; 0.00; 0.00; 0.00; 0.00; 0.00; 0.00; 0.00; 0
73; 1.0000; 0.0000; 0.0000; 0.0000; 0.5705; 0.5681; 0.0013; 0.0895; 62556.42; 89.13; 6302.48; 62556.42; 89.13; 6302.48; 0.0000; 0.0000; 0.0000; 1.0000; 0.0000; 0.0000; 0.00; 0.00; 0.00; 0.00; 0.00; 0.00; 0.00; 0.00; 0.00; 0
74; 1.0000; 0.0000; 0.0000; 0.0000; 0.5705; 0.5682; 0.0013; 0.0899; 62574.96; 87.85; 6211.75; 62574.96; 87.85; 6211.75; 0.0000; 0.0000; 0.0000; 1.0000; 0.0000; 0.0000; 0.00; 0.00; 0.00; 0.00; 0.00; 0.00; 0.00; 0.00; 0.00; 0
75; 1.0000; 0.0000; 0.0000; 0.0000; 0.5705; 0.5650; 0.0013; 0.0912; 62633.44; 88.54; 6260.46; 62633.44; 88.54; 6260.46; 0.0000; 0.0000; 0.0000; 1.0000; 0.0000; 0.0000; 0.00; 0.00; 0.00; 0.00; 0.00; 0.00; 0.00; 0.00; 0.00; 0
76; 1.0000; 0.0000; 0.0000; 0.0000; 0.5705; 0.5670; 0.0012; 0.0878; 62491.21; 88.84; 6282.01; 62491.21; 88.84; 6282.01; 0.0000; 0.0000; 0.0000; 1.0000; 0.0000; 0.0000; 0.00; 0.00; 0.00; 0.00; 0.00; 0.00; 0.00; 0.00; 0.00; 0
77; 1.0000; 0.0000; 0.0000; 0.0000; 0.5705; 0.5652; 0.0013; 0.0910; 62643.95; 90.05; 6367.71; 62643.95; 90.05; 6367.71; 0.0000; 0.0000; 0.0000; 1.0000; 0.0000; 0.0000; 0.00; 0.00; 0.00; 0.00; 0.00; 0.00; 0.00; 0.00; 0.00; 0
78; 1.0000; 0.0000; 0.0000; 0.0000; 0.5705; 0.5654; 0.0013; 0.0895; 62587.84; 88.60; 6264.62; 62587.84; 88.60; 6264.62; 0.0000; 0.0000; 0.0000; 1.0000; 0.0000; 0.0000; 0.00; 0.00; 0.00; 0.00; 0.00; 0.00; 0.00; 0.00; 0.00; 0
79; 1.0000; 0.0000; 0.0000; 0.0000; 0.5705; 0.5663; 0.0013; 0.0885; 62316.71; 87.72; 6202.49; 62316.71; 87.72; 6202.49; 0.0000; 0.0000; 0.0000; 1.0000; 0.0000; 0.0000; 0.00; 0.00; 0.00; 0.00; 0.00; 0.00; 0.00; 0.00; 0.00; 0
80; 1.0000; 0.0000; 0.0000; 0.0000; 0.5705; 0.5669; 0.0013; 0.0885; 62553.64; 89.44; 6324.60; 62553.64; 89.44; 6324.60; 0.0000; 0.0000; 0.0000; 1.0000; 0.0000; 0.0000; 0.00; 0.00; 0.00; 0.00; 0.00; 0.00; 0.00; 0.00; 0.00; 0
81; 1.0000; 0.0000; 0.0000; 0.0000; 0.5705; 0.5637; 0.0013; 0.0900; 62514.79; 87.36; 6177.33; 62514.79; 87.36; 6177.33; 0.0000; 0.0000; 0.0000; 1.0000; 0.0000; 0.0000; 0.00; 0.00; 0.00; 0.00; 0.00; 0.00; 0.00; 0.00; 0.00; 0
82; 1.0000; 0.0000; 0.0000; 0.0000; 0.5705; 0.5669; 0.0013; 0.0891; 62621.59; 89.09; 6299.55; 62621.59; 89.09; 6299.55; 0.0000; 0.0000; 0.0000; 1.0000; 0.0000; 0.0000; 0.00; 0.00; 0.00; 0.00; 0.00; 0.00; 0.00; 0.00; 0.00; 0
83; 1.0000; 0.0000; 0.0000; 0.0000; 0.5705; 0.5659; 0.0013; 0.0895; 62784.02; 87.70; 6201.35; 62784.02; 87.70; 6201.35; 0.0000; 0.0000; 0.0000; 1.0000; 0.0000; 0.0000; 0.00; 0.00; 0.00; 0.00; 0.00; 0.00; 0.00; 0.00; 0.00; 0
84; 1.0000; 0.0000; 0.0000; 0.0000; 0.5705; 0.5661; 0.0013; 0.0895; 62515.72; 88.40; 6250.99; 62515.72; 88.40; 6250.99; 0.0000; 0.0000; 0.0000; 1.0000; 0.0000; 0.0000; 0.00; 0.00; 0.00; 0.00; 0.00; 0.00; 0.00; 0.00; 0.00; 0
85; 1.0000; 0.0000; 0.0000; 0.0000; 0.5705; 0.5687; 0.0012; 0.0878; 62447.54; 88.29; 6243.31; 62447.54; 88.29; 6243.31; 0.0000; 0.0000; 0.0000; 1.0000; 0.0000; 0.0000; 0.00; 0.00; 0.00; 0.00; 0.00; 0.00; 0.00; 0.00; 0.00; 0
86; 1.0000; 0.0000; 0.0000; 0.0000; 0.5705; 0.5660; 0.0013; 0.0894; 62582.19; 89.65; 6339.06; 62582.19; 89.65; 6339.06; 0.0000; 0.0000; 0.0000; 1.0000; 0.0000; 0.0000; 0.00; 0.00; 0.00; 0.00; 0.00; 0.00; 0.00; 0.00; 0.00; 0
87; 1.0000; 0.0000; 0.0000; 0.0000; 0.5705; 0.5681; 0.0012; 0.0866; 62685.53; 88.80; 6278.80; 62685.53; 88.80; 6278.80; 0.0000; 0.0000; 0.0000; 1.0000; 0.0000; 0.0000; 0.00; 0.00; 0.00; 0.00; 0.00; 0.00; 0.00; 0.00; 0.00; 0
88; 1.0000; 0.0000; 0.0000; 0.0000; 0.5705; 0.5658; 0.0013; 0.0888; 62580.66; 87.14; 6161.66; 62580.66; 87.14; 6161.66; 0.0000; 0.0000; 0.0000; 1.0000; 0.0000; 0.0000; 0.00; 0.00; 0.00; 0.00; 0.00; 0.00; 0.00; 0.00; 0.00; 0
89; 1.0000; 0.0000; 0.0000; 0.0000; 0.5705; 0.5649; 0.0013; 0.0890; 62522.26; 87.26; 6170.01; 62522.26; 87.26; 6170.01; 0.0000; 0.0000; 0.0000; 1.0000; 0.0000; 0.0000; 0.00; 0.00; 0.00; 0.00; 0.00; 0.00; 0.00; 0.00; 0.00; 0
90; 1.0000; 0.0000; 0.0000; 0.0000; 0.5705; 0.5656; 0.0013; 0.0890; 62556.43; 86.94; 6147.93; 62556.43; 86.94; 6147.93; 0.0000; 0.0000; 0.0000; 1.0000; 0.0000; 0.0000; 0.00; 0.00; 0.00; 0.00; 0.00; 0.00; 0.00; 0.00; 0.00; 0
91; 1.0000; 0.0000; 0.0000; 0.0000; 0.5705; 0.5682; 0.0013; 0.0894; 62526.17; 89.51; 6329.43; 62526.17; 89.51; 6329.43; 0.0000; 0.0000; 0.0000; 1.0000; 0.0000; 0.0000; 0.00; 0.00; 0.00; 0.00; 0.00; 0.00; 0.00; 0.00; 0.00; 0
92; 1.0000; 0.0000; 0.0000; 0.0000; 0.5705; 0.5655; 0.0013; 0.0904; 62532.31; 90.04; 6366.95; 62532.31; 90.04; 6366.95; 0.0000; 0.0000; 0.0000; 1.0000; 0.0000; 0.0000; 0.00; 0.00; 0.00; 0.00; 0.00; 0.00; 0.00; 0.00; 0.00; 0
93; 1.0000; 0.0000; 0.0000; 0.0000; 0.5705; 0.5676; 0.0013; 0.0894; 62452.60; 86.85; 6141.13; 62452.60; 86.85; 6141.13; 0.0000; 0.0000; 0.0000; 1.0000; 0.0000; 0.0000; 0.00; 0.00; 0.00; 0.00; 0.00; 0.00; 0.00; 0.00; 0.00; 0
94; 1.0000; 0.0000; 0.0000; 0.0000; 0.5705; 0.5684; 0.0013; 0.0884; 62453.72; 88.05; 6225.99; 62453.72; 88.05; 6225.99; 0.0000; 0.0000; 0.0000; 1.0000; 0.0000; 0.0000; 0.00; 0.00; 0.00; 0.00; 0.00; 0.00; 0.00; 0.00; 0.00; 0
95; 1.0000; 0.0000; 0.0000; 0.0000; 0.5705; 0.5662; 0.0013; 0.0899; 62569.30; 89.93; 6359.28; 62569.30; 89.93; 6359.28; 0.0000; 0.0000; 0.0000; 1.0000; 0.0000; 0.0000; 0.00; 0.00; 0.00; 0.00; 0.00; 0.00; 0.00; 0.00; 0.00; 0
96; 1.0000; 0.0000; 0.0000; 0.0000; 0.5705; 0.5673; 0.0013; 0.0889; 62493.13; 88.14; 6232.32; 62493.13; 88.14; 6232.32; 0.0000; 0.0000; 0.0000; 1.0000; 0.0000; 0.0000; 0.00; 0.00; 0.00; 0.00; 0.00; 0.00; 0.00; 0.00; 0.00; 0
97; 1.0000; 0.0000; 0.0000; 0.0000; 0.5705; 0.5653; 0.0013; 0.0893; 62573.92; 87.01; 6152.31; 62573.92; 87.01; 6152.31; 0.0000; 0.0000; 0.0000; 1.0000; 0.0000; 0.0000; 0.00; 0.00; 0.00; 0.00; 0.00; 0.00; 0.00; 0.00; 0.00; 0
98; 1.0000; 0.0000; 0.0000; 0.0000; 0.5705; 0.5668; 0.0012; 0.0880; 62808.89; 89.14; 6303.19; 62808.89; 89.14; 6303.19; 0.0000; 0.0000; 0.0000; 1.0000; 0.0000; 0.0000; 0.00; 0.00; 0.00; 0.00; 0.00; 0.00; 0.00; 0.00; 0.00; 0
99; 1.0000; 0.0000; 0.0000; 0.0000; 0.5705; 0.5678; 0.0012; 0.0876; 62405.43; 87.41; 6180.47; 62405.43; 87.41; 6180.47; 0.0000; 0.0000; 0.0000; 1.0000; 0.0000; 0.0000; 0.00; 0.00; 0.00; 0.00; 0.00; 0.00; 0.00; 0.00; 0.00; 0
100; 1.0000; 0.0000; 0.0000; 0.0000; 0.5705; 0.5654; 0.0012; 0.0882; 62607.69; 88.41; 6251.44; 62607.69; 88.41; 6251.44; 0.0000; 0.0000; 0.0000; 1.0000; 0.0000; 0.0000; 0.00; 0.00; 0.00; 0.00; 0.00; 0.00; 0.00; 0.00; 0.00; 0
