    Year (Census)
    Proportion of populations extant, SE
    Proportion of populations going extinct for the first time in year, SE
    Deterministic growth, Stochastic growth, SE, SD
    Mean population size (across extant populations), SE, SD
    Mean population size (across all populations), SE, SD
    Population-based model: No genetic data (12 skipped fields)



    Mean time to extinction, SE, SD
    Median time to extinction
Year;PExtant;SE(PExtant);PExtinct;SE(PExtinct);det-r;stoch-r;SE(r);SD(r);N-extant;SE(N-extant);SD(N-extant);N-all;SE(N-all);SD(N-all);GeneDiv;SE(GD);SD(GD);Inbreed;SE(Inbr);SD(Inbr);nAlleles;SE(nAlleles);SD(nAlleles);nLethals;SE(nLethals);SD(nLethals);TE;SE(TE);SD(TE);medianTE
Default Scenario
Population 1: Population1
0; 1.0000; 0.0000; 0.0000; 0.0000; 0.3747;      0;      0;      0; 16238.00; 0.00; 0.00; 16238.00; 0.00; 0.00; 0.0000; 0.0000; 0.0000; 1.0000; 0.0000; 0.0000; 0.00; 0.00; 0.00; 0.00; 0.00; 0.00; 0.00; 0.00; 0.00; 0
1; 1.0000; 0.0000; 0.0000; 0.0000; 0.3747; 0.3699; 0.0015; 0.1077; 16203.97; 22.58; 1596.53; 16203.97; 22.58; 1596.53; 0.0000; 0.0000; 0.0000; 1.0000; 0.0000; 0.0000; 0.00; 0.00; 0.00; 0.00; 0.00; 0.00; 0.00; 0.00; 0.00; 0
2; 1.0000; 0.0000; 0.0000; 0.0000; 0.3747; 0.3713; 0.0015; 0.1081; 16197.95; 22.19; 1569.21; 16197.95; 22.19; 1569.21; 0.0000; 0.0000; 0.0000; 1.0000; 0.0000; 0.0000; 0.00; 0.00; 0.00; 0.00; 0.00; 0.00; 0.00; 0.00; 0.00; 0
3; 1.0000; 0.0000; 0.0000; 0.0000; 0.3747; 0.3684; 0.0015; 0.1083; 16207.47; 22.53; 1593.38; 16207.47; 22.53; 1593.38; 0.0000; 0.0000; 0.0000; 1.0000; 0.0000; 0.0000; 0.00; 0.00; 0.00; 0.00; 0.00; 0.00; 0.00; 0.00; 0.00; 0
4; 1.0000; 0.0000; 0.0000; 0.0000; 0.3747; 0.3718; 0.0015; 0.1070; 16208.19; 22.17; 1567.38; 16208.19; 22.17; 1567.38; 0.0000; 0.0000; 0.0000; 1.0000; 0.0000; 0.0000; 0.00; 0.00; 0.00; 0.00; 0.00; 0.00; 0.00; 0.00; 0.00; 0
5; 1.0000; 0.0000; 0.0000; 0.0000; 0.3747; 0.3665; 0.0015; 0.1083; 16226.35; 22.36; 1580.92; 16226.35; 22.36; 1580.92; 0.0000; 0.0000; 0.0000; 1.0000; 0.0000; 0.0000; 0.00; 0.00; 0.00; 0.00; 0.00; 0.00; 0.00; 0.00; 0.00; 0
6; 1.0000; 0.0000; 0.0000; 0.0000; 0.3747; 0.3679; 0.0015; 0.1067; 16189.95; 22.66; 1602.03; 16189.95; 22.66; 1602.03; 0.0000; 0.0000; 0.0000; 1.0000; 0.0000; 0.0000; 0.00; 0.00; 0.00; 0.00; 0.00; 0.00; 0.00; 0.00; 0.00; 0
7; 1.0000; 0.0000; 0.0000; 0.0000; 0.3747; 0.3679; 0.0015; 0.1067; 16214.64; 22.51; 1591.76; 16214.64; 22.51; 1591.76; 0.0000; 0.0000; 0.0000; 1.0000; 0.0000; 0.0000; 0.00; 0.00; 0.00; 0.00; 0.00; 0.00; 0.00; 0.00; 0.00; 0
8; 1.0000; 0.0000; 0.0000; 0.0000; 0.3747; 0.3671; 0.0015; 0.1083; 16227.32; 22.31; 1577.24; 16227.32; 22.31; 1577.24; 0.0000; 0.0000; 0.0000; 1.0000; 0.0000; 0.0000; 0.00; 0.00; 0.00; 0.00; 0.00; 0.00; 0.00; 0.00; 0.00; 0
9; 1.0000; 0.0000; 0.0000; 0.0000; 0.3747; 0.3669; 0.0016; 0.1116; 16197.17; 23.11; 1633.92; 16197.17; 23.11; 1633.92; 0.0000; 0.0000; 0.0000; 1.0000; 0.0000; 0.0000; 0.00; 0.00; 0.00; 0.00; 0.00; 0.00; 0.00; 0.00; 0.00; 0
10; 1.0000; 0.0000; 0.0000; 0.0000; 0.3747; 0.3694; 0.0015; 0.1083; 16173.72; 22.97; 1624.09; 16173.72; 22.97; 1624.09; 0.0000; 0.0000; 0.0000; 1.0000; 0.0000; 0.0000; 0.00; 0.00; 0.00; 0.00; 0.00; 0.00; 0.00; 0.00; 0.00; 0
11; 1.0000; 0.0000; 0.0000; 0.0000; 0.3747; 0.3688; 0.0015; 0.1083; 16176.91; 22.01; 1556.25; 16176.91; 22.01; 1556.25; 0.0000; 0.0000; 0.0000; 1.0000; 0.0000; 0.0000; 0.00; 0.00; 0.00; 0.00; 0.00; 0.00; 0.00; 0.00; 0.00; 0
12; 1.0000; 0.0000; 0.0000; 0.0000; 0.3747; 0.3716; 0.0015; 0.1071; 16166.49; 22.62; 1599.77; 16166.49; 22.62; 1599.77; 0.0000; 0.0000; 0.0000; 1.0000; 0.0000; 0.0000; 0.00; 0.00; 0.00; 0.00; 0.00; 0.00; 0.00; 0.00; 0.00; 0
13; 1.0000; 0.0000; 0.0000; 0.0000; 0.3747; 0.3657; 0.0015; 0.1088; 16184.01; 22.64; 1600.78; 16184.01; 22.64; 1600.78; 0.0000; 0.0000; 0.0000; 1.0000; 0.0000; 0.0000; 0.00; 0.00; 0.00; 0.00; 0.00; 0.00; 0.00; 0.00; 0.00; 0
14; 1.0000; 0.0000; 0.0000; 0.0000; 0.3747; 0.3688; 0.0015; 0.1076; 16204.30; 22.65; 1601.91; 16204.30; 22.65; 1601.91; 0.0000; 0.0000; 0.0000; 1.0000; 0.0000; 0.0000; 0.00; 0.00; 0.00; 0.00; 0.00; 0.00; 0.00; 0.00; 0.00; 0
15; 1.0000; 0.0000; 0.0000; 0.0000; 0.3747; 0.3704; 0.0015; 0.1082; 16191.12; 22.92; 1620.68; 16191.12; 22.92; 1620.68; 0.0000; 0.0000; 0.0000; 1.0000; 0.0000; 0.0000; 0.00; 0.00; 0.00; 0.00; 0.00; 0.00; 0.00; 0.00; 0.00; 0
16; 1.0000; 0.0000; 0.0000; 0.0000; 0.3747; 0.3693; 0.0015; 0.1083; 16212.85; 22.13; 1564.61; 16212.85; 22.13; 1564.61; 0.0000; 0.0000; 0.0000; 1.0000; 0.0000; 0.0000; 0.00; 0.00; 0.00; 0.00; 0.00; 0.00; 0.00; 0.00; 0.00; 0
17; 1.0000; 0.0000; 0.0000; 0.0000; 0.3747; 0.3705; 0.0015; 0.1080; 16185.40; 22.55; 1594.20; 16185.40; 22.55; 1594.20; 0.0000; 0.0000; 0.0000; 1.0000; 0.0000; 0.0000; 0.00; 0.00; 0.00; 0.00; 0.00; 0.00; 0.00; 0.00; 0.00; 0
18; 1.0000; 0.0000; 0.0000; 0.0000; 0.3747; 0.3699; 0.0015; 0.1089; 16198.01; 22.54; 1593.58; 16198.01; 22.54; 1593.58; 0.0000; 0.0000; 0.0000; 1.0000; 0.0000; 0.0000; 0.00; 0.00; 0.00; 0.00; 0.00; 0.00; 0.00; 0.00; 0.00; 0
19; 1.0000; 0.0000; 0.0000; 0.0000; 0.3747; 0.3685; 0.0015; 0.1081; 16217.94; 22.37; 1581.86; 16217.94; 22.37; 1581.86; 0.0000; 0.0000; 0.0000; 1.0000; 0.0000; 0.0000; 0.00; 0.00; 0.00; 0.00; 0.00; 0.00; 0.00; 0.00; 0.00; 0
20; 1.0000; 0.0000; 0.0000; 0.0000; 0.3747; 0.3670; 0.0015; 0.1091; 16218.84; 22.13; 1564.75; 16218.84; 22.13; 1564.75; 0.0000; 0.0000; 0.0000; 1.0000; 0.0000; 0.0000; 0.00; 0.00; 0.00; 0.00; 0.00; 0.00; 0.00; 0.00; 0.00; 0
21; 1.0000; 0.0000; 0.0000; 0.0000; 0.3747; 0.3710; 0.0015; 0.1083; 16187.15; 22.50; 1590.80; 16187.15; 22.50; 1590.80; 0.0000; 0.0000; 0.0000; 1.0000; 0.0000; 0.0000; 0.00; 0.00; 0.00; 0.00; 0.00; 0.00; 0.00; 0.00; 0.00; 0
22; 1.0000; 0.0000; 0.0000; 0.0000; 0.3747; 0.3686; 0.0015; 0.1082; 16175.16; 22.61; 1599.04; 16175.16; 22.61; 1599.04; 0.0000; 0.0000; 0.0000; 1.0000; 0.0000; 0.0000; 0.00; 0.00; 0.00; 0.00; 0.00; 0.00; 0.00; 0.00; 0.00; 0
23; 1.0000; 0.0000; 0.0000; 0.0000; 0.3747; 0.3684; 0.0016; 0.1098; 16170.44; 22.55; 1594.58; 16170.44; 22.55; 1594.58; 0.0000; 0.0000; 0.0000; 1.0000; 0.0000; 0.0000; 0.00; 0.00; 0.00; 0.00; 0.00; 0.00; 0.00; 0.00; 0.00; 0
24; 1.0000; 0.0000; 0.0000; 0.0000; 0.3747; 0.3688; 0.0015; 0.1092; 16204.86; 22.04; 1558.15; 16204.86; 22.04; 1558.15; 0.0000; 0.0000; 0.0000; 1.0000; 0.0000; 0.0000; 0.00; 0.00; 0.00; 0.00; 0.00; 0.00; 0.00; 0.00; 0.00; 0
25; 1.0000; 0.0000; 0.0000; 0.0000; 0.3747; 0.3704; 0.0015; 0.1084; 16199.90; 22.83; 1614.53; 16199.90; 22.83; 1614.53; 0.0000; 0.0000; 0.0000; 1.0000; 0.0000; 0.0000; 0.00; 0.00; 0.00; 0.00; 0.00; 0.00; 0.00; 0.00; 0.00; 0
26; 1.0000; 0.0000; 0.0000; 0.0000; 0.3747; 0.3688; 0.0016; 0.1098; 16185.35; 22.32; 1578.33; 16185.35; 22.32; 1578.33; 0.0000; 0.0000; 0.0000; 1.0000; 0.0000; 0.0000; 0.00; 0.00; 0.00; 0.00; 0.00; 0.00; 0.00; 0.00; 0.00; 0
27; 1.0000; 0.0000; 0.0000; 0.0000; 0.3747; 0.3712; 0.0015; 0.1070; 16205.74; 22.84; 1614.92; 16205.74; 22.84; 1614.92; 0.0000; 0.0000; 0.0000; 1.0000; 0.0000; 0.0000; 0.00; 0.00; 0.00; 0.00; 0.00; 0.00; 0.00; 0.00; 0.00; 0
28; 1.0000; 0.0000; 0.0000; 0.0000; 0.3747; 0.3684; 0.0015; 0.1083; 16197.75; 22.52; 1592.05; 16197.75; 22.52; 1592.05; 0.0000; 0.0000; 0.0000; 1.0000; 0.0000; 0.0000; 0.00; 0.00; 0.00; 0.00; 0.00; 0.00; 0.00; 0.00; 0.00; 0
29; 1.0000; 0.0000; 0.0000; 0.0000; 0.3747; 0.3678; 0.0015; 0.1067; 16193.92; 22.67; 1603.14; 16193.92; 22.67; 1603.14; 0.0000; 0.0000; 0.0000; 1.0000; 0.0000; 0.0000; 0.00; 0.00; 0.00; 0.00; 0.00; 0.00; 0.00; 0.00; 0.00; 0
30; 1.0000; 0.0000; 0.0000; 0.0000; 0.3747; 0.3705; 0.0015; 0.1078; 16218.41; 22.26; 1574.25; 16218.41; 22.26; 1574.25; 0.0000; 0.0000; 0.0000; 1.0000; 0.0000; 0.0000; 0.00; 0.00; 0.00; 0.00; 0.00; 0.00; 0.00; 0.00; 0.00; 0
31; 1.0000; 0.0000; 0.0000; 0.0000; 0.3747; 0.3687; 0.0016; 0.1100; 16205.29; 22.52; 1592.09; 16205.29; 22.52; 1592.09; 0.0000; 0.0000; 0.0000; 1.0000; 0.0000; 0.0000; 0.00; 0.00; 0.00; 0.00; 0.00; 0.00; 0.00; 0.00; 0.00; 0
32; 1.0000; 0.0000; 0.0000; 0.0000; 0.3747; 0.3697; 0.0015; 0.1077; 16205.09; 22.56; 1595.07; 16205.09; 22.56; 1595.07; 0.0000; 0.0000; 0.0000; 1.0000; 0.0000; 0.0000; 0.00; 0.00; 0.00; 0.00; 0.00; 0.00; 0.00; 0.00; 0.00; 0
33; 1.0000; 0.0000; 0.0000; 0.0000; 0.3747; 0.3683; 0.0015; 0.1070; 16160.55; 22.40; 1583.82; 16160.55; 22.40; 1583.82; 0.0000; 0.0000; 0.0000; 1.0000; 0.0000; 0.0000; 0.00; 0.00; 0.00; 0.00; 0.00; 0.00; 0.00; 0.00; 0.00; 0
34; 1.0000; 0.0000; 0.0000; 0.0000; 0.3747; 0.3681; 0.0015; 0.1086; 16190.48; 22.73; 1607.31; 16190.48; 22.73; 1607.31; 0.0000; 0.0000; 0.0000; 1.0000; 0.0000; 0.0000; 0.00; 0.00; 0.00; 0.00; 0.00; 0.00; 0.00; 0.00; 0.00; 0
35; 1.0000; 0.0000; 0.0000; 0.0000; 0.3747; 0.3698; 0.0015; 0.1073; 16202.16; 22.72; 1606.32; 16202.16; 22.72; 1606.32; 0.0000; 0.0000; 0.0000; 1.0000; 0.0000; 0.0000; 0.00; 0.00; 0.00; 0.00; 0.00; 0.00; 0.00; 0.00; 0.00; 0
36; 1.0000; 0.0000; 0.0000; 0.0000; 0.3747; 0.3696; 0.0015; 0.1091; 16192.04; 22.47; 1589.11; 16192.04; 22.47; 1589.11; 0.0000; 0.0000; 0.0000; 1.0000; 0.0000; 0.0000; 0.00; 0.00; 0.00; 0.00; 0.00; 0.00; 0.00; 0.00; 0.00; 0
37; 1.0000; 0.0000; 0.0000; 0.0000; 0.3747; 0.3682; 0.0015; 0.1086; 16225.52; 22.33; 1578.77; 16225.52; 22.33; 1578.77; 0.0000; 0.0000; 0.0000; 1.0000; 0.0000; 0.0000; 0.00; 0.00; 0.00; 0.00; 0.00; 0.00; 0.00; 0.00; 0.00; 0
38; 1.0000; 0.0000; 0.0000; 0.0000; 0.3747; 0.3708; 0.0015; 0.1075; 16235.34; 22.68; 1604.03; 16235.34; 22.68; 1604.03; 0.0000; 0.0000; 0.0000; 1.0000; 0.0000; 0.0000; 0.00; 0.00; 0.00; 0.00; 0.00; 0.00; 0.00; 0.00; 0.00; 0
39; 1.0000; 0.0000; 0.0000; 0.0000; 0.3747; 0.3685; 0.0015; 0.1074; 16209.25; 22.33; 1579.30; 16209.25; 22.33; 1579.30; 0.0000; 0.0000; 0.0000; 1.0000; 0.0000; 0.0000; 0.00; 0.00; 0.00; 0.00; 0.00; 0.00; 0.00; 0.00; 0.00; 0
40; 1.0000; 0.0000; 0.0000; 0.0000; 0.3747; 0.3697; 0.0015; 0.1065; 16185.80; 22.20; 1569.77; 16185.80; 22.20; 1569.77; 0.0000; 0.0000; 0.0000; 1.0000; 0.0000; 0.0000; 0.00; 0.00; 0.00; 0.00; 0.00; 0.00; 0.00; 0.00; 0.00; 0
41; 1.0000; 0.0000; 0.0000; 0.0000; 0.3747; 0.3680; 0.0015; 0.1081; 16188.14; 22.70; 1605.48; 16188.14; 22.70; 1605.48; 0.0000; 0.0000; 0.0000; 1.0000; 0.0000; 0.0000; 0.00; 0.00; 0.00; 0.00; 0.00; 0.00; 0.00; 0.00; 0.00; 0
42; 1.0000; 0.0000; 0.0000; 0.0000; 0.3747; 0.3686; 0.0015; 0.1087; 16183.85; 22.70; 1604.78; 16183.85; 22.70; 1604.78; 0.0000; 0.0000; 0.0000; 1.0000; 0.0000; 0.0000; 0.00; 0.00; 0.00; 0.00; 0.00; 0.00; 0.00; 0.00; 0.00; 0
43; 1.0000; 0.0000; 0.0000; 0.0000; 0.3747; 0.3694; 0.0015; 0.1068; 16240.94; 21.94; 1551.05; 16240.94; 21.94; 1551.05; 0.0000; 0.0000; 0.0000; 1.0000; 0.0000; 0.0000; 0.00; 0.00; 0.00; 0.00; 0.00; 0.00; 0.00; 0.00; 0.00; 0
44; 1.0000; 0.0000; 0.0000; 0.0000; 0.3747; 0.3679; 0.0015; 0.1070; 16176.33; 22.42; 1585.48; 16176.33; 22.42; 1585.48; 0.0000; 0.0000; 0.0000; 1.0000; 0.0000; 0.0000; 0.00; 0.00; 0.00; 0.00; 0.00; 0.00; 0.00; 0.00; 0.00; 0
45; 1.0000; 0.0000; 0.0000; 0.0000; 0.3747; 0.3700; 0.0015; 0.1082; 16164.34; 22.28; 1575.70; 16164.34; 22.28; 1575.70; 0.0000; 0.0000; 0.0000; 1.0000; 0.0000; 0.0000; 0.00; 0.00; 0.00; 0.00; 0.00; 0.00; 0.00; 0.00; 0.00; 0
46; 1.0000; 0.0000; 0.0000; 0.0000; 0.3747; 0.3700; 0.0015; 0.1067; 16174.70; 22.55; 1594.43; 16174.70; 22.55; 1594.43; 0.0000; 0.0000; 0.0000; 1.0000; 0.0000; 0.0000; 0.00; 0.00; 0.00; 0.00; 0.00; 0.00; 0.00; 0.00; 0.00; 0
47; 1.0000; 0.0000; 0.0000; 0.0000; 0.3747; 0.3676; 0.0015; 0.1075; 16212.06; 22.78; 1610.50; 16212.06; 22.78; 1610.50; 0.0000; 0.0000; 0.0000; 1.0000; 0.0000; 0.0000; 0.00; 0.00; 0.00; 0.00; 0.00; 0.00; 0.00; 0.00; 0.00; 0
48; 1.0000; 0.0000; 0.0000; 0.0000; 0.3747; 0.3692; 0.0015; 0.1090; 16178.77; 22.15; 1566.00; 16178.77; 22.15; 1566.00; 0.0000; 0.0000; 0.0000; 1.0000; 0.0000; 0.0000; 0.00; 0.00; 0.00; 0.00; 0.00; 0.00; 0.00; 0.00; 0.00; 0
49; 1.0000; 0.0000; 0.0000; 0.0000; 0.3747; 0.3694; 0.0016; 0.1113; 16204.45; 21.94; 1551.56; 16204.45; 21.94; 1551.56; 0.0000; 0.0000; 0.0000; 1.0000; 0.0000; 0.0000; 0.00; 0.00; 0.00; 0.00; 0.00; 0.00; 0.00; 0.00; 0.00; 0
50; 1.0000; 0.0000; 0.0000; 0.0000; 0.3747; 0.3704; 0.0015; 0.1087; 16159.69; 22.84; 1615.21; 16159.69; 22.84; 1615.21; 0.0000; 0.0000; 0.0000; 1.0000; 0.0000; 0.0000; 0.00; 0.00; 0.00; 0.00; 0.00; 0.00; 0.00; 0.00; 0.00; 0
51; 1.0000; 0.0000; 0.0000; 0.0000; 0.3747; 0.3697; 0.0015; 0.1069; 16180.64; 22.35; 1580.05; 16180.64; 22.35; 1580.05; 0.0000; 0.0000; 0.0000; 1.0000; 0.0000; 0.0000; 0.00; 0.00; 0.00; 0.00; 0.00; 0.00; 0.00; 0.00; 0.00; 0
52; 1.0000; 0.0000; 0.0000; 0.0000; 0.3747; 0.3723; 0.0015; 0.1080; 16207.23; 23.00; 1626.10; 16207.23; 23.00; 1626.10; 0.0000; 0.0000; 0.0000; 1.0000; 0.0000; 0.0000; 0.00; 0.00; 0.00; 0.00; 0.00; 0.00; 0.00; 0.00; 0.00; 0
53; 1.0000; 0.0000; 0.0000; 0.0000; 0.3747; 0.3682; 0.0015; 0.1091; 16183.09; 22.65; 1601.47; 16183.09; 22.65; 1601.47; 0.0000; 0.0000; 0.0000; 1.0000; 0.0000; 0.0000; 0.00; 0.00; 0.00; 0.00; 0.00; 0.00; 0.00; 0.00; 0.00; 0
54; 1.0000; 0.0000; 0.0000; 0.0000; 0.3747; 0.3683; 0.0015; 0.1075; 16191.43; 21.88; 1547.03; 16191.43; 21.88; 1547.03; 0.0000; 0.0000; 0.0000; 1.0000; 0.0000; 0.0000; 0.00; 0.00; 0.00; 0.00; 0.00; 0.00; 0.00; 0.00; 0.00; 0
55; 1.0000; 0.0000; 0.0000; 0.0000; 0.3747; 0.3682; 0.0015; 0.1087; 16213.59; 22.28; 1575.11; 16213.59; 22.28; 1575.11; 0.0000; 0.0000; 0.0000; 1.0000; 0.0000; 0.0000; 0.00; 0.00; 0.00; 0.00; 0.00; 0.00; 0.00; 0.00; 0.00; 0
56; 1.0000; 0.0000; 0.0000; 0.0000; 0.3747; 0.3682; 0.0015; 0.1083; 16245.49; 22.33; 1579.03; 16245.49; 22.33; 1579.03; 0.0000; 0.0000; 0.0000; 1.0000; 0.0000; 0.0000; 0.00; 0.00; 0.00; 0.00; 0.00; 0.00; 0.00; 0.00; 0.00; 0
57; 1.0000; 0.0000; 0.0000; 0.0000; 0.3747; 0.3665; 0.0015; 0.1082; 16234.10; 22.12; 1563.83; 16234.10; 22.12; 1563.83; 0.0000; 0.0000; 0.0000; 1.0000; 0.0000; 0.0000; 0.00; 0.00; 0.00; 0.00; 0.00; 0.00; 0.00; 0.00; 0.00; 0
58; 1.0000; 0.0000; 0.0000; 0.0000; 0.3747; 0.3712; 0.0015; 0.1075; 16216.56; 22.13; 1564.57; 16216.56; 22.13; 1564.57; 0.0000; 0.0000; 0.0000; 1.0000; 0.0000; 0.0000; 0.00; 0.00; 0.00; 0.00; 0.00; 0.00; 0.00; 0.00; 0.00; 0
59; 1.0000; 0.0000; 0.0000; 0.0000; 0.3747; 0.3676; 0.0016; 0.1102; 16201.03; 22.43; 1585.88; 16201.03; 22.43; 1585.88; 0.0000; 0.0000; 0.0000; 1.0000; 0.0000; 0.0000; 0.00; 0.00; 0.00; 0.00; 0.00; 0.00; 0.00; 0.00; 0.00; 0
60; 1.0000; 0.0000; 0.0000; 0.0000; 0.3747; 0.3694; 0.0015; 0.1072; 16195.88; 22.60; 1597.89; 16195.88; 22.60; 1597.89; 0.0000; 0.0000; 0.0000; 1.0000; 0.0000; 0.0000; 0.00; 0.00; 0.00; 0.00; 0.00; 0.00; 0.00; 0.00; 0.00; 0
61; 1.0000; 0.0000; 0.0000; 0.0000; 0.3747; 0.3706; 0.0015; 0.1069; 16228.01; 22.50; 1591.27; 16228.01; 22.50; 1591.27; 0.0000; 0.0000; 0.0000; 1.0000; 0.0000; 0.0000; 0.00; 0.00; 0.00; 0.00; 0.00; 0.00; 0.00; 0.00; 0.00; 0
62; 1.0000; 0.0000; 0.0000; 0.0000; 0.3747; 0.3700; 0.0015; 0.1074; 16129.59; 22.18; 1568.42; 16129.59; 22.18; 1568.42; 0.0000; 0.0000; 0.0000; 1.0000; 0.0000; 0.0000; 0.00; 0.00; 0.00; 0.00; 0.00; 0.00; 0.00; 0.00; 0.00; 0
63; 1.0000; 0.0000; 0.0000; 0.0000; 0.3747; 0.3715; 0.0015; 0.1084; 16219.33; 22.42; 1585.04; 16219.33; 22.42; 1585.04; 0.0000; 0.0000; 0.0000; 1.0000; 0.0000; 0.0000; 0.00; 0.00; 0.00; 0.00; 0.00; 0.00; 0.00; 0.00; 0.00; 0
64; 1.0000; 0.0000; 0.0000; 0.0000; 0.3747; 0.3695; 0.0015; 0.1082; 16193.96; 22.69; 1604.76; 16193.96; 22.69; 1604.76; 0.0000; 0.0000; 0.0000; 1.0000; 0.0000; 0.0000; 0.00; 0.00; 0.00; 0.00; 0.00; 0.00; 0.00; 0.00; 0.00; 0
65; 1.0000; 0.0000; 0.0000; 0.0000; 0.3747; 0.3695; 0.0015; 0.1073; 16164.91; 22.41; 1584.96; 16164.91; 22.41; 1584.96; 0.0000; 0.0000; 0.0000; 1.0000; 0.0000; 0.0000; 0.00; 0.00; 0.00; 0.00; 0.00; 0.00; 0.00; 0.00; 0.00; 0
66; 1.0000; 0.0000; 0.0000; 0.0000; 0.3747; 0.3695; 0.0015; 0.1093; 16225.18; 22.33; 1579.26; 16225.18; 22.33; 1579.26; 0.0000; 0.0000; 0.0000; 1.0000; 0.0000; 0.0000; 0.00; 0.00; 0.00; 0.00; 0.00; 0.00; 0.00; 0.00; 0.00; 0
67; 1.0000; 0.0000; 0.0000; 0.0000; 0.3747; 0.3666; 0.0015; 0.1095; 16194.44; 22.60; 1597.76; 16194.44; 22.60; 1597.76; 0.0000; 0.0000; 0.0000; 1.0000; 0.0000; 0.0000; 0.00; 0.00; 0.00; 0.00; 0.00; 0.00; 0.00; 0.00; 0.00; 0
68; 1.0000; 0.0000; 0.0000; 0.0000; 0.3747; 0.3683; 0.0015; 0.1075; 16173.04; 22.22; 1570.92; 16173.04; 22.22; 1570.92; 0.0000; 0.0000; 0.0000; 1.0000; 0.0000; 0.0000; 0.00; 0.00; 0.00; 0.00; 0.00; 0.00; 0.00; 0.00; 0.00; 0
69; 1.0000; 0.0000; 0.0000; 0.0000; 0.3747; 0.3686; 0.0015; 0.1086; 16221.27; 22.21; 1570.65; 16221.27; 22.21; 1570.65; 0.0000; 0.0000; 0.0000; 1.0000; 0.0000; 0.0000; 0.00; 0.00; 0.00; 0.00; 0.00; 0.00; 0.00; 0.00; 0.00; 0
70; 1.0000; 0.0000; 0.0000; 0.0000; 0.3747; 0.3677; 0.0016; 0.1107; 16236.06; 22.30; 1576.83; 16236.06; 22.30; 1576.83; 0.0000; 0.0000; 0.0000; 1.0000; 0.0000; 0.0000; 0.00; 0.00; 0.00; 0.00; 0.00; 0.00; 0.00; 0.00; 0.00; 0
71; 1.0000; 0.0000; 0.0000; 0.0000; 0.3747; 0.3667; 0.0016; 0.1107; 16216.79; 22.21; 1570.36; 16216.79; 22.21; 1570.36; 0.0000; 0.0000; 0.0000; 1.0000; 0.0000; 0.0000; 0.00; 0.00; 0.00; 0.00; 0.00; 0.00; 0.00; 0.00; 0.00; 0
72; 1.0000; 0.0000; 0.0000; 0.0000; 0.3747; 0.3690; 0.0015; 0.1090; 16141.73; 22.56; 1595.53; 16141.73; 22.56; 1595.53; 0.0000; 0.0000; 0.0000; 1.0000; 0.0000; 0.0000; 0.00; 0.00; 0.00; 0.00; 0.00; 0.00; 0.00; 0.00; 0.00; 0
73; 1.0000; 0.0000; 0.0000; 0.0000; 0.3747; 0.3689; 0.0015; 0.1084; 16211.23; 22.26; 1573.94; 16211.23; 22.26; 1573.94; 0.0000; 0.0000; 0.0000; 1.0000; 0.0000; 0.0000; 0.00; 0.00; 0.00; 0.00; 0.00; 0.00; 0.00; 0.00; 0.00; 0
74; 1.0000; 0.0000; 0.0000; 0.0000; 0.3747; 0.3696; 0.0015; 0.1087; 16205.88; 22.62; 1599.33; 16205.88; 22.62; 1599.33; 0.0000; 0.0000; 0.0000; 1.0000; 0.0000; 0.0000; 0.00; 0.00; 0.00; 0.00; 0.00; 0.00; 0.00; 0.00; 0.00; 0
75; 1.0000; 0.0000; 0.0000; 0.0000; 0.3747; 0.3665; 0.0015; 0.1082; 16222.24; 22.58; 1596.38; 16222.24; 22.58; 1596.38; 0.0000; 0.0000; 0.0000; 1.0000; 0.0000; 0.0000; 0.00; 0.00; 0.00; 0.00; 0.00; 0.00; 0.00; 0.00; 0.00; 0
76; 1.0000; 0.0000; 0.0000; 0.0000; 0.3747; 0.3689; 0.0015; 0.1083; 16191.28; 22.28; 1575.52; 16191.28; 22.28; 1575.52; 0.0000; 0.0000; 0.0000; 1.0000; 0.0000; 0.0000; 0.00; 0.00; 0.00; 0.00; 0.00; 0.00; 0.00; 0.00; 0.00; 0
77; 1.0000; 0.0000; 0.0000; 0.0000; 0.3747; 0.3684; 0.0015; 0.1077; 16157.62; 22.66; 1602.28; 16157.62; 22.66; 1602.28; 0.0000; 0.0000; 0.0000; 1.0000; 0.0000; 0.0000; 0.00; 0.00; 0.00; 0.00; 0.00; 0.00; 0.00; 0.00; 0.00; 0
78; 1.0000; 0.0000; 0.0000; 0.0000; 0.3747; 0.3683; 0.0015; 0.1074; 16181.43; 22.53; 1593.45; 16181.43; 22.53; 1593.45; 0.0000; 0.0000; 0.0000; 1.0000; 0.0000; 0.0000; 0.00; 0.00; 0.00; 0.00; 0.00; 0.00; 0.00; 0.00; 0.00; 0
79; 1.0000; 0.0000; 0.0000; 0.0000; 0.3747; 0.3692; 0.0015; 0.1072; 16187.23; 22.19; 1568.97; 16187.23; 22.19; 1568.97; 0.0000; 0.0000; 0.0000; 1.0000; 0.0000; 0.0000; 0.00; 0.00; 0.00; 0.00; 0.00; 0.00; 0.00; 0.00; 0.00; 0
80; 1.0000; 0.0000; 0.0000; 0.0000; 0.3747; 0.3668; 0.0015; 0.1075; 16186.89; 22.53; 1593.04; 16186.89; 22.53; 1593.04; 0.0000; 0.0000; 0.0000; 1.0000; 0.0000; 0.0000; 0.00; 0.00; 0.00; 0.00; 0.00; 0.00; 0.00; 0.00; 0.00; 0
81; 1.0000; 0.0000; 0.0000; 0.0000; 0.3747; 0.3649; 0.0016; 0.1104; 16204.02; 22.59; 1597.19; 16204.02; 22.59; 1597.19; 0.0000; 0.0000; 0.0000; 1.0000; 0.0000; 0.0000; 0.00; 0.00; 0.00; 0.00; 0.00; 0.00; 0.00; 0.00; 0.00; 0
82; 1.0000; 0.0000; 0.0000; 0.0000; 0.3747; 0.3682; 0.0015; 0.1071; 16205.75; 22.27; 1575.03; 16205.75; 22.27; 1575.03; 0.0000; 0.0000; 0.0000; 1.0000; 0.0000; 0.0000; 0.00; 0.00; 0.00; 0.00; 0.00; 0.00; 0.00; 0.00; 0.00; 0
83; 1.0000; 0.0000; 0.0000; 0.0000; 0.3747; 0.3678; 0.0015; 0.1082; 16194.42; 22.18; 1568.52; 16194.42; 22.18; 1568.52; 0.0000; 0.0000; 0.0000; 1.0000; 0.0000; 0.0000; 0.00; 0.00; 0.00; 0.00; 0.00; 0.00; 0.00; 0.00; 0.00; 0
84; 1.0000; 0.0000; 0.0000; 0.0000; 0.3747; 0.3705; 0.0015; 0.1074; 16162.99; 22.70; 1605.05; 16162.99; 22.70; 1605.05; 0.0000; 0.0000; 0.0000; 1.0000; 0.0000; 0.0000; 0.00; 0.00; 0.00; 0.00; 0.00; 0.00; 0.00; 0.00; 0.00; 0
85; 1.0000; 0.0000; 0.0000; 0.0000; 0.3747; 0.3672; 0.0015; 0.1086; 16180.00; 22.41; 1584.64; 16180.00; 22.41; 1584.64; 0.0000; 0.0000; 0.0000; 1.0000; 0.0000; 0.0000; 0.00; 0.00; 0.00; 0.00; 0.00; 0.00; 0.00; 0.00; 0.00; 0
86; 1.0000; 0.0000; 0.0000; 0.0000; 0.3747; 0.3685; 0.0015; 0.1090; 16213.99; 22.29; 1575.80; 16213.99; 22.29; 1575.80; 0.0000; 0.0000; 0.0000; 1.0000; 0.0000; 0.0000; 0.00; 0.00; 0.00; 0.00; 0.00; 0.00; 0.00; 0.00; 0.00; 0
87; 1.0000; 0.0000; 0.0000; 0.0000; 0.3747; 0.3702; 0.0015; 0.1073; 16191.84; 22.17; 1567.38; 16191.84; 22.17; 1567.38; 0.0000; 0.0000; 0.0000; 1.0000; 0.0000; 0.0000; 0.00; 0.00; 0.00; 0.00; 0.00; 0.00; 0.00; 0.00; 0.00; 0
88; 1.0000; 0.0000; 0.0000; 0.0000; 0.3747; 0.3667; 0.0015; 0.1086; 16173.48; 21.95; 1552.45; 16173.48; 21.95; 1552.45; 0.0000; 0.0000; 0.0000; 1.0000; 0.0000; 0.0000; 0.00; 0.00; 0.00; 0.00; 0.00; 0.00; 0.00; 0.00; 0.00; 0
89; 1.0000; 0.0000; 0.0000; 0.0000; 0.3747; 0.3690; 0.0015; 0.1089; 16209.05; 22.12; 1564.34; 16209.05; 22.12; 1564.34; 0.0000; 0.0000; 0.0000; 1.0000; 0.0000; 0.0000; 0.00; 0.00; 0.00; 0.00; 0.00; 0.00; 0.00; 0.00; 0.00; 0
90; 1.0000; 0.0000; 0.0000; 0.0000; 0.3747; 0.3697; 0.0015; 0.1086; 16160.33; 22.88; 1617.88; 16160.33; 22.88; 1617.88; 0.0000; 0.0000; 0.0000; 1.0000; 0.0000; 0.0000; 0.00; 0.00; 0.00; 0.00; 0.00; 0.00; 0.00; 0.00; 0.00; 0
91; 1.0000; 0.0000; 0.0000; 0.0000; 0.3747; 0.3681; 0.0015; 0.1073; 16197.87; 22.55; 1594.80; 16197.87; 22.55; 1594.80; 0.0000; 0.0000; 0.0000; 1.0000; 0.0000; 0.0000; 0.00; 0.00; 0.00; 0.00; 0.00; 0.00; 0.00; 0.00; 0.00; 0
92; 1.0000; 0.0000; 0.0000; 0.0000; 0.3747; 0.3690; 0.0015; 0.1094; 16189.90; 22.35; 1580.14; 16189.90; 22.35; 1580.14; 0.0000; 0.0000; 0.0000; 1.0000; 0.0000; 0.0000; 0.00; 0.00; 0.00; 0.00; 0.00; 0.00; 0.00; 0.00; 0.00; 0
93; 1.0000; 0.0000; 0.0000; 0.0000; 0.3747; 0.3688; 0.0015; 0.1072; 16199.99; 22.03; 1557.76; 16199.99; 22.03; 1557.76; 0.0000; 0.0000; 0.0000; 1.0000; 0.0000; 0.0000; 0.00; 0.00; 0.00; 0.00; 0.00; 0.00; 0.00; 0.00; 0.00; 0
94; 1.0000; 0.0000; 0.0000; 0.0000; 0.3747; 0.3697; 0.0015; 0.1090; 16175.15; 22.70; 1605.00; 16175.15; 22.70; 1605.00; 0.0000; 0.0000; 0.0000; 1.0000; 0.0000; 0.0000; 0.00; 0.00; 0.00; 0.00; 0.00; 0.00; 0.00; 0.00; 0.00; 0
95; 1.0000; 0.0000; 0.0000; 0.0000; 0.3747; 0.3707; 0.0015; 0.1085; 16173.63; 22.65; 1601.26; 16173.63; 22.65; 1601.26; 0.0000; 0.0000; 0.0000; 1.0000; 0.0000; 0.0000; 0.00; 0.00; 0.00; 0.00; 0.00; 0.00; 0.00; 0.00; 0.00; 0
96; 1.0000; 0.0000; 0.0000; 0.0000; 0.3747; 0.3677; 0.0015; 0.1069; 16188.89; 22.54; 1594.02; 16188.89; 22.54; 1594.02; 0.0000; 0.0000; 0.0000; 1.0000; 0.0000; 0.0000; 0.00; 0.00; 0.00; 0.00; 0.00; 0.00; 0.00; 0.00; 0.00; 0
97; 1.0000; 0.0000; 0.0000; 0.0000; 0.3747; 0.3675; 0.0015; 0.1090; 16196.66; 22.14; 1565.50; 16196.66; 22.14; 1565.50; 0.0000; 0.0000; 0.0000; 1.0000; 0.0000; 0.0000; 0.00; 0.00; 0.00; 0.00; 0.00; 0.00; 0.00; 0.00; 0.00; 0
98; 1.0000; 0.0000; 0.0000; 0.0000; 0.3747; 0.3664; 0.0015; 0.1070; 16177.74; 22.23; 1572.19; 16177.74; 22.23; 1572.19; 0.0000; 0.0000; 0.0000; 1.0000; 0.0000; 0.0000; 0.00; 0.00; 0.00; 0.00; 0.00; 0.00; 0.00; 0.00; 0.00; 0
99; 1.0000; 0.0000; 0.0000; 0.0000; 0.3747; 0.3697; 0.0015; 0.1086; 16158.81; 22.73; 1607.25; 16158.81; 22.73; 1607.25; 0.0000; 0.0000; 0.0000; 1.0000; 0.0000; 0.0000; 0.00; 0.00; 0.00; 0.00; 0.00; 0.00; 0.00; 0.00; 0.00; 0
100; 1.0000; 0.0000; 0.0000; 0.0000; 0.3747; 0.3705; 0.0015; 0.1074; 16162.88; 22.59; 1597.68; 16162.88; 22.59; 1597.68; 0.0000; 0.0000; 0.0000; 1.0000; 0.0000; 0.0000; 0.00; 0.00; 0.00; 0.00; 0.00; 0.00; 0.00; 0.00; 0.00; 0
