    Year (Census)
    Proportion of populations extant, SE
    Proportion of populations going extinct for the first time in year, SE
    Deterministic growth, Stochastic growth, SE, SD
    Mean population size (across extant populations), SE, SD
    Mean population size (across all populations), SE, SD
    Population-based model: No genetic data (12 skipped fields)



    Mean time to extinction, SE, SD
    Median time to extinction
Year;PExtant;SE(PExtant);PExtinct;SE(PExtinct);det-r;stoch-r;SE(r);SD(r);N-extant;SE(N-extant);SD(N-extant);N-all;SE(N-all);SD(N-all);GeneDiv;SE(GD);SD(GD);Inbreed;SE(Inbr);SD(Inbr);nAlleles;SE(nAlleles);SD(nAlleles);nLethals;SE(nLethals);SD(nLethals);TE;SE(TE);SD(TE);medianTE
Default Scenario
Population 1: Population1
0; 1.0000; 0.0000; 0.0000; 0.0000; 0.3400;      0;      0;      0; 191454.00; 0.00; 0.00; 191454.00; 0.00; 0.00; 0.0000; 0.0000; 0.0000; 1.0000; 0.0000; 0.0000; 0.00; 0.00; 0.00; 0.00; 0.00; 0.00; 0.00; 0.00; 0.00; 0
1; 1.0000; 0.0000; 0.0000; 0.0000; 0.3400; 0.3362; 0.0011; 0.0747; 191407.54; 268.47; 18984.05; 191407.54; 268.47; 18984.05; 0.0000; 0.0000; 0.0000; 1.0000; 0.0000; 0.0000; 0.00; 0.00; 0.00; 0.00; 0.00; 0.00; 0.00; 0.00; 0.00; 0
2; 1.0000; 0.0000; 0.0000; 0.0000; 0.3400; 0.3377; 0.0011; 0.0757; 191334.21; 264.36; 18693.36; 191334.21; 264.36; 18693.36; 0.0000; 0.0000; 0.0000; 1.0000; 0.0000; 0.0000; 0.00; 0.00; 0.00; 0.00; 0.00; 0.00; 0.00; 0.00; 0.00; 0
3; 1.0000; 0.0000; 0.0000; 0.0000; 0.3400; 0.3371; 0.0011; 0.0765; 190972.04; 265.34; 18762.35; 190972.04; 265.34; 18762.35; 0.0000; 0.0000; 0.0000; 1.0000; 0.0000; 0.0000; 0.00; 0.00; 0.00; 0.00; 0.00; 0.00; 0.00; 0.00; 0.00; 0
4; 1.0000; 0.0000; 0.0000; 0.0000; 0.3400; 0.3347; 0.0011; 0.0766; 191149.18; 263.32; 18619.83; 191149.18; 263.32; 18619.83; 0.0000; 0.0000; 0.0000; 1.0000; 0.0000; 0.0000; 0.00; 0.00; 0.00; 0.00; 0.00; 0.00; 0.00; 0.00; 0.00; 0
5; 1.0000; 0.0000; 0.0000; 0.0000; 0.3400; 0.3350; 0.0011; 0.0763; 191003.67; 264.52; 18704.25; 191003.67; 264.52; 18704.25; 0.0000; 0.0000; 0.0000; 1.0000; 0.0000; 0.0000; 0.00; 0.00; 0.00; 0.00; 0.00; 0.00; 0.00; 0.00; 0.00; 0
6; 1.0000; 0.0000; 0.0000; 0.0000; 0.3400; 0.3364; 0.0011; 0.0756; 190311.50; 265.17; 18750.29; 190311.50; 265.17; 18750.29; 0.0000; 0.0000; 0.0000; 1.0000; 0.0000; 0.0000; 0.00; 0.00; 0.00; 0.00; 0.00; 0.00; 0.00; 0.00; 0.00; 0
7; 1.0000; 0.0000; 0.0000; 0.0000; 0.3400; 0.3368; 0.0011; 0.0765; 190652.24; 261.45; 18487.23; 190652.24; 261.45; 18487.23; 0.0000; 0.0000; 0.0000; 1.0000; 0.0000; 0.0000; 0.00; 0.00; 0.00; 0.00; 0.00; 0.00; 0.00; 0.00; 0.00; 0
8; 1.0000; 0.0000; 0.0000; 0.0000; 0.3400; 0.3350; 0.0011; 0.0769; 191244.29; 268.62; 18994.63; 191244.29; 268.62; 18994.63; 0.0000; 0.0000; 0.0000; 1.0000; 0.0000; 0.0000; 0.00; 0.00; 0.00; 0.00; 0.00; 0.00; 0.00; 0.00; 0.00; 0
9; 1.0000; 0.0000; 0.0000; 0.0000; 0.3400; 0.3345; 0.0011; 0.0764; 191500.19; 265.20; 18752.64; 191500.19; 265.20; 18752.64; 0.0000; 0.0000; 0.0000; 1.0000; 0.0000; 0.0000; 0.00; 0.00; 0.00; 0.00; 0.00; 0.00; 0.00; 0.00; 0.00; 0
10; 1.0000; 0.0000; 0.0000; 0.0000; 0.3400; 0.3376; 0.0011; 0.0768; 191109.42; 269.07; 19026.23; 191109.42; 269.07; 19026.23; 0.0000; 0.0000; 0.0000; 1.0000; 0.0000; 0.0000; 0.00; 0.00; 0.00; 0.00; 0.00; 0.00; 0.00; 0.00; 0.00; 0
11; 1.0000; 0.0000; 0.0000; 0.0000; 0.3400; 0.3365; 0.0011; 0.0756; 191151.34; 265.00; 18738.16; 191151.34; 265.00; 18738.16; 0.0000; 0.0000; 0.0000; 1.0000; 0.0000; 0.0000; 0.00; 0.00; 0.00; 0.00; 0.00; 0.00; 0.00; 0.00; 0.00; 0
12; 1.0000; 0.0000; 0.0000; 0.0000; 0.3400; 0.3366; 0.0011; 0.0752; 191330.26; 264.64; 18712.60; 191330.26; 264.64; 18712.60; 0.0000; 0.0000; 0.0000; 1.0000; 0.0000; 0.0000; 0.00; 0.00; 0.00; 0.00; 0.00; 0.00; 0.00; 0.00; 0.00; 0
13; 1.0000; 0.0000; 0.0000; 0.0000; 0.3400; 0.3351; 0.0011; 0.0776; 191047.94; 270.29; 19112.29; 191047.94; 270.29; 19112.29; 0.0000; 0.0000; 0.0000; 1.0000; 0.0000; 0.0000; 0.00; 0.00; 0.00; 0.00; 0.00; 0.00; 0.00; 0.00; 0.00; 0
14; 1.0000; 0.0000; 0.0000; 0.0000; 0.3400; 0.3346; 0.0011; 0.0773; 191241.95; 265.98; 18807.77; 191241.95; 265.98; 18807.77; 0.0000; 0.0000; 0.0000; 1.0000; 0.0000; 0.0000; 0.00; 0.00; 0.00; 0.00; 0.00; 0.00; 0.00; 0.00; 0.00; 0
15; 1.0000; 0.0000; 0.0000; 0.0000; 0.3400; 0.3371; 0.0011; 0.0762; 190927.62; 265.10; 18745.50; 190927.62; 265.10; 18745.50; 0.0000; 0.0000; 0.0000; 1.0000; 0.0000; 0.0000; 0.00; 0.00; 0.00; 0.00; 0.00; 0.00; 0.00; 0.00; 0.00; 0
16; 1.0000; 0.0000; 0.0000; 0.0000; 0.3400; 0.3344; 0.0011; 0.0772; 191020.52; 264.36; 18692.97; 191020.52; 264.36; 18692.97; 0.0000; 0.0000; 0.0000; 1.0000; 0.0000; 0.0000; 0.00; 0.00; 0.00; 0.00; 0.00; 0.00; 0.00; 0.00; 0.00; 0
17; 1.0000; 0.0000; 0.0000; 0.0000; 0.3400; 0.3355; 0.0011; 0.0764; 191248.43; 263.58; 18637.98; 191248.43; 263.58; 18637.98; 0.0000; 0.0000; 0.0000; 1.0000; 0.0000; 0.0000; 0.00; 0.00; 0.00; 0.00; 0.00; 0.00; 0.00; 0.00; 0.00; 0
18; 1.0000; 0.0000; 0.0000; 0.0000; 0.3400; 0.3363; 0.0011; 0.0772; 191171.52; 261.91; 18520.02; 191171.52; 261.91; 18520.02; 0.0000; 0.0000; 0.0000; 1.0000; 0.0000; 0.0000; 0.00; 0.00; 0.00; 0.00; 0.00; 0.00; 0.00; 0.00; 0.00; 0
19; 1.0000; 0.0000; 0.0000; 0.0000; 0.3400; 0.3355; 0.0011; 0.0751; 191370.01; 264.73; 18719.19; 191370.01; 264.73; 18719.19; 0.0000; 0.0000; 0.0000; 1.0000; 0.0000; 0.0000; 0.00; 0.00; 0.00; 0.00; 0.00; 0.00; 0.00; 0.00; 0.00; 0
20; 1.0000; 0.0000; 0.0000; 0.0000; 0.3400; 0.3373; 0.0011; 0.0753; 191322.21; 265.87; 18799.86; 191322.21; 265.87; 18799.86; 0.0000; 0.0000; 0.0000; 1.0000; 0.0000; 0.0000; 0.00; 0.00; 0.00; 0.00; 0.00; 0.00; 0.00; 0.00; 0.00; 0
21; 1.0000; 0.0000; 0.0000; 0.0000; 0.3400; 0.3357; 0.0011; 0.0756; 191169.65; 264.16; 18678.96; 191169.65; 264.16; 18678.96; 0.0000; 0.0000; 0.0000; 1.0000; 0.0000; 0.0000; 0.00; 0.00; 0.00; 0.00; 0.00; 0.00; 0.00; 0.00; 0.00; 0
22; 1.0000; 0.0000; 0.0000; 0.0000; 0.3400; 0.3364; 0.0011; 0.0764; 190801.10; 265.51; 18774.54; 190801.10; 265.51; 18774.54; 0.0000; 0.0000; 0.0000; 1.0000; 0.0000; 0.0000; 0.00; 0.00; 0.00; 0.00; 0.00; 0.00; 0.00; 0.00; 0.00; 0
23; 1.0000; 0.0000; 0.0000; 0.0000; 0.3400; 0.3349; 0.0011; 0.0758; 191223.35; 264.25; 18685.52; 191223.35; 264.25; 18685.52; 0.0000; 0.0000; 0.0000; 1.0000; 0.0000; 0.0000; 0.00; 0.00; 0.00; 0.00; 0.00; 0.00; 0.00; 0.00; 0.00; 0
24; 1.0000; 0.0000; 0.0000; 0.0000; 0.3400; 0.3356; 0.0011; 0.0767; 190827.29; 268.58; 18991.49; 190827.29; 268.58; 18991.49; 0.0000; 0.0000; 0.0000; 1.0000; 0.0000; 0.0000; 0.00; 0.00; 0.00; 0.00; 0.00; 0.00; 0.00; 0.00; 0.00; 0
25; 1.0000; 0.0000; 0.0000; 0.0000; 0.3400; 0.3369; 0.0011; 0.0761; 191277.99; 264.74; 18719.72; 191277.99; 264.74; 18719.72; 0.0000; 0.0000; 0.0000; 1.0000; 0.0000; 0.0000; 0.00; 0.00; 0.00; 0.00; 0.00; 0.00; 0.00; 0.00; 0.00; 0
26; 1.0000; 0.0000; 0.0000; 0.0000; 0.3400; 0.3352; 0.0011; 0.0756; 191650.87; 261.27; 18474.81; 191650.87; 261.27; 18474.81; 0.0000; 0.0000; 0.0000; 1.0000; 0.0000; 0.0000; 0.00; 0.00; 0.00; 0.00; 0.00; 0.00; 0.00; 0.00; 0.00; 0
27; 1.0000; 0.0000; 0.0000; 0.0000; 0.3400; 0.3361; 0.0011; 0.0752; 190905.81; 264.40; 18696.21; 190905.81; 264.40; 18696.21; 0.0000; 0.0000; 0.0000; 1.0000; 0.0000; 0.0000; 0.00; 0.00; 0.00; 0.00; 0.00; 0.00; 0.00; 0.00; 0.00; 0
28; 1.0000; 0.0000; 0.0000; 0.0000; 0.3400; 0.3352; 0.0011; 0.0763; 191116.54; 267.41; 18908.66; 191116.54; 267.41; 18908.66; 0.0000; 0.0000; 0.0000; 1.0000; 0.0000; 0.0000; 0.00; 0.00; 0.00; 0.00; 0.00; 0.00; 0.00; 0.00; 0.00; 0
29; 1.0000; 0.0000; 0.0000; 0.0000; 0.3400; 0.3384; 0.0011; 0.0756; 190964.34; 263.78; 18651.89; 190964.34; 263.78; 18651.89; 0.0000; 0.0000; 0.0000; 1.0000; 0.0000; 0.0000; 0.00; 0.00; 0.00; 0.00; 0.00; 0.00; 0.00; 0.00; 0.00; 0
30; 1.0000; 0.0000; 0.0000; 0.0000; 0.3400; 0.3348; 0.0011; 0.0761; 190986.40; 264.58; 18708.48; 190986.40; 264.58; 18708.48; 0.0000; 0.0000; 0.0000; 1.0000; 0.0000; 0.0000; 0.00; 0.00; 0.00; 0.00; 0.00; 0.00; 0.00; 0.00; 0.00; 0
31; 1.0000; 0.0000; 0.0000; 0.0000; 0.3400; 0.3362; 0.0011; 0.0768; 191498.46; 264.16; 18679.25; 191498.46; 264.16; 18679.25; 0.0000; 0.0000; 0.0000; 1.0000; 0.0000; 0.0000; 0.00; 0.00; 0.00; 0.00; 0.00; 0.00; 0.00; 0.00; 0.00; 0
32; 1.0000; 0.0000; 0.0000; 0.0000; 0.3400; 0.3334; 0.0011; 0.0771; 191569.84; 267.97; 18948.25; 191569.84; 267.97; 18948.25; 0.0000; 0.0000; 0.0000; 1.0000; 0.0000; 0.0000; 0.00; 0.00; 0.00; 0.00; 0.00; 0.00; 0.00; 0.00; 0.00; 0
33; 1.0000; 0.0000; 0.0000; 0.0000; 0.3400; 0.3381; 0.0011; 0.0772; 190990.73; 268.37; 18976.68; 190990.73; 268.37; 18976.68; 0.0000; 0.0000; 0.0000; 1.0000; 0.0000; 0.0000; 0.00; 0.00; 0.00; 0.00; 0.00; 0.00; 0.00; 0.00; 0.00; 0
34; 1.0000; 0.0000; 0.0000; 0.0000; 0.3400; 0.3362; 0.0011; 0.0763; 191067.37; 265.63; 18782.94; 191067.37; 265.63; 18782.94; 0.0000; 0.0000; 0.0000; 1.0000; 0.0000; 0.0000; 0.00; 0.00; 0.00; 0.00; 0.00; 0.00; 0.00; 0.00; 0.00; 0
35; 1.0000; 0.0000; 0.0000; 0.0000; 0.3400; 0.3365; 0.0011; 0.0760; 191070.47; 263.84; 18656.52; 191070.47; 263.84; 18656.52; 0.0000; 0.0000; 0.0000; 1.0000; 0.0000; 0.0000; 0.00; 0.00; 0.00; 0.00; 0.00; 0.00; 0.00; 0.00; 0.00; 0
36; 1.0000; 0.0000; 0.0000; 0.0000; 0.3400; 0.3370; 0.0011; 0.0750; 190827.26; 268.18; 18962.99; 190827.26; 268.18; 18962.99; 0.0000; 0.0000; 0.0000; 1.0000; 0.0000; 0.0000; 0.00; 0.00; 0.00; 0.00; 0.00; 0.00; 0.00; 0.00; 0.00; 0
37; 1.0000; 0.0000; 0.0000; 0.0000; 0.3400; 0.3353; 0.0011; 0.0769; 191190.05; 261.72; 18506.31; 191190.05; 261.72; 18506.31; 0.0000; 0.0000; 0.0000; 1.0000; 0.0000; 0.0000; 0.00; 0.00; 0.00; 0.00; 0.00; 0.00; 0.00; 0.00; 0.00; 0
38; 1.0000; 0.0000; 0.0000; 0.0000; 0.3400; 0.3359; 0.0011; 0.0763; 190793.64; 262.35; 18550.84; 190793.64; 262.35; 18550.84; 0.0000; 0.0000; 0.0000; 1.0000; 0.0000; 0.0000; 0.00; 0.00; 0.00; 0.00; 0.00; 0.00; 0.00; 0.00; 0.00; 0
39; 1.0000; 0.0000; 0.0000; 0.0000; 0.3400; 0.3347; 0.0011; 0.0776; 191350.52; 263.22; 18612.30; 191350.52; 263.22; 18612.30; 0.0000; 0.0000; 0.0000; 1.0000; 0.0000; 0.0000; 0.00; 0.00; 0.00; 0.00; 0.00; 0.00; 0.00; 0.00; 0.00; 0
40; 1.0000; 0.0000; 0.0000; 0.0000; 0.3400; 0.3390; 0.0011; 0.0744; 191523.15; 267.89; 18942.88; 191523.15; 267.89; 18942.88; 0.0000; 0.0000; 0.0000; 1.0000; 0.0000; 0.0000; 0.00; 0.00; 0.00; 0.00; 0.00; 0.00; 0.00; 0.00; 0.00; 0
41; 1.0000; 0.0000; 0.0000; 0.0000; 0.3400; 0.3358; 0.0011; 0.0753; 190674.14; 267.22; 18895.18; 190674.14; 267.22; 18895.18; 0.0000; 0.0000; 0.0000; 1.0000; 0.0000; 0.0000; 0.00; 0.00; 0.00; 0.00; 0.00; 0.00; 0.00; 0.00; 0.00; 0
42; 1.0000; 0.0000; 0.0000; 0.0000; 0.3400; 0.3352; 0.0011; 0.0756; 190833.35; 265.23; 18754.55; 190833.35; 265.23; 18754.55; 0.0000; 0.0000; 0.0000; 1.0000; 0.0000; 0.0000; 0.00; 0.00; 0.00; 0.00; 0.00; 0.00; 0.00; 0.00; 0.00; 0
43; 1.0000; 0.0000; 0.0000; 0.0000; 0.3400; 0.3355; 0.0011; 0.0767; 190920.77; 265.59; 18780.06; 190920.77; 265.59; 18780.06; 0.0000; 0.0000; 0.0000; 1.0000; 0.0000; 0.0000; 0.00; 0.00; 0.00; 0.00; 0.00; 0.00; 0.00; 0.00; 0.00; 0
44; 1.0000; 0.0000; 0.0000; 0.0000; 0.3400; 0.3348; 0.0011; 0.0760; 191347.69; 271.22; 19178.47; 191347.69; 271.22; 19178.47; 0.0000; 0.0000; 0.0000; 1.0000; 0.0000; 0.0000; 0.00; 0.00; 0.00; 0.00; 0.00; 0.00; 0.00; 0.00; 0.00; 0
45; 1.0000; 0.0000; 0.0000; 0.0000; 0.3400; 0.3350; 0.0011; 0.0762; 191239.19; 267.81; 18937.14; 191239.19; 267.81; 18937.14; 0.0000; 0.0000; 0.0000; 1.0000; 0.0000; 0.0000; 0.00; 0.00; 0.00; 0.00; 0.00; 0.00; 0.00; 0.00; 0.00; 0
46; 1.0000; 0.0000; 0.0000; 0.0000; 0.3400; 0.3359; 0.0011; 0.0763; 191137.33; 263.78; 18652.00; 191137.33; 263.78; 18652.00; 0.0000; 0.0000; 0.0000; 1.0000; 0.0000; 0.0000; 0.00; 0.00; 0.00; 0.00; 0.00; 0.00; 0.00; 0.00; 0.00; 0
47; 1.0000; 0.0000; 0.0000; 0.0000; 0.3400; 0.3352; 0.0011; 0.0771; 191286.03; 264.97; 18735.88; 191286.03; 264.97; 18735.88; 0.0000; 0.0000; 0.0000; 1.0000; 0.0000; 0.0000; 0.00; 0.00; 0.00; 0.00; 0.00; 0.00; 0.00; 0.00; 0.00; 0
48; 1.0000; 0.0000; 0.0000; 0.0000; 0.3400; 0.3363; 0.0011; 0.0759; 191273.99; 262.99; 18595.89; 191273.99; 262.99; 18595.89; 0.0000; 0.0000; 0.0000; 1.0000; 0.0000; 0.0000; 0.00; 0.00; 0.00; 0.00; 0.00; 0.00; 0.00; 0.00; 0.00; 0
49; 1.0000; 0.0000; 0.0000; 0.0000; 0.3400; 0.3352; 0.0011; 0.0772; 191102.97; 272.22; 19248.77; 191102.97; 272.22; 19248.77; 0.0000; 0.0000; 0.0000; 1.0000; 0.0000; 0.0000; 0.00; 0.00; 0.00; 0.00; 0.00; 0.00; 0.00; 0.00; 0.00; 0
50; 1.0000; 0.0000; 0.0000; 0.0000; 0.3400; 0.3365; 0.0011; 0.0765; 190625.37; 261.64; 18500.57; 190625.37; 261.64; 18500.57; 0.0000; 0.0000; 0.0000; 1.0000; 0.0000; 0.0000; 0.00; 0.00; 0.00; 0.00; 0.00; 0.00; 0.00; 0.00; 0.00; 0
51; 1.0000; 0.0000; 0.0000; 0.0000; 0.3400; 0.3349; 0.0011; 0.0766; 191182.40; 262.36; 18551.37; 191182.40; 262.36; 18551.37; 0.0000; 0.0000; 0.0000; 1.0000; 0.0000; 0.0000; 0.00; 0.00; 0.00; 0.00; 0.00; 0.00; 0.00; 0.00; 0.00; 0
52; 1.0000; 0.0000; 0.0000; 0.0000; 0.3400; 0.3368; 0.0011; 0.0755; 190781.86; 262.34; 18550.29; 190781.86; 262.34; 18550.29; 0.0000; 0.0000; 0.0000; 1.0000; 0.0000; 0.0000; 0.00; 0.00; 0.00; 0.00; 0.00; 0.00; 0.00; 0.00; 0.00; 0
53; 1.0000; 0.0000; 0.0000; 0.0000; 0.3400; 0.3362; 0.0011; 0.0753; 191119.65; 263.63; 18641.54; 191119.65; 263.63; 18641.54; 0.0000; 0.0000; 0.0000; 1.0000; 0.0000; 0.0000; 0.00; 0.00; 0.00; 0.00; 0.00; 0.00; 0.00; 0.00; 0.00; 0
54; 1.0000; 0.0000; 0.0000; 0.0000; 0.3400; 0.3367; 0.0011; 0.0753; 190582.26; 259.18; 18326.77; 190582.26; 259.18; 18326.77; 0.0000; 0.0000; 0.0000; 1.0000; 0.0000; 0.0000; 0.00; 0.00; 0.00; 0.00; 0.00; 0.00; 0.00; 0.00; 0.00; 0
55; 1.0000; 0.0000; 0.0000; 0.0000; 0.3400; 0.3391; 0.0011; 0.0756; 190714.97; 261.56; 18495.30; 190714.97; 261.56; 18495.30; 0.0000; 0.0000; 0.0000; 1.0000; 0.0000; 0.0000; 0.00; 0.00; 0.00; 0.00; 0.00; 0.00; 0.00; 0.00; 0.00; 0
56; 1.0000; 0.0000; 0.0000; 0.0000; 0.3400; 0.3350; 0.0011; 0.0756; 191347.10; 269.32; 19043.49; 191347.10; 269.32; 19043.49; 0.0000; 0.0000; 0.0000; 1.0000; 0.0000; 0.0000; 0.00; 0.00; 0.00; 0.00; 0.00; 0.00; 0.00; 0.00; 0.00; 0
57; 1.0000; 0.0000; 0.0000; 0.0000; 0.3400; 0.3374; 0.0011; 0.0762; 191403.33; 266.42; 18838.76; 191403.33; 266.42; 18838.76; 0.0000; 0.0000; 0.0000; 1.0000; 0.0000; 0.0000; 0.00; 0.00; 0.00; 0.00; 0.00; 0.00; 0.00; 0.00; 0.00; 0
58; 1.0000; 0.0000; 0.0000; 0.0000; 0.3400; 0.3335; 0.0011; 0.0777; 191248.58; 267.74; 18932.26; 191248.58; 267.74; 18932.26; 0.0000; 0.0000; 0.0000; 1.0000; 0.0000; 0.0000; 0.00; 0.00; 0.00; 0.00; 0.00; 0.00; 0.00; 0.00; 0.00; 0
59; 1.0000; 0.0000; 0.0000; 0.0000; 0.3400; 0.3369; 0.0011; 0.0754; 190840.86; 263.31; 18618.75; 190840.86; 263.31; 18618.75; 0.0000; 0.0000; 0.0000; 1.0000; 0.0000; 0.0000; 0.00; 0.00; 0.00; 0.00; 0.00; 0.00; 0.00; 0.00; 0.00; 0
60; 1.0000; 0.0000; 0.0000; 0.0000; 0.3400; 0.3359; 0.0011; 0.0758; 190939.82; 266.18; 18822.05; 190939.82; 266.18; 18822.05; 0.0000; 0.0000; 0.0000; 1.0000; 0.0000; 0.0000; 0.00; 0.00; 0.00; 0.00; 0.00; 0.00; 0.00; 0.00; 0.00; 0
61; 1.0000; 0.0000; 0.0000; 0.0000; 0.3400; 0.3365; 0.0011; 0.0761; 190845.94; 263.08; 18602.25; 190845.94; 263.08; 18602.25; 0.0000; 0.0000; 0.0000; 1.0000; 0.0000; 0.0000; 0.00; 0.00; 0.00; 0.00; 0.00; 0.00; 0.00; 0.00; 0.00; 0
62; 1.0000; 0.0000; 0.0000; 0.0000; 0.3400; 0.3358; 0.0011; 0.0765; 190736.27; 264.75; 18720.94; 190736.27; 264.75; 18720.94; 0.0000; 0.0000; 0.0000; 1.0000; 0.0000; 0.0000; 0.00; 0.00; 0.00; 0.00; 0.00; 0.00; 0.00; 0.00; 0.00; 0
63; 1.0000; 0.0000; 0.0000; 0.0000; 0.3400; 0.3383; 0.0011; 0.0766; 190770.32; 266.07; 18813.66; 190770.32; 266.07; 18813.66; 0.0000; 0.0000; 0.0000; 1.0000; 0.0000; 0.0000; 0.00; 0.00; 0.00; 0.00; 0.00; 0.00; 0.00; 0.00; 0.00; 0
64; 1.0000; 0.0000; 0.0000; 0.0000; 0.3400; 0.3356; 0.0011; 0.0765; 191348.47; 266.01; 18809.94; 191348.47; 266.01; 18809.94; 0.0000; 0.0000; 0.0000; 1.0000; 0.0000; 0.0000; 0.00; 0.00; 0.00; 0.00; 0.00; 0.00; 0.00; 0.00; 0.00; 0
65; 1.0000; 0.0000; 0.0000; 0.0000; 0.3400; 0.3344; 0.0011; 0.0758; 191425.13; 269.35; 19045.97; 191425.13; 269.35; 19045.97; 0.0000; 0.0000; 0.0000; 1.0000; 0.0000; 0.0000; 0.00; 0.00; 0.00; 0.00; 0.00; 0.00; 0.00; 0.00; 0.00; 0
66; 1.0000; 0.0000; 0.0000; 0.0000; 0.3400; 0.3373; 0.0011; 0.0757; 191163.85; 265.90; 18802.15; 191163.85; 265.90; 18802.15; 0.0000; 0.0000; 0.0000; 1.0000; 0.0000; 0.0000; 0.00; 0.00; 0.00; 0.00; 0.00; 0.00; 0.00; 0.00; 0.00; 0
67; 1.0000; 0.0000; 0.0000; 0.0000; 0.3400; 0.3345; 0.0011; 0.0748; 191329.70; 264.62; 18711.14; 191329.70; 264.62; 18711.14; 0.0000; 0.0000; 0.0000; 1.0000; 0.0000; 0.0000; 0.00; 0.00; 0.00; 0.00; 0.00; 0.00; 0.00; 0.00; 0.00; 0
68; 1.0000; 0.0000; 0.0000; 0.0000; 0.3400; 0.3365; 0.0011; 0.0765; 190686.35; 268.40; 18978.44; 190686.35; 268.40; 18978.44; 0.0000; 0.0000; 0.0000; 1.0000; 0.0000; 0.0000; 0.00; 0.00; 0.00; 0.00; 0.00; 0.00; 0.00; 0.00; 0.00; 0
69; 1.0000; 0.0000; 0.0000; 0.0000; 0.3400; 0.3353; 0.0011; 0.0754; 191220.86; 262.11; 18533.79; 191220.86; 262.11; 18533.79; 0.0000; 0.0000; 0.0000; 1.0000; 0.0000; 0.0000; 0.00; 0.00; 0.00; 0.00; 0.00; 0.00; 0.00; 0.00; 0.00; 0
70; 1.0000; 0.0000; 0.0000; 0.0000; 0.3400; 0.3351; 0.0011; 0.0765; 190952.83; 264.69; 18716.39; 190952.83; 264.69; 18716.39; 0.0000; 0.0000; 0.0000; 1.0000; 0.0000; 0.0000; 0.00; 0.00; 0.00; 0.00; 0.00; 0.00; 0.00; 0.00; 0.00; 0
71; 1.0000; 0.0000; 0.0000; 0.0000; 0.3400; 0.3356; 0.0011; 0.0755; 191112.69; 262.03; 18527.99; 191112.69; 262.03; 18527.99; 0.0000; 0.0000; 0.0000; 1.0000; 0.0000; 0.0000; 0.00; 0.00; 0.00; 0.00; 0.00; 0.00; 0.00; 0.00; 0.00; 0
72; 1.0000; 0.0000; 0.0000; 0.0000; 0.3400; 0.3331; 0.0011; 0.0766; 191583.15; 264.15; 18678.45; 191583.15; 264.15; 18678.45; 0.0000; 0.0000; 0.0000; 1.0000; 0.0000; 0.0000; 0.00; 0.00; 0.00; 0.00; 0.00; 0.00; 0.00; 0.00; 0.00; 0
73; 1.0000; 0.0000; 0.0000; 0.0000; 0.3400; 0.3373; 0.0011; 0.0761; 191380.52; 262.86; 18587.18; 191380.52; 262.86; 18587.18; 0.0000; 0.0000; 0.0000; 1.0000; 0.0000; 0.0000; 0.00; 0.00; 0.00; 0.00; 0.00; 0.00; 0.00; 0.00; 0.00; 0
74; 1.0000; 0.0000; 0.0000; 0.0000; 0.3400; 0.3359; 0.0011; 0.0768; 191055.54; 266.49; 18843.83; 191055.54; 266.49; 18843.83; 0.0000; 0.0000; 0.0000; 1.0000; 0.0000; 0.0000; 0.00; 0.00; 0.00; 0.00; 0.00; 0.00; 0.00; 0.00; 0.00; 0
75; 1.0000; 0.0000; 0.0000; 0.0000; 0.3400; 0.3359; 0.0011; 0.0759; 191067.29; 263.24; 18613.95; 191067.29; 263.24; 18613.95; 0.0000; 0.0000; 0.0000; 1.0000; 0.0000; 0.0000; 0.00; 0.00; 0.00; 0.00; 0.00; 0.00; 0.00; 0.00; 0.00; 0
76; 1.0000; 0.0000; 0.0000; 0.0000; 0.3400; 0.3357; 0.0011; 0.0748; 191535.22; 261.04; 18458.26; 191535.22; 261.04; 18458.26; 0.0000; 0.0000; 0.0000; 1.0000; 0.0000; 0.0000; 0.00; 0.00; 0.00; 0.00; 0.00; 0.00; 0.00; 0.00; 0.00; 0
77; 1.0000; 0.0000; 0.0000; 0.0000; 0.3400; 0.3359; 0.0011; 0.0779; 191749.89; 265.77; 18792.63; 191749.89; 265.77; 18792.63; 0.0000; 0.0000; 0.0000; 1.0000; 0.0000; 0.0000; 0.00; 0.00; 0.00; 0.00; 0.00; 0.00; 0.00; 0.00; 0.00; 0
78; 1.0000; 0.0000; 0.0000; 0.0000; 0.3400; 0.3351; 0.0011; 0.0759; 191366.83; 268.27; 18969.66; 191366.83; 268.27; 18969.66; 0.0000; 0.0000; 0.0000; 1.0000; 0.0000; 0.0000; 0.00; 0.00; 0.00; 0.00; 0.00; 0.00; 0.00; 0.00; 0.00; 0
79; 1.0000; 0.0000; 0.0000; 0.0000; 0.3400; 0.3363; 0.0011; 0.0769; 190779.17; 266.40; 18837.42; 190779.17; 266.40; 18837.42; 0.0000; 0.0000; 0.0000; 1.0000; 0.0000; 0.0000; 0.00; 0.00; 0.00; 0.00; 0.00; 0.00; 0.00; 0.00; 0.00; 0
80; 1.0000; 0.0000; 0.0000; 0.0000; 0.3400; 0.3374; 0.0011; 0.0760; 191069.54; 264.19; 18680.81; 191069.54; 264.19; 18680.81; 0.0000; 0.0000; 0.0000; 1.0000; 0.0000; 0.0000; 0.00; 0.00; 0.00; 0.00; 0.00; 0.00; 0.00; 0.00; 0.00; 0
81; 1.0000; 0.0000; 0.0000; 0.0000; 0.3400; 0.3368; 0.0011; 0.0743; 190886.03; 264.52; 18704.56; 190886.03; 264.52; 18704.56; 0.0000; 0.0000; 0.0000; 1.0000; 0.0000; 0.0000; 0.00; 0.00; 0.00; 0.00; 0.00; 0.00; 0.00; 0.00; 0.00; 0
82; 1.0000; 0.0000; 0.0000; 0.0000; 0.3400; 0.3364; 0.0011; 0.0760; 190607.18; 263.19; 18610.31; 190607.18; 263.19; 18610.31; 0.0000; 0.0000; 0.0000; 1.0000; 0.0000; 0.0000; 0.00; 0.00; 0.00; 0.00; 0.00; 0.00; 0.00; 0.00; 0.00; 0
83; 1.0000; 0.0000; 0.0000; 0.0000; 0.3400; 0.3337; 0.0011; 0.0757; 191264.44; 262.30; 18547.70; 191264.44; 262.30; 18547.70; 0.0000; 0.0000; 0.0000; 1.0000; 0.0000; 0.0000; 0.00; 0.00; 0.00; 0.00; 0.00; 0.00; 0.00; 0.00; 0.00; 0
84; 1.0000; 0.0000; 0.0000; 0.0000; 0.3400; 0.3371; 0.0011; 0.0752; 191447.92; 266.90; 18872.89; 191447.92; 266.90; 18872.89; 0.0000; 0.0000; 0.0000; 1.0000; 0.0000; 0.0000; 0.00; 0.00; 0.00; 0.00; 0.00; 0.00; 0.00; 0.00; 0.00; 0
85; 1.0000; 0.0000; 0.0000; 0.0000; 0.3400; 0.3351; 0.0011; 0.0748; 191077.14; 264.17; 18679.36; 191077.14; 264.17; 18679.36; 0.0000; 0.0000; 0.0000; 1.0000; 0.0000; 0.0000; 0.00; 0.00; 0.00; 0.00; 0.00; 0.00; 0.00; 0.00; 0.00; 0
86; 1.0000; 0.0000; 0.0000; 0.0000; 0.3400; 0.3365; 0.0011; 0.0765; 191386.52; 267.23; 18895.95; 191386.52; 267.23; 18895.95; 0.0000; 0.0000; 0.0000; 1.0000; 0.0000; 0.0000; 0.00; 0.00; 0.00; 0.00; 0.00; 0.00; 0.00; 0.00; 0.00; 0
87; 1.0000; 0.0000; 0.0000; 0.0000; 0.3400; 0.3345; 0.0011; 0.0775; 191024.92; 259.94; 18380.38; 191024.92; 259.94; 18380.38; 0.0000; 0.0000; 0.0000; 1.0000; 0.0000; 0.0000; 0.00; 0.00; 0.00; 0.00; 0.00; 0.00; 0.00; 0.00; 0.00; 0
88; 1.0000; 0.0000; 0.0000; 0.0000; 0.3400; 0.3363; 0.0011; 0.0771; 191035.81; 266.24; 18825.87; 191035.81; 266.24; 18825.87; 0.0000; 0.0000; 0.0000; 1.0000; 0.0000; 0.0000; 0.00; 0.00; 0.00; 0.00; 0.00; 0.00; 0.00; 0.00; 0.00; 0
89; 1.0000; 0.0000; 0.0000; 0.0000; 0.3400; 0.3352; 0.0011; 0.0765; 191284.77; 264.55; 18706.64; 191284.77; 264.55; 18706.64; 0.0000; 0.0000; 0.0000; 1.0000; 0.0000; 0.0000; 0.00; 0.00; 0.00; 0.00; 0.00; 0.00; 0.00; 0.00; 0.00; 0
90; 1.0000; 0.0000; 0.0000; 0.0000; 0.3400; 0.3364; 0.0011; 0.0766; 191515.37; 266.61; 18852.20; 191515.37; 266.61; 18852.20; 0.0000; 0.0000; 0.0000; 1.0000; 0.0000; 0.0000; 0.00; 0.00; 0.00; 0.00; 0.00; 0.00; 0.00; 0.00; 0.00; 0
91; 1.0000; 0.0000; 0.0000; 0.0000; 0.3400; 0.3373; 0.0011; 0.0755; 191107.69; 266.02; 18810.78; 191107.69; 266.02; 18810.78; 0.0000; 0.0000; 0.0000; 1.0000; 0.0000; 0.0000; 0.00; 0.00; 0.00; 0.00; 0.00; 0.00; 0.00; 0.00; 0.00; 0
92; 1.0000; 0.0000; 0.0000; 0.0000; 0.3400; 0.3356; 0.0011; 0.0750; 191456.05; 265.66; 18785.34; 191456.05; 265.66; 18785.34; 0.0000; 0.0000; 0.0000; 1.0000; 0.0000; 0.0000; 0.00; 0.00; 0.00; 0.00; 0.00; 0.00; 0.00; 0.00; 0.00; 0
93; 1.0000; 0.0000; 0.0000; 0.0000; 0.3400; 0.3367; 0.0011; 0.0763; 190963.57; 266.37; 18835.22; 190963.57; 266.37; 18835.22; 0.0000; 0.0000; 0.0000; 1.0000; 0.0000; 0.0000; 0.00; 0.00; 0.00; 0.00; 0.00; 0.00; 0.00; 0.00; 0.00; 0
94; 1.0000; 0.0000; 0.0000; 0.0000; 0.3400; 0.3347; 0.0011; 0.0768; 190839.42; 264.26; 18685.92; 190839.42; 264.26; 18685.92; 0.0000; 0.0000; 0.0000; 1.0000; 0.0000; 0.0000; 0.00; 0.00; 0.00; 0.00; 0.00; 0.00; 0.00; 0.00; 0.00; 0
95; 1.0000; 0.0000; 0.0000; 0.0000; 0.3400; 0.3363; 0.0011; 0.0771; 190876.63; 266.19; 18822.68; 190876.63; 266.19; 18822.68; 0.0000; 0.0000; 0.0000; 1.0000; 0.0000; 0.0000; 0.00; 0.00; 0.00; 0.00; 0.00; 0.00; 0.00; 0.00; 0.00; 0
96; 1.0000; 0.0000; 0.0000; 0.0000; 0.3400; 0.3359; 0.0011; 0.0778; 191097.95; 264.55; 18706.29; 191097.95; 264.55; 18706.29; 0.0000; 0.0000; 0.0000; 1.0000; 0.0000; 0.0000; 0.00; 0.00; 0.00; 0.00; 0.00; 0.00; 0.00; 0.00; 0.00; 0
97; 1.0000; 0.0000; 0.0000; 0.0000; 0.3400; 0.3374; 0.0011; 0.0744; 190783.91; 261.77; 18509.88; 190783.91; 261.77; 18509.88; 0.0000; 0.0000; 0.0000; 1.0000; 0.0000; 0.0000; 0.00; 0.00; 0.00; 0.00; 0.00; 0.00; 0.00; 0.00; 0.00; 0
98; 1.0000; 0.0000; 0.0000; 0.0000; 0.3400; 0.3350; 0.0011; 0.0766; 191164.41; 267.91; 18944.02; 191164.41; 267.91; 18944.02; 0.0000; 0.0000; 0.0000; 1.0000; 0.0000; 0.0000; 0.00; 0.00; 0.00; 0.00; 0.00; 0.00; 0.00; 0.00; 0.00; 0
99; 1.0000; 0.0000; 0.0000; 0.0000; 0.3400; 0.3371; 0.0011; 0.0775; 191289.14; 269.02; 19022.71; 191289.14; 269.02; 19022.71; 0.0000; 0.0000; 0.0000; 1.0000; 0.0000; 0.0000; 0.00; 0.00; 0.00; 0.00; 0.00; 0.00; 0.00; 0.00; 0.00; 0
100; 1.0000; 0.0000; 0.0000; 0.0000; 0.3400; 0.3355; 0.0011; 0.0752; 191018.03; 267.90; 18943.45; 191018.03; 267.90; 18943.45; 0.0000; 0.0000; 0.0000; 1.0000; 0.0000; 0.0000; 0.00; 0.00; 0.00; 0.00; 0.00; 0.00; 0.00; 0.00; 0.00; 0
