    Year (Census)
    Proportion of populations extant, SE
    Proportion of populations going extinct for the first time in year, SE
    Deterministic growth, Stochastic growth, SE, SD
    Mean population size (across extant populations), SE, SD
    Mean population size (across all populations), SE, SD
    Population-based model: No genetic data (12 skipped fields)



    Mean time to extinction, SE, SD
    Median time to extinction
Year;PExtant;SE(PExtant);PExtinct;SE(PExtinct);det-r;stoch-r;SE(r);SD(r);N-extant;SE(N-extant);SD(N-extant);N-all;SE(N-all);SD(N-all);GeneDiv;SE(GD);SD(GD);Inbreed;SE(Inbr);SD(Inbr);nAlleles;SE(nAlleles);SD(nAlleles);nLethals;SE(nLethals);SD(nLethals);TE;SE(TE);SD(TE);medianTE
Default Scenario
Population 1: Population1
0; 1.0000; 0.0000; 0.0000; 0.0000; 0.0643;      0;      0;      0; 121265.00; 0.00; 0.00; 121265.00; 0.00; 0.00; 0.0000; 0.0000; 0.0000; 1.0000; 0.0000; 0.0000; 0.00; 0.00; 0.00; 0.00; 0.00; 0.00; 0.00; 0.00; 0.00; 0
1; 1.0000; 0.0000; 0.0000; 0.0000; 0.0643; 0.0541; 0.0021; 0.1479; 114959.11; 160.99; 11384.00; 114959.11; 160.99; 11384.00; 0.0000; 0.0000; 0.0000; 1.0000; 0.0000; 0.0000; 0.00; 0.00; 0.00; 0.00; 0.00; 0.00; 0.00; 0.00; 0.00; 0
2; 1.0000; 0.0000; 0.0000; 0.0000; 0.0643; 0.0540; 0.0021; 0.1494; 111368.71; 184.29; 13031.03; 111368.71; 184.29; 13031.03; 0.0000; 0.0000; 0.0000; 1.0000; 0.0000; 0.0000; 0.00; 0.00; 0.00; 0.00; 0.00; 0.00; 0.00; 0.00; 0.00; 0
3; 1.0000; 0.0000; 0.0000; 0.0000; 0.0643; 0.0545; 0.0021; 0.1487; 109008.82; 202.71; 14333.98; 109008.82; 202.71; 14333.98; 0.0000; 0.0000; 0.0000; 1.0000; 0.0000; 0.0000; 0.00; 0.00; 0.00; 0.00; 0.00; 0.00; 0.00; 0.00; 0.00; 0
4; 1.0000; 0.0000; 0.0000; 0.0000; 0.0643; 0.0511; 0.0021; 0.1477; 107451.82; 216.61; 15316.99; 107451.82; 216.61; 15316.99; 0.0000; 0.0000; 0.0000; 1.0000; 0.0000; 0.0000; 0.00; 0.00; 0.00; 0.00; 0.00; 0.00; 0.00; 0.00; 0.00; 0
5; 1.0000; 0.0000; 0.0000; 0.0000; 0.0643; 0.0519; 0.0021; 0.1474; 106305.98; 225.56; 15949.76; 106305.98; 225.56; 15949.76; 0.0000; 0.0000; 0.0000; 1.0000; 0.0000; 0.0000; 0.00; 0.00; 0.00; 0.00; 0.00; 0.00; 0.00; 0.00; 0.00; 0
6; 1.0000; 0.0000; 0.0000; 0.0000; 0.0643; 0.0539; 0.0021; 0.1488; 105585.39; 231.84; 16393.46; 105585.39; 231.84; 16393.46; 0.0000; 0.0000; 0.0000; 1.0000; 0.0000; 0.0000; 0.00; 0.00; 0.00; 0.00; 0.00; 0.00; 0.00; 0.00; 0.00; 0
7; 1.0000; 0.0000; 0.0000; 0.0000; 0.0643; 0.0496; 0.0021; 0.1491; 104793.02; 239.30; 16921.22; 104793.02; 239.30; 16921.22; 0.0000; 0.0000; 0.0000; 1.0000; 0.0000; 0.0000; 0.00; 0.00; 0.00; 0.00; 0.00; 0.00; 0.00; 0.00; 0.00; 0
8; 1.0000; 0.0000; 0.0000; 0.0000; 0.0643; 0.0517; 0.0021; 0.1502; 104222.50; 245.64; 17369.54; 104222.50; 245.64; 17369.54; 0.0000; 0.0000; 0.0000; 1.0000; 0.0000; 0.0000; 0.00; 0.00; 0.00; 0.00; 0.00; 0.00; 0.00; 0.00; 0.00; 0
9; 1.0000; 0.0000; 0.0000; 0.0000; 0.0643; 0.0504; 0.0021; 0.1513; 103842.46; 254.69; 18009.38; 103842.46; 254.69; 18009.38; 0.0000; 0.0000; 0.0000; 1.0000; 0.0000; 0.0000; 0.00; 0.00; 0.00; 0.00; 0.00; 0.00; 0.00; 0.00; 0.00; 0
10; 1.0000; 0.0000; 0.0000; 0.0000; 0.0643; 0.0553; 0.0021; 0.1500; 103630.54; 257.07; 18177.44; 103630.54; 257.07; 18177.44; 0.0000; 0.0000; 0.0000; 1.0000; 0.0000; 0.0000; 0.00; 0.00; 0.00; 0.00; 0.00; 0.00; 0.00; 0.00; 0.00; 0
11; 1.0000; 0.0000; 0.0000; 0.0000; 0.0643; 0.0544; 0.0021; 0.1495; 103218.48; 261.53; 18492.84; 103218.48; 261.53; 18492.84; 0.0000; 0.0000; 0.0000; 1.0000; 0.0000; 0.0000; 0.00; 0.00; 0.00; 0.00; 0.00; 0.00; 0.00; 0.00; 0.00; 0
12; 1.0000; 0.0000; 0.0000; 0.0000; 0.0643; 0.0530; 0.0021; 0.1508; 102937.67; 266.11; 18816.50; 102937.67; 266.11; 18816.50; 0.0000; 0.0000; 0.0000; 1.0000; 0.0000; 0.0000; 0.00; 0.00; 0.00; 0.00; 0.00; 0.00; 0.00; 0.00; 0.00; 0
13; 1.0000; 0.0000; 0.0000; 0.0000; 0.0643; 0.0505; 0.0021; 0.1516; 102613.03; 270.36; 19117.51; 102613.03; 270.36; 19117.51; 0.0000; 0.0000; 0.0000; 1.0000; 0.0000; 0.0000; 0.00; 0.00; 0.00; 0.00; 0.00; 0.00; 0.00; 0.00; 0.00; 0
14; 1.0000; 0.0000; 0.0000; 0.0000; 0.0643; 0.0462; 0.0021; 0.1504; 101979.22; 269.24; 19038.44; 101979.22; 269.24; 19038.44; 0.0000; 0.0000; 0.0000; 1.0000; 0.0000; 0.0000; 0.00; 0.00; 0.00; 0.00; 0.00; 0.00; 0.00; 0.00; 0.00; 0
15; 1.0000; 0.0000; 0.0000; 0.0000; 0.0643; 0.0507; 0.0021; 0.1480; 101907.78; 272.13; 19242.67; 101907.78; 272.13; 19242.67; 0.0000; 0.0000; 0.0000; 1.0000; 0.0000; 0.0000; 0.00; 0.00; 0.00; 0.00; 0.00; 0.00; 0.00; 0.00; 0.00; 0
16; 1.0000; 0.0000; 0.0000; 0.0000; 0.0643; 0.0496; 0.0021; 0.1481; 101515.55; 271.86; 19223.53; 101515.55; 271.86; 19223.53; 0.0000; 0.0000; 0.0000; 1.0000; 0.0000; 0.0000; 0.00; 0.00; 0.00; 0.00; 0.00; 0.00; 0.00; 0.00; 0.00; 0
17; 1.0000; 0.0000; 0.0000; 0.0000; 0.0643; 0.0524; 0.0021; 0.1492; 101606.53; 274.23; 19391.21; 101606.53; 274.23; 19391.21; 0.0000; 0.0000; 0.0000; 1.0000; 0.0000; 0.0000; 0.00; 0.00; 0.00; 0.00; 0.00; 0.00; 0.00; 0.00; 0.00; 0
18; 1.0000; 0.0000; 0.0000; 0.0000; 0.0643; 0.0529; 0.0021; 0.1493; 101558.94; 276.65; 19561.78; 101558.94; 276.65; 19561.78; 0.0000; 0.0000; 0.0000; 1.0000; 0.0000; 0.0000; 0.00; 0.00; 0.00; 0.00; 0.00; 0.00; 0.00; 0.00; 0.00; 0
19; 1.0000; 0.0000; 0.0000; 0.0000; 0.0643; 0.0548; 0.0021; 0.1498; 101761.95; 276.42; 19545.70; 101761.95; 276.42; 19545.70; 0.0000; 0.0000; 0.0000; 1.0000; 0.0000; 0.0000; 0.00; 0.00; 0.00; 0.00; 0.00; 0.00; 0.00; 0.00; 0.00; 0
20; 1.0000; 0.0000; 0.0000; 0.0000; 0.0643; 0.0523; 0.0021; 0.1491; 101577.11; 277.19; 19600.14; 101577.11; 277.19; 19600.14; 0.0000; 0.0000; 0.0000; 1.0000; 0.0000; 0.0000; 0.00; 0.00; 0.00; 0.00; 0.00; 0.00; 0.00; 0.00; 0.00; 0
21; 1.0000; 0.0000; 0.0000; 0.0000; 0.0643; 0.0562; 0.0021; 0.1494; 101873.18; 281.65; 19915.53; 101873.18; 281.65; 19915.53; 0.0000; 0.0000; 0.0000; 1.0000; 0.0000; 0.0000; 0.00; 0.00; 0.00; 0.00; 0.00; 0.00; 0.00; 0.00; 0.00; 0
22; 1.0000; 0.0000; 0.0000; 0.0000; 0.0643; 0.0509; 0.0021; 0.1485; 101753.67; 281.75; 19922.48; 101753.67; 281.75; 19922.48; 0.0000; 0.0000; 0.0000; 1.0000; 0.0000; 0.0000; 0.00; 0.00; 0.00; 0.00; 0.00; 0.00; 0.00; 0.00; 0.00; 0
23; 1.0000; 0.0000; 0.0000; 0.0000; 0.0643; 0.0496; 0.0021; 0.1466; 101362.03; 278.54; 19695.63; 101362.03; 278.54; 19695.63; 0.0000; 0.0000; 0.0000; 1.0000; 0.0000; 0.0000; 0.00; 0.00; 0.00; 0.00; 0.00; 0.00; 0.00; 0.00; 0.00; 0
24; 1.0000; 0.0000; 0.0000; 0.0000; 0.0643; 0.0512; 0.0021; 0.1512; 101313.41; 278.59; 19699.42; 101313.41; 278.59; 19699.42; 0.0000; 0.0000; 0.0000; 1.0000; 0.0000; 0.0000; 0.00; 0.00; 0.00; 0.00; 0.00; 0.00; 0.00; 0.00; 0.00; 0
25; 1.0000; 0.0000; 0.0000; 0.0000; 0.0643; 0.0531; 0.0021; 0.1500; 101590.30; 281.21; 19884.58; 101590.30; 281.21; 19884.58; 0.0000; 0.0000; 0.0000; 1.0000; 0.0000; 0.0000; 0.00; 0.00; 0.00; 0.00; 0.00; 0.00; 0.00; 0.00; 0.00; 0
26; 1.0000; 0.0000; 0.0000; 0.0000; 0.0643; 0.0500; 0.0021; 0.1515; 101209.39; 283.04; 20013.60; 101209.39; 283.04; 20013.60; 0.0000; 0.0000; 0.0000; 1.0000; 0.0000; 0.0000; 0.00; 0.00; 0.00; 0.00; 0.00; 0.00; 0.00; 0.00; 0.00; 0
27; 1.0000; 0.0000; 0.0000; 0.0000; 0.0643; 0.0549; 0.0021; 0.1485; 101304.68; 281.25; 19887.66; 101304.68; 281.25; 19887.66; 0.0000; 0.0000; 0.0000; 1.0000; 0.0000; 0.0000; 0.00; 0.00; 0.00; 0.00; 0.00; 0.00; 0.00; 0.00; 0.00; 0
28; 1.0000; 0.0000; 0.0000; 0.0000; 0.0643; 0.0519; 0.0021; 0.1496; 101242.97; 277.68; 19634.78; 101242.97; 277.68; 19634.78; 0.0000; 0.0000; 0.0000; 1.0000; 0.0000; 0.0000; 0.00; 0.00; 0.00; 0.00; 0.00; 0.00; 0.00; 0.00; 0.00; 0
29; 1.0000; 0.0000; 0.0000; 0.0000; 0.0643; 0.0538; 0.0021; 0.1487; 101323.04; 277.98; 19656.11; 101323.04; 277.98; 19656.11; 0.0000; 0.0000; 0.0000; 1.0000; 0.0000; 0.0000; 0.00; 0.00; 0.00; 0.00; 0.00; 0.00; 0.00; 0.00; 0.00; 0
30; 1.0000; 0.0000; 0.0000; 0.0000; 0.0643; 0.0521; 0.0021; 0.1501; 101370.82; 280.84; 19858.39; 101370.82; 280.84; 19858.39; 0.0000; 0.0000; 0.0000; 1.0000; 0.0000; 0.0000; 0.00; 0.00; 0.00; 0.00; 0.00; 0.00; 0.00; 0.00; 0.00; 0
31; 1.0000; 0.0000; 0.0000; 0.0000; 0.0643; 0.0559; 0.0021; 0.1495; 101457.52; 282.41; 19969.08; 101457.52; 282.41; 19969.08; 0.0000; 0.0000; 0.0000; 1.0000; 0.0000; 0.0000; 0.00; 0.00; 0.00; 0.00; 0.00; 0.00; 0.00; 0.00; 0.00; 0
32; 1.0000; 0.0000; 0.0000; 0.0000; 0.0643; 0.0562; 0.0021; 0.1472; 101740.07; 280.49; 19833.85; 101740.07; 280.49; 19833.85; 0.0000; 0.0000; 0.0000; 1.0000; 0.0000; 0.0000; 0.00; 0.00; 0.00; 0.00; 0.00; 0.00; 0.00; 0.00; 0.00; 0
33; 1.0000; 0.0000; 0.0000; 0.0000; 0.0643; 0.0496; 0.0021; 0.1503; 101559.46; 281.46; 19902.37; 101559.46; 281.46; 19902.37; 0.0000; 0.0000; 0.0000; 1.0000; 0.0000; 0.0000; 0.00; 0.00; 0.00; 0.00; 0.00; 0.00; 0.00; 0.00; 0.00; 0
34; 1.0000; 0.0000; 0.0000; 0.0000; 0.0643; 0.0550; 0.0021; 0.1483; 101666.24; 280.42; 19828.75; 101666.24; 280.42; 19828.75; 0.0000; 0.0000; 0.0000; 1.0000; 0.0000; 0.0000; 0.00; 0.00; 0.00; 0.00; 0.00; 0.00; 0.00; 0.00; 0.00; 0
35; 1.0000; 0.0000; 0.0000; 0.0000; 0.0643; 0.0523; 0.0021; 0.1495; 101525.96; 284.25; 20099.18; 101525.96; 284.25; 20099.18; 0.0000; 0.0000; 0.0000; 1.0000; 0.0000; 0.0000; 0.00; 0.00; 0.00; 0.00; 0.00; 0.00; 0.00; 0.00; 0.00; 0
36; 1.0000; 0.0000; 0.0000; 0.0000; 0.0643; 0.0506; 0.0021; 0.1496; 101322.66; 284.75; 20134.77; 101322.66; 284.75; 20134.77; 0.0000; 0.0000; 0.0000; 1.0000; 0.0000; 0.0000; 0.00; 0.00; 0.00; 0.00; 0.00; 0.00; 0.00; 0.00; 0.00; 0
37; 1.0000; 0.0000; 0.0000; 0.0000; 0.0643; 0.0527; 0.0021; 0.1501; 101340.67; 286.95; 20290.62; 101340.67; 286.95; 20290.62; 0.0000; 0.0000; 0.0000; 1.0000; 0.0000; 0.0000; 0.00; 0.00; 0.00; 0.00; 0.00; 0.00; 0.00; 0.00; 0.00; 0
38; 1.0000; 0.0000; 0.0000; 0.0000; 0.0643; 0.0517; 0.0021; 0.1497; 101263.96; 284.28; 20101.52; 101263.96; 284.28; 20101.52; 0.0000; 0.0000; 0.0000; 1.0000; 0.0000; 0.0000; 0.00; 0.00; 0.00; 0.00; 0.00; 0.00; 0.00; 0.00; 0.00; 0
39; 1.0000; 0.0000; 0.0000; 0.0000; 0.0643; 0.0524; 0.0021; 0.1493; 101339.12; 287.96; 20361.82; 101339.12; 287.96; 20361.82; 0.0000; 0.0000; 0.0000; 1.0000; 0.0000; 0.0000; 0.00; 0.00; 0.00; 0.00; 0.00; 0.00; 0.00; 0.00; 0.00; 0
40; 1.0000; 0.0000; 0.0000; 0.0000; 0.0643; 0.0512; 0.0021; 0.1493; 101052.63; 288.12; 20372.98; 101052.63; 288.12; 20372.98; 0.0000; 0.0000; 0.0000; 1.0000; 0.0000; 0.0000; 0.00; 0.00; 0.00; 0.00; 0.00; 0.00; 0.00; 0.00; 0.00; 0
41; 1.0000; 0.0000; 0.0000; 0.0000; 0.0643; 0.0534; 0.0021; 0.1507; 101045.47; 287.24; 20310.70; 101045.47; 287.24; 20310.70; 0.0000; 0.0000; 0.0000; 1.0000; 0.0000; 0.0000; 0.00; 0.00; 0.00; 0.00; 0.00; 0.00; 0.00; 0.00; 0.00; 0
42; 1.0000; 0.0000; 0.0000; 0.0000; 0.0643; 0.0511; 0.0021; 0.1508; 100770.50; 285.64; 20197.62; 100770.50; 285.64; 20197.62; 0.0000; 0.0000; 0.0000; 1.0000; 0.0000; 0.0000; 0.00; 0.00; 0.00; 0.00; 0.00; 0.00; 0.00; 0.00; 0.00; 0
43; 1.0000; 0.0000; 0.0000; 0.0000; 0.0643; 0.0531; 0.0021; 0.1501; 100902.29; 288.25; 20382.66; 100902.29; 288.25; 20382.66; 0.0000; 0.0000; 0.0000; 1.0000; 0.0000; 0.0000; 0.00; 0.00; 0.00; 0.00; 0.00; 0.00; 0.00; 0.00; 0.00; 0
44; 1.0000; 0.0000; 0.0000; 0.0000; 0.0643; 0.0484; 0.0021; 0.1501; 100638.95; 290.78; 20561.17; 100638.95; 290.78; 20561.17; 0.0000; 0.0000; 0.0000; 1.0000; 0.0000; 0.0000; 0.00; 0.00; 0.00; 0.00; 0.00; 0.00; 0.00; 0.00; 0.00; 0
45; 1.0000; 0.0000; 0.0000; 0.0000; 0.0643; 0.0518; 0.0021; 0.1497; 100700.39; 290.59; 20548.04; 100700.39; 290.59; 20548.04; 0.0000; 0.0000; 0.0000; 1.0000; 0.0000; 0.0000; 0.00; 0.00; 0.00; 0.00; 0.00; 0.00; 0.00; 0.00; 0.00; 0
46; 1.0000; 0.0000; 0.0000; 0.0000; 0.0643; 0.0551; 0.0021; 0.1490; 100952.04; 289.09; 20442.03; 100952.04; 289.09; 20442.03; 0.0000; 0.0000; 0.0000; 1.0000; 0.0000; 0.0000; 0.00; 0.00; 0.00; 0.00; 0.00; 0.00; 0.00; 0.00; 0.00; 0
47; 1.0000; 0.0000; 0.0000; 0.0000; 0.0643; 0.0533; 0.0021; 0.1496; 100820.33; 289.17; 20447.37; 100820.33; 289.17; 20447.37; 0.0000; 0.0000; 0.0000; 1.0000; 0.0000; 0.0000; 0.00; 0.00; 0.00; 0.00; 0.00; 0.00; 0.00; 0.00; 0.00; 0
48; 1.0000; 0.0000; 0.0000; 0.0000; 0.0643; 0.0549; 0.0021; 0.1469; 100748.83; 286.54; 20261.55; 100748.83; 286.54; 20261.55; 0.0000; 0.0000; 0.0000; 1.0000; 0.0000; 0.0000; 0.00; 0.00; 0.00; 0.00; 0.00; 0.00; 0.00; 0.00; 0.00; 0
49; 1.0000; 0.0000; 0.0000; 0.0000; 0.0643; 0.0536; 0.0021; 0.1504; 100780.23; 284.24; 20099.09; 100780.23; 284.24; 20099.09; 0.0000; 0.0000; 0.0000; 1.0000; 0.0000; 0.0000; 0.00; 0.00; 0.00; 0.00; 0.00; 0.00; 0.00; 0.00; 0.00; 0
50; 1.0000; 0.0000; 0.0000; 0.0000; 0.0643; 0.0551; 0.0021; 0.1476; 101090.05; 281.61; 19912.90; 101090.05; 281.61; 19912.90; 0.0000; 0.0000; 0.0000; 1.0000; 0.0000; 0.0000; 0.00; 0.00; 0.00; 0.00; 0.00; 0.00; 0.00; 0.00; 0.00; 0
51; 1.0000; 0.0000; 0.0000; 0.0000; 0.0643; 0.0544; 0.0021; 0.1506; 101186.03; 283.28; 20030.72; 101186.03; 283.28; 20030.72; 0.0000; 0.0000; 0.0000; 1.0000; 0.0000; 0.0000; 0.00; 0.00; 0.00; 0.00; 0.00; 0.00; 0.00; 0.00; 0.00; 0
52; 1.0000; 0.0000; 0.0000; 0.0000; 0.0643; 0.0508; 0.0021; 0.1489; 100950.26; 282.97; 20009.30; 100950.26; 282.97; 20009.30; 0.0000; 0.0000; 0.0000; 1.0000; 0.0000; 0.0000; 0.00; 0.00; 0.00; 0.00; 0.00; 0.00; 0.00; 0.00; 0.00; 0
53; 1.0000; 0.0000; 0.0000; 0.0000; 0.0643; 0.0510; 0.0021; 0.1508; 100914.65; 285.26; 20170.92; 100914.65; 285.26; 20170.92; 0.0000; 0.0000; 0.0000; 1.0000; 0.0000; 0.0000; 0.00; 0.00; 0.00; 0.00; 0.00; 0.00; 0.00; 0.00; 0.00; 0
54; 1.0000; 0.0000; 0.0000; 0.0000; 0.0643; 0.0532; 0.0021; 0.1488; 100915.59; 284.70; 20131.45; 100915.59; 284.70; 20131.45; 0.0000; 0.0000; 0.0000; 1.0000; 0.0000; 0.0000; 0.00; 0.00; 0.00; 0.00; 0.00; 0.00; 0.00; 0.00; 0.00; 0
55; 1.0000; 0.0000; 0.0000; 0.0000; 0.0643; 0.0532; 0.0021; 0.1489; 101000.93; 283.16; 20022.26; 101000.93; 283.16; 20022.26; 0.0000; 0.0000; 0.0000; 1.0000; 0.0000; 0.0000; 0.00; 0.00; 0.00; 0.00; 0.00; 0.00; 0.00; 0.00; 0.00; 0
56; 1.0000; 0.0000; 0.0000; 0.0000; 0.0643; 0.0485; 0.0021; 0.1512; 100658.10; 286.48; 20257.09; 100658.10; 286.48; 20257.09; 0.0000; 0.0000; 0.0000; 1.0000; 0.0000; 0.0000; 0.00; 0.00; 0.00; 0.00; 0.00; 0.00; 0.00; 0.00; 0.00; 0
57; 1.0000; 0.0000; 0.0000; 0.0000; 0.0643; 0.0523; 0.0021; 0.1496; 100655.32; 283.25; 20029.08; 100655.32; 283.25; 20029.08; 0.0000; 0.0000; 0.0000; 1.0000; 0.0000; 0.0000; 0.00; 0.00; 0.00; 0.00; 0.00; 0.00; 0.00; 0.00; 0.00; 0
58; 1.0000; 0.0000; 0.0000; 0.0000; 0.0643; 0.0547; 0.0021; 0.1495; 100814.78; 283.88; 20073.30; 100814.78; 283.88; 20073.30; 0.0000; 0.0000; 0.0000; 1.0000; 0.0000; 0.0000; 0.00; 0.00; 0.00; 0.00; 0.00; 0.00; 0.00; 0.00; 0.00; 0
59; 1.0000; 0.0000; 0.0000; 0.0000; 0.0643; 0.0503; 0.0021; 0.1497; 100752.35; 286.24; 20240.47; 100752.35; 286.24; 20240.47; 0.0000; 0.0000; 0.0000; 1.0000; 0.0000; 0.0000; 0.00; 0.00; 0.00; 0.00; 0.00; 0.00; 0.00; 0.00; 0.00; 0
60; 1.0000; 0.0000; 0.0000; 0.0000; 0.0643; 0.0504; 0.0021; 0.1505; 100720.66; 287.51; 20329.91; 100720.66; 287.51; 20329.91; 0.0000; 0.0000; 0.0000; 1.0000; 0.0000; 0.0000; 0.00; 0.00; 0.00; 0.00; 0.00; 0.00; 0.00; 0.00; 0.00; 0
61; 1.0000; 0.0000; 0.0000; 0.0000; 0.0643; 0.0530; 0.0021; 0.1506; 100681.82; 286.71; 20273.59; 100681.82; 286.71; 20273.59; 0.0000; 0.0000; 0.0000; 1.0000; 0.0000; 0.0000; 0.00; 0.00; 0.00; 0.00; 0.00; 0.00; 0.00; 0.00; 0.00; 0
62; 1.0000; 0.0000; 0.0000; 0.0000; 0.0643; 0.0536; 0.0021; 0.1484; 100676.63; 286.96; 20291.09; 100676.63; 286.96; 20291.09; 0.0000; 0.0000; 0.0000; 1.0000; 0.0000; 0.0000; 0.00; 0.00; 0.00; 0.00; 0.00; 0.00; 0.00; 0.00; 0.00; 0
63; 1.0000; 0.0000; 0.0000; 0.0000; 0.0643; 0.0551; 0.0021; 0.1502; 100999.94; 286.64; 20268.37; 100999.94; 286.64; 20268.37; 0.0000; 0.0000; 0.0000; 1.0000; 0.0000; 0.0000; 0.00; 0.00; 0.00; 0.00; 0.00; 0.00; 0.00; 0.00; 0.00; 0
64; 1.0000; 0.0000; 0.0000; 0.0000; 0.0643; 0.0535; 0.0021; 0.1483; 100998.46; 285.89; 20215.18; 100998.46; 285.89; 20215.18; 0.0000; 0.0000; 0.0000; 1.0000; 0.0000; 0.0000; 0.00; 0.00; 0.00; 0.00; 0.00; 0.00; 0.00; 0.00; 0.00; 0
65; 1.0000; 0.0000; 0.0000; 0.0000; 0.0643; 0.0520; 0.0022; 0.1525; 100786.15; 285.15; 20163.30; 100786.15; 285.15; 20163.30; 0.0000; 0.0000; 0.0000; 1.0000; 0.0000; 0.0000; 0.00; 0.00; 0.00; 0.00; 0.00; 0.00; 0.00; 0.00; 0.00; 0
66; 1.0000; 0.0000; 0.0000; 0.0000; 0.0643; 0.0545; 0.0021; 0.1507; 100827.93; 287.47; 20327.31; 100827.93; 287.47; 20327.31; 0.0000; 0.0000; 0.0000; 1.0000; 0.0000; 0.0000; 0.00; 0.00; 0.00; 0.00; 0.00; 0.00; 0.00; 0.00; 0.00; 0
67; 1.0000; 0.0000; 0.0000; 0.0000; 0.0643; 0.0549; 0.0021; 0.1474; 101020.45; 287.18; 20306.93; 101020.45; 287.18; 20306.93; 0.0000; 0.0000; 0.0000; 1.0000; 0.0000; 0.0000; 0.00; 0.00; 0.00; 0.00; 0.00; 0.00; 0.00; 0.00; 0.00; 0
68; 1.0000; 0.0000; 0.0000; 0.0000; 0.0643; 0.0516; 0.0021; 0.1487; 101035.56; 285.44; 20183.34; 101035.56; 285.44; 20183.34; 0.0000; 0.0000; 0.0000; 1.0000; 0.0000; 0.0000; 0.00; 0.00; 0.00; 0.00; 0.00; 0.00; 0.00; 0.00; 0.00; 0
69; 1.0000; 0.0000; 0.0000; 0.0000; 0.0643; 0.0531; 0.0022; 0.1522; 100899.23; 285.61; 20195.46; 100899.23; 285.61; 20195.46; 0.0000; 0.0000; 0.0000; 1.0000; 0.0000; 0.0000; 0.00; 0.00; 0.00; 0.00; 0.00; 0.00; 0.00; 0.00; 0.00; 0
70; 1.0000; 0.0000; 0.0000; 0.0000; 0.0643; 0.0494; 0.0021; 0.1496; 100689.92; 289.38; 20462.38; 100689.92; 289.38; 20462.38; 0.0000; 0.0000; 0.0000; 1.0000; 0.0000; 0.0000; 0.00; 0.00; 0.00; 0.00; 0.00; 0.00; 0.00; 0.00; 0.00; 0
71; 1.0000; 0.0000; 0.0000; 0.0000; 0.0643; 0.0548; 0.0021; 0.1483; 100896.24; 289.67; 20482.92; 100896.24; 289.67; 20482.92; 0.0000; 0.0000; 0.0000; 1.0000; 0.0000; 0.0000; 0.00; 0.00; 0.00; 0.00; 0.00; 0.00; 0.00; 0.00; 0.00; 0
72; 1.0000; 0.0000; 0.0000; 0.0000; 0.0643; 0.0506; 0.0021; 0.1484; 100785.42; 287.32; 20316.52; 100785.42; 287.32; 20316.52; 0.0000; 0.0000; 0.0000; 1.0000; 0.0000; 0.0000; 0.00; 0.00; 0.00; 0.00; 0.00; 0.00; 0.00; 0.00; 0.00; 0
73; 1.0000; 0.0000; 0.0000; 0.0000; 0.0643; 0.0525; 0.0021; 0.1490; 100736.06; 285.96; 20220.76; 100736.06; 285.96; 20220.76; 0.0000; 0.0000; 0.0000; 1.0000; 0.0000; 0.0000; 0.00; 0.00; 0.00; 0.00; 0.00; 0.00; 0.00; 0.00; 0.00; 0
74; 1.0000; 0.0000; 0.0000; 0.0000; 0.0643; 0.0555; 0.0021; 0.1484; 100892.64; 285.66; 20199.30; 100892.64; 285.66; 20199.30; 0.0000; 0.0000; 0.0000; 1.0000; 0.0000; 0.0000; 0.00; 0.00; 0.00; 0.00; 0.00; 0.00; 0.00; 0.00; 0.00; 0
75; 1.0000; 0.0000; 0.0000; 0.0000; 0.0643; 0.0539; 0.0021; 0.1501; 100771.53; 286.92; 20288.52; 100771.53; 286.92; 20288.52; 0.0000; 0.0000; 0.0000; 1.0000; 0.0000; 0.0000; 0.00; 0.00; 0.00; 0.00; 0.00; 0.00; 0.00; 0.00; 0.00; 0
76; 1.0000; 0.0000; 0.0000; 0.0000; 0.0643; 0.0534; 0.0021; 0.1492; 100786.06; 287.01; 20294.85; 100786.06; 287.01; 20294.85; 0.0000; 0.0000; 0.0000; 1.0000; 0.0000; 0.0000; 0.00; 0.00; 0.00; 0.00; 0.00; 0.00; 0.00; 0.00; 0.00; 0
77; 1.0000; 0.0000; 0.0000; 0.0000; 0.0643; 0.0613; 0.0021; 0.1472; 101182.65; 281.86; 19930.49; 101182.65; 281.86; 19930.49; 0.0000; 0.0000; 0.0000; 1.0000; 0.0000; 0.0000; 0.00; 0.00; 0.00; 0.00; 0.00; 0.00; 0.00; 0.00; 0.00; 0
78; 1.0000; 0.0000; 0.0000; 0.0000; 0.0643; 0.0532; 0.0021; 0.1499; 101114.35; 283.71; 20061.41; 101114.35; 283.71; 20061.41; 0.0000; 0.0000; 0.0000; 1.0000; 0.0000; 0.0000; 0.00; 0.00; 0.00; 0.00; 0.00; 0.00; 0.00; 0.00; 0.00; 0
79; 1.0000; 0.0000; 0.0000; 0.0000; 0.0643; 0.0522; 0.0021; 0.1502; 101029.64; 285.65; 20198.50; 101029.64; 285.65; 20198.50; 0.0000; 0.0000; 0.0000; 1.0000; 0.0000; 0.0000; 0.00; 0.00; 0.00; 0.00; 0.00; 0.00; 0.00; 0.00; 0.00; 0
80; 1.0000; 0.0000; 0.0000; 0.0000; 0.0643; 0.0540; 0.0021; 0.1487; 101178.46; 285.61; 20195.91; 101178.46; 285.61; 20195.91; 0.0000; 0.0000; 0.0000; 1.0000; 0.0000; 0.0000; 0.00; 0.00; 0.00; 0.00; 0.00; 0.00; 0.00; 0.00; 0.00; 0
81; 1.0000; 0.0000; 0.0000; 0.0000; 0.0643; 0.0512; 0.0021; 0.1500; 100965.34; 286.75; 20276.42; 100965.34; 286.75; 20276.42; 0.0000; 0.0000; 0.0000; 1.0000; 0.0000; 0.0000; 0.00; 0.00; 0.00; 0.00; 0.00; 0.00; 0.00; 0.00; 0.00; 0
82; 1.0000; 0.0000; 0.0000; 0.0000; 0.0643; 0.0550; 0.0021; 0.1493; 101025.76; 284.40; 20110.04; 101025.76; 284.40; 20110.04; 0.0000; 0.0000; 0.0000; 1.0000; 0.0000; 0.0000; 0.00; 0.00; 0.00; 0.00; 0.00; 0.00; 0.00; 0.00; 0.00; 0
83; 1.0000; 0.0000; 0.0000; 0.0000; 0.0643; 0.0511; 0.0021; 0.1481; 101041.60; 286.72; 20274.01; 101041.60; 286.72; 20274.01; 0.0000; 0.0000; 0.0000; 1.0000; 0.0000; 0.0000; 0.00; 0.00; 0.00; 0.00; 0.00; 0.00; 0.00; 0.00; 0.00; 0
84; 1.0000; 0.0000; 0.0000; 0.0000; 0.0643; 0.0531; 0.0021; 0.1484; 101061.46; 284.08; 20087.56; 101061.46; 284.08; 20087.56; 0.0000; 0.0000; 0.0000; 1.0000; 0.0000; 0.0000; 0.00; 0.00; 0.00; 0.00; 0.00; 0.00; 0.00; 0.00; 0.00; 0
85; 1.0000; 0.0000; 0.0000; 0.0000; 0.0643; 0.0558; 0.0021; 0.1501; 101269.82; 286.75; 20276.34; 101269.82; 286.75; 20276.34; 0.0000; 0.0000; 0.0000; 1.0000; 0.0000; 0.0000; 0.00; 0.00; 0.00; 0.00; 0.00; 0.00; 0.00; 0.00; 0.00; 0
86; 1.0000; 0.0000; 0.0000; 0.0000; 0.0643; 0.0523; 0.0022; 0.1527; 101013.65; 286.59; 20264.79; 101013.65; 286.59; 20264.79; 0.0000; 0.0000; 0.0000; 1.0000; 0.0000; 0.0000; 0.00; 0.00; 0.00; 0.00; 0.00; 0.00; 0.00; 0.00; 0.00; 0
87; 1.0000; 0.0000; 0.0000; 0.0000; 0.0643; 0.0533; 0.0022; 0.1532; 100858.89; 285.06; 20156.53; 100858.89; 285.06; 20156.53; 0.0000; 0.0000; 0.0000; 1.0000; 0.0000; 0.0000; 0.00; 0.00; 0.00; 0.00; 0.00; 0.00; 0.00; 0.00; 0.00; 0
88; 1.0000; 0.0000; 0.0000; 0.0000; 0.0643; 0.0532; 0.0021; 0.1500; 101017.26; 285.84; 20211.92; 101017.26; 285.84; 20211.92; 0.0000; 0.0000; 0.0000; 1.0000; 0.0000; 0.0000; 0.00; 0.00; 0.00; 0.00; 0.00; 0.00; 0.00; 0.00; 0.00; 0
89; 1.0000; 0.0000; 0.0000; 0.0000; 0.0643; 0.0540; 0.0021; 0.1488; 100971.08; 283.02; 20012.38; 100971.08; 283.02; 20012.38; 0.0000; 0.0000; 0.0000; 1.0000; 0.0000; 0.0000; 0.00; 0.00; 0.00; 0.00; 0.00; 0.00; 0.00; 0.00; 0.00; 0
90; 1.0000; 0.0000; 0.0000; 0.0000; 0.0643; 0.0500; 0.0021; 0.1514; 100801.95; 286.01; 20224.21; 100801.95; 286.01; 20224.21; 0.0000; 0.0000; 0.0000; 1.0000; 0.0000; 0.0000; 0.00; 0.00; 0.00; 0.00; 0.00; 0.00; 0.00; 0.00; 0.00; 0
91; 1.0000; 0.0000; 0.0000; 0.0000; 0.0643; 0.0499; 0.0021; 0.1503; 100834.96; 287.55; 20332.97; 100834.96; 287.55; 20332.97; 0.0000; 0.0000; 0.0000; 1.0000; 0.0000; 0.0000; 0.00; 0.00; 0.00; 0.00; 0.00; 0.00; 0.00; 0.00; 0.00; 0
92; 1.0000; 0.0000; 0.0000; 0.0000; 0.0643; 0.0544; 0.0021; 0.1464; 100959.08; 286.70; 20272.92; 100959.08; 286.70; 20272.92; 0.0000; 0.0000; 0.0000; 1.0000; 0.0000; 0.0000; 0.00; 0.00; 0.00; 0.00; 0.00; 0.00; 0.00; 0.00; 0.00; 0
93; 1.0000; 0.0000; 0.0000; 0.0000; 0.0643; 0.0514; 0.0021; 0.1512; 100829.91; 288.41; 20393.36; 100829.91; 288.41; 20393.36; 0.0000; 0.0000; 0.0000; 1.0000; 0.0000; 0.0000; 0.00; 0.00; 0.00; 0.00; 0.00; 0.00; 0.00; 0.00; 0.00; 0
94; 1.0000; 0.0000; 0.0000; 0.0000; 0.0643; 0.0525; 0.0022; 0.1520; 100660.79; 287.86; 20354.52; 100660.79; 287.86; 20354.52; 0.0000; 0.0000; 0.0000; 1.0000; 0.0000; 0.0000; 0.00; 0.00; 0.00; 0.00; 0.00; 0.00; 0.00; 0.00; 0.00; 0
95; 1.0000; 0.0000; 0.0000; 0.0000; 0.0643; 0.0506; 0.0021; 0.1512; 100459.53; 288.15; 20375.01; 100459.53; 288.15; 20375.01; 0.0000; 0.0000; 0.0000; 1.0000; 0.0000; 0.0000; 0.00; 0.00; 0.00; 0.00; 0.00; 0.00; 0.00; 0.00; 0.00; 0
96; 1.0000; 0.0000; 0.0000; 0.0000; 0.0643; 0.0506; 0.0021; 0.1503; 100464.67; 289.75; 20488.57; 100464.67; 289.75; 20488.57; 0.0000; 0.0000; 0.0000; 1.0000; 0.0000; 0.0000; 0.00; 0.00; 0.00; 0.00; 0.00; 0.00; 0.00; 0.00; 0.00; 0
97; 1.0000; 0.0000; 0.0000; 0.0000; 0.0643; 0.0510; 0.0021; 0.1487; 100304.85; 289.34; 20459.40; 100304.85; 289.34; 20459.40; 0.0000; 0.0000; 0.0000; 1.0000; 0.0000; 0.0000; 0.00; 0.00; 0.00; 0.00; 0.00; 0.00; 0.00; 0.00; 0.00; 0
98; 1.0000; 0.0000; 0.0000; 0.0000; 0.0643; 0.0552; 0.0021; 0.1488; 100686.90; 289.61; 20478.19; 100686.90; 289.61; 20478.19; 0.0000; 0.0000; 0.0000; 1.0000; 0.0000; 0.0000; 0.00; 0.00; 0.00; 0.00; 0.00; 0.00; 0.00; 0.00; 0.00; 0
99; 1.0000; 0.0000; 0.0000; 0.0000; 0.0643; 0.0557; 0.0021; 0.1503; 100776.13; 290.73; 20557.56; 100776.13; 290.73; 20557.56; 0.0000; 0.0000; 0.0000; 1.0000; 0.0000; 0.0000; 0.00; 0.00; 0.00; 0.00; 0.00; 0.00; 0.00; 0.00; 0.00; 0
100; 1.0000; 0.0000; 0.0000; 0.0000; 0.0643; 0.0511; 0.0021; 0.1499; 100708.53; 292.74; 20699.87; 100708.53; 292.74; 20699.87; 0.0000; 0.0000; 0.0000; 1.0000; 0.0000; 0.0000; 0.00; 0.00; 0.00; 0.00; 0.00; 0.00; 0.00; 0.00; 0.00; 0
