    Year (Census)
    Proportion of populations extant, SE
    Proportion of populations going extinct for the first time in year, SE
    Deterministic growth, Stochastic growth, SE, SD
    Mean population size (across extant populations), SE, SD
    Mean population size (across all populations), SE, SD
    Population-based model: No genetic data (12 skipped fields)



    Mean time to extinction, SE, SD
    Median time to extinction
Year;PExtant;SE(PExtant);PExtinct;SE(PExtinct);det-r;stoch-r;SE(r);SD(r);N-extant;SE(N-extant);SD(N-extant);N-all;SE(N-all);SD(N-all);GeneDiv;SE(GD);SD(GD);Inbreed;SE(Inbr);SD(Inbr);nAlleles;SE(nAlleles);SD(nAlleles);nLethals;SE(nLethals);SD(nLethals);TE;SE(TE);SD(TE);medianTE
Default Scenario
Population 1: Population1
0; 1.0000; 0.0000; 0.0000; 0.0000; -0.0479;      0;      0;      0; 698407.00; 0.00; 0.00; 698407.00; 0.00; 0.00; 0.0000; 0.0000; 0.0000; 1.0000; 0.0000; 0.0000; 0.00; 0.00; 0.00; 0.00; 0.00; 0.00; 0.00; 0.00; 0.00; 0
1; 1.0000; 0.0000; 0.0000; 0.0000; -0.0479; -0.0634; 0.0024; 0.1695; 623082.59; 1071.54; 75769.64; 623082.59; 1071.54; 75769.64; 0.0000; 0.0000; 0.0000; 1.0000; 0.0000; 0.0000; 0.00; 0.00; 0.00; 0.00; 0.00; 0.00; 0.00; 0.00; 0.00; 0
2; 1.0000; 0.0000; 0.0000; 0.0000; -0.0479; -0.0657; 0.0024; 0.1679; 569099.00; 1355.90; 95876.73; 569099.00; 1355.90; 95876.73; 0.0000; 0.0000; 0.0000; 1.0000; 0.0000; 0.0000; 0.00; 0.00; 0.00; 0.00; 0.00; 0.00; 0.00; 0.00; 0.00; 0
3; 1.0000; 0.0000; 0.0000; 0.0000; -0.0479; -0.0706; 0.0024; 0.1714; 525003.39; 1543.61; 109149.39; 525003.39; 1543.61; 109149.39; 0.0000; 0.0000; 0.0000; 1.0000; 0.0000; 0.0000; 0.00; 0.00; 0.00; 0.00; 0.00; 0.00; 0.00; 0.00; 0.00; 0
4; 1.0000; 0.0000; 0.0000; 0.0000; -0.0479; -0.0720; 0.0024; 0.1693; 487515.25; 1694.42; 119813.41; 487515.25; 1694.42; 119813.41; 0.0000; 0.0000; 0.0000; 1.0000; 0.0000; 0.0000; 0.00; 0.00; 0.00; 0.00; 0.00; 0.00; 0.00; 0.00; 0.00; 0
5; 1.0000; 0.0000; 0.0000; 0.0000; -0.0479; -0.0753; 0.0024; 0.1728; 453054.64; 1822.20; 128848.94; 453054.64; 1822.20; 128848.94; 0.0000; 0.0000; 0.0000; 1.0000; 0.0000; 0.0000; 0.00; 0.00; 0.00; 0.00; 0.00; 0.00; 0.00; 0.00; 0.00; 0
6; 1.0000; 0.0000; 0.0000; 0.0000; -0.0479; -0.0794; 0.0024; 0.1731; 420292.07; 1890.19; 133656.43; 420292.07; 1890.19; 133656.43; 0.0000; 0.0000; 0.0000; 1.0000; 0.0000; 0.0000; 0.00; 0.00; 0.00; 0.00; 0.00; 0.00; 0.00; 0.00; 0.00; 0
7; 1.0000; 0.0000; 0.0000; 0.0000; -0.0479; -0.0801; 0.0024; 0.1729; 390488.44; 1932.76; 136666.47; 390488.44; 1932.76; 136666.47; 0.0000; 0.0000; 0.0000; 1.0000; 0.0000; 0.0000; 0.00; 0.00; 0.00; 0.00; 0.00; 0.00; 0.00; 0.00; 0.00; 0
8; 1.0000; 0.0000; 0.0000; 0.0000; -0.0479; -0.0793; 0.0024; 0.1709; 364622.62; 1989.92; 140708.72; 364622.62; 1989.92; 140708.72; 0.0000; 0.0000; 0.0000; 1.0000; 0.0000; 0.0000; 0.00; 0.00; 0.00; 0.00; 0.00; 0.00; 0.00; 0.00; 0.00; 0
9; 1.0000; 0.0000; 0.0000; 0.0000; -0.0479; -0.0802; 0.0024; 0.1706; 340476.70; 2019.22; 142780.73; 340476.70; 2019.22; 142780.73; 0.0000; 0.0000; 0.0000; 1.0000; 0.0000; 0.0000; 0.00; 0.00; 0.00; 0.00; 0.00; 0.00; 0.00; 0.00; 0.00; 0
10; 1.0000; 0.0000; 0.0000; 0.0000; -0.0479; -0.0829; 0.0024; 0.1721; 317561.68; 2024.66; 143164.85; 317561.68; 2024.66; 143164.85; 0.0000; 0.0000; 0.0000; 1.0000; 0.0000; 0.0000; 0.00; 0.00; 0.00; 0.00; 0.00; 0.00; 0.00; 0.00; 0.00; 0
11; 1.0000; 0.0000; 0.0000; 0.0000; -0.0479; -0.0869; 0.0025; 0.1746; 295309.77; 2014.95; 142478.62; 295309.77; 2014.95; 142478.62; 0.0000; 0.0000; 0.0000; 1.0000; 0.0000; 0.0000; 0.00; 0.00; 0.00; 0.00; 0.00; 0.00; 0.00; 0.00; 0.00; 0
12; 1.0000; 0.0000; 0.0000; 0.0000; -0.0479; -0.0881; 0.0025; 0.1764; 276021.98; 2037.27; 144057.06; 276021.98; 2037.27; 144057.06; 0.0000; 0.0000; 0.0000; 1.0000; 0.0000; 0.0000; 0.00; 0.00; 0.00; 0.00; 0.00; 0.00; 0.00; 0.00; 0.00; 0
13; 1.0000; 0.0000; 0.0000; 0.0000; -0.0479; -0.0937; 0.0025; 0.1771; 256693.99; 2026.79; 143315.92; 256693.99; 2026.79; 143315.92; 0.0000; 0.0000; 0.0000; 1.0000; 0.0000; 0.0000; 0.00; 0.00; 0.00; 0.00; 0.00; 0.00; 0.00; 0.00; 0.00; 0
14; 0.9998; 0.0002; 0.0002; 0.0002; -0.0479; -0.0955; 0.0026; 0.1820; 239419.24; 2013.72; 142377.47; 239371.36; 2013.89; 142403.49; 0.0000; 0.0000; 0.0000; 1.0000; 0.0000; 0.0000; 0.00; 0.00; 0.00; 0.00; 0.00; 0.00; 14.00; 0.00; 0.00; 0
15; 0.9990; 0.0004; 0.0008; 0.0004; -0.0479; -0.1048; 0.0026; 0.1846; 221939.50; 1983.38; 140175.83; 221717.56; 1983.88; 140281.25; 0.0000; 0.0000; 0.0000; 1.0000; 0.0000; 0.0000; 0.00; 0.00; 0.00; 0.00; 0.00; 0.00; 14.80; 0.20; 0.45; 0
16; 0.9978; 0.0007; 0.0012; 0.0005; -0.0479; -0.1124; 0.0028; 0.1955; 205266.32; 1947.58; 137562.86; 204814.74; 1948.05; 137747.64; 0.0000; 0.0000; 0.0000; 1.0000; 0.0000; 0.0000; 0.00; 0.00; 0.00; 0.00; 0.00; 0.00; 15.45; 0.21; 0.69; 0
17; 0.9954; 0.0010; 0.0024; 0.0007; -0.0479; -0.1204; 0.0033; 0.2301; 190620.75; 1922.64; 135637.98; 189743.90; 1922.47; 135939.05; 0.0000; 0.0000; 0.0000; 1.0000; 0.0000; 0.0000; 0.00; 0.00; 0.00; 0.00; 0.00; 0.00; 16.26; 0.19; 0.92; 0
18; 0.9954; 0.0010; 0.0000; 0.0000; -0.0479; -0.0607; 0.0024; 0.1674; 181217.38; 1887.31; 133145.66; 180383.78; 1886.62; 133403.90; 0.0000; 0.0000; 0.0000; 1.0000; 0.0000; 0.0000; 0.00; 0.00; 0.00; 0.00; 0.00; 0.00; 16.26; 0.19; 0.92; 0
19; 0.9954; 0.0010; 0.0000; 0.0000; -0.0479; -0.0591; 0.0024; 0.1714; 172688.76; 1849.23; 130459.37; 171894.40; 1848.13; 130682.50; 0.0000; 0.0000; 0.0000; 1.0000; 0.0000; 0.0000; 0.00; 0.00; 0.00; 0.00; 0.00; 0.00; 16.26; 0.19; 0.92; 0
20; 0.9954; 0.0010; 0.0000; 0.0000; -0.0479; -0.0627; 0.0024; 0.1671; 164248.91; 1810.58; 127732.49; 163493.37; 1809.09; 127922.14; 0.0000; 0.0000; 0.0000; 1.0000; 0.0000; 0.0000; 0.00; 0.00; 0.00; 0.00; 0.00; 0.00; 16.26; 0.19; 0.92; 0
21; 0.9954; 0.0010; 0.0000; 0.0000; -0.0479; -0.0610; 0.0024; 0.1673; 156696.01; 1777.81; 125420.66; 155975.21; 1775.97; 125580.33; 0.0000; 0.0000; 0.0000; 1.0000; 0.0000; 0.0000; 0.00; 0.00; 0.00; 0.00; 0.00; 0.00; 16.26; 0.19; 0.92; 0
22; 0.9954; 0.0010; 0.0000; 0.0000; -0.0479; -0.0659; 0.0024; 0.1703; 148501.98; 1724.67; 121671.50; 147818.87; 1722.60; 121806.56; 0.0000; 0.0000; 0.0000; 1.0000; 0.0000; 0.0000; 0.00; 0.00; 0.00; 0.00; 0.00; 0.00; 16.26; 0.19; 0.92; 0
23; 0.9954; 0.0010; 0.0000; 0.0000; -0.0479; -0.0582; 0.0024; 0.1665; 142097.35; 1694.39; 119535.88; 141443.70; 1692.07; 119647.64; 0.0000; 0.0000; 0.0000; 1.0000; 0.0000; 0.0000; 0.00; 0.00; 0.00; 0.00; 0.00; 0.00; 16.26; 0.19; 0.92; 0
24; 0.9954; 0.0010; 0.0000; 0.0000; -0.0479; -0.0583; 0.0023; 0.1647; 135837.65; 1662.64; 117295.61; 135212.79; 1660.09; 117385.97; 0.0000; 0.0000; 0.0000; 1.0000; 0.0000; 0.0000; 0.00; 0.00; 0.00; 0.00; 0.00; 0.00; 16.26; 0.19; 0.92; 0
25; 0.9954; 0.0010; 0.0000; 0.0000; -0.0479; -0.0580; 0.0024; 0.1679; 129915.30; 1621.09; 114364.50; 129317.69; 1618.42; 114439.32; 0.0000; 0.0000; 0.0000; 1.0000; 0.0000; 0.0000; 0.00; 0.00; 0.00; 0.00; 0.00; 0.00; 16.26; 0.19; 0.92; 0
26; 0.9954; 0.0010; 0.0000; 0.0000; -0.0479; -0.0604; 0.0024; 0.1699; 123644.43; 1574.08; 111048.11; 123075.66; 1571.30; 111107.88; 0.0000; 0.0000; 0.0000; 1.0000; 0.0000; 0.0000; 0.00; 0.00; 0.00; 0.00; 0.00; 0.00; 16.26; 0.19; 0.92; 0
27; 0.9954; 0.0010; 0.0000; 0.0000; -0.0479; -0.0609; 0.0024; 0.1666; 117825.28; 1538.43; 108533.14; 117283.29; 1535.50; 108576.36; 0.0000; 0.0000; 0.0000; 1.0000; 0.0000; 0.0000; 0.00; 0.00; 0.00; 0.00; 0.00; 0.00; 16.26; 0.19; 0.92; 0
28; 0.9954; 0.0010; 0.0000; 0.0000; -0.0479; -0.0598; 0.0024; 0.1684; 112279.33; 1495.85; 105529.34; 111762.84; 1492.85; 105560.12; 0.0000; 0.0000; 0.0000; 1.0000; 0.0000; 0.0000; 0.00; 0.00; 0.00; 0.00; 0.00; 0.00; 16.26; 0.19; 0.92; 0
29; 0.9954; 0.0010; 0.0000; 0.0000; -0.0479; -0.0629; 0.0024; 0.1698; 107019.50; 1468.33; 103587.61; 106527.21; 1465.16; 103602.49; 0.0000; 0.0000; 0.0000; 1.0000; 0.0000; 0.0000; 0.00; 0.00; 0.00; 0.00; 0.00; 0.00; 16.26; 0.19; 0.92; 0
30; 0.9954; 0.0010; 0.0000; 0.0000; -0.0479; -0.0641; 0.0024; 0.1684; 101738.84; 1426.89; 100664.24; 101270.84; 1423.66; 100668.12; 0.0000; 0.0000; 0.0000; 1.0000; 0.0000; 0.0000; 0.00; 0.00; 0.00; 0.00; 0.00; 0.00; 16.26; 0.19; 0.92; 0
31; 0.9954; 0.0010; 0.0000; 0.0000; -0.0479; -0.0625; 0.0024; 0.1694; 96621.80; 1380.34; 97380.25; 96177.34; 1377.10; 97375.76; 0.0000; 0.0000; 0.0000; 1.0000; 0.0000; 0.0000; 0.00; 0.00; 0.00; 0.00; 0.00; 0.00; 16.26; 0.19; 0.92; 0
32; 0.9954; 0.0010; 0.0000; 0.0000; -0.0479; -0.0633; 0.0024; 0.1696; 91778.39; 1337.25; 94340.44; 91356.21; 1334.00; 94327.86; 0.0000; 0.0000; 0.0000; 1.0000; 0.0000; 0.0000; 0.00; 0.00; 0.00; 0.00; 0.00; 0.00; 16.26; 0.19; 0.92; 0
33; 0.9954; 0.0010; 0.0000; 0.0000; -0.0479; -0.0620; 0.0024; 0.1665; 87326.07; 1297.05; 91504.43; 86924.37; 1293.79; 91484.76; 0.0000; 0.0000; 0.0000; 1.0000; 0.0000; 0.0000; 0.00; 0.00; 0.00; 0.00; 0.00; 0.00; 16.26; 0.19; 0.92; 0
34; 0.9954; 0.0010; 0.0000; 0.0000; -0.0479; -0.0629; 0.0024; 0.1680; 83227.54; 1262.63; 89076.00; 82844.69; 1259.35; 89049.15; 0.0000; 0.0000; 0.0000; 1.0000; 0.0000; 0.0000; 0.00; 0.00; 0.00; 0.00; 0.00; 0.00; 16.26; 0.19; 0.92; 0
35; 0.9954; 0.0010; 0.0000; 0.0000; -0.0479; -0.0624; 0.0024; 0.1708; 78901.15; 1220.06; 86072.82; 78538.21; 1216.80; 86040.43; 0.0000; 0.0000; 0.0000; 1.0000; 0.0000; 0.0000; 0.00; 0.00; 0.00; 0.00; 0.00; 0.00; 16.26; 0.19; 0.92; 0
36; 0.9954; 0.0010; 0.0000; 0.0000; -0.0479; -0.0628; 0.0024; 0.1686; 75399.92; 1202.50; 84833.55; 75053.08; 1199.14; 84791.84; 0.0000; 0.0000; 0.0000; 1.0000; 0.0000; 0.0000; 0.00; 0.00; 0.00; 0.00; 0.00; 0.00; 16.26; 0.19; 0.92; 0
37; 0.9954; 0.0010; 0.0000; 0.0000; -0.0479; -0.0607; 0.0024; 0.1691; 72113.38; 1183.74; 83510.08; 71781.66; 1180.31; 83460.55; 0.0000; 0.0000; 0.0000; 1.0000; 0.0000; 0.0000; 0.00; 0.00; 0.00; 0.00; 0.00; 0.00; 16.26; 0.19; 0.92; 0
38; 0.9954; 0.0010; 0.0000; 0.0000; -0.0479; -0.0603; 0.0024; 0.1702; 68870.53; 1156.70; 81603.00; 68553.73; 1153.27; 81548.35; 0.0000; 0.0000; 0.0000; 1.0000; 0.0000; 0.0000; 0.00; 0.00; 0.00; 0.00; 0.00; 0.00; 16.26; 0.19; 0.92; 0
39; 0.9954; 0.0010; 0.0000; 0.0000; -0.0479; -0.0626; 0.0024; 0.1687; 65491.98; 1116.26; 78749.47; 65190.71; 1112.89; 78693.01; 0.0000; 0.0000; 0.0000; 1.0000; 0.0000; 0.0000; 0.00; 0.00; 0.00; 0.00; 0.00; 0.00; 16.26; 0.19; 0.92; 0
40; 0.9954; 0.0010; 0.0000; 0.0000; -0.0479; -0.0655; 0.0024; 0.1672; 62054.25; 1077.63; 76024.43; 61768.80; 1074.31; 75965.50; 0.0000; 0.0000; 0.0000; 1.0000; 0.0000; 0.0000; 0.00; 0.00; 0.00; 0.00; 0.00; 0.00; 16.26; 0.19; 0.92; 0
41; 0.9954; 0.0010; 0.0000; 0.0000; -0.0479; -0.0604; 0.0024; 0.1703; 59231.52; 1051.73; 74197.45; 58959.05; 1048.43; 74135.01; 0.0000; 0.0000; 0.0000; 1.0000; 0.0000; 0.0000; 0.00; 0.00; 0.00; 0.00; 0.00; 0.00; 16.26; 0.19; 0.92; 0
42; 0.9954; 0.0010; 0.0000; 0.0000; -0.0479; -0.0630; 0.0024; 0.1682; 56228.83; 1014.31; 71557.71; 55970.17; 1011.08; 71494.24; 0.0000; 0.0000; 0.0000; 1.0000; 0.0000; 0.0000; 0.00; 0.00; 0.00; 0.00; 0.00; 0.00; 16.26; 0.19; 0.92; 0
43; 0.9954; 0.0010; 0.0000; 0.0000; -0.0479; -0.0591; 0.0024; 0.1669; 53823.13; 980.09; 69143.23; 53575.55; 976.94; 69080.08; 0.0000; 0.0000; 0.0000; 1.0000; 0.0000; 0.0000; 0.00; 0.00; 0.00; 0.00; 0.00; 0.00; 16.26; 0.19; 0.92; 0
44; 0.9954; 0.0010; 0.0000; 0.0000; -0.0479; -0.0630; 0.0024; 0.1702; 51567.50; 977.65; 68970.76; 51330.29; 974.40; 68900.35; 0.0000; 0.0000; 0.0000; 1.0000; 0.0000; 0.0000; 0.00; 0.00; 0.00; 0.00; 0.00; 0.00; 16.26; 0.19; 0.92; 0
45; 0.9954; 0.0010; 0.0000; 0.0000; -0.0479; -0.0635; 0.0024; 0.1702; 49272.87; 958.47; 67618.30; 49046.22; 955.23; 67544.93; 0.0000; 0.0000; 0.0000; 1.0000; 0.0000; 0.0000; 0.00; 0.00; 0.00; 0.00; 0.00; 0.00; 16.26; 0.19; 0.92; 0
46; 0.9954; 0.0010; 0.0000; 0.0000; -0.0479; -0.0623; 0.0023; 0.1653; 46979.16; 928.78; 65523.49; 46763.06; 925.60; 65449.84; 0.0000; 0.0000; 0.0000; 1.0000; 0.0000; 0.0000; 0.00; 0.00; 0.00; 0.00; 0.00; 0.00; 16.26; 0.19; 0.92; 0
47; 0.9954; 0.0010; 0.0000; 0.0000; -0.0479; -0.0614; 0.0023; 0.1638; 44710.46; 895.19; 63153.86; 44504.80; 892.10; 63081.01; 0.0000; 0.0000; 0.0000; 1.0000; 0.0000; 0.0000; 0.00; 0.00; 0.00; 0.00; 0.00; 0.00; 16.26; 0.19; 0.92; 0
48; 0.9954; 0.0010; 0.0000; 0.0000; -0.0479; -0.0606; 0.0024; 0.1685; 42272.18; 845.65; 59658.81; 42077.72; 842.73; 59590.12; 0.0000; 0.0000; 0.0000; 1.0000; 0.0000; 0.0000; 0.00; 0.00; 0.00; 0.00; 0.00; 0.00; 16.26; 0.19; 0.92; 0
49; 0.9954; 0.0010; 0.0000; 0.0000; -0.0479; -0.0589; 0.0024; 0.1688; 40381.77; 826.65; 58318.06; 40196.01; 823.75; 58247.89; 0.0000; 0.0000; 0.0000; 1.0000; 0.0000; 0.0000; 0.00; 0.00; 0.00; 0.00; 0.00; 0.00; 16.26; 0.19; 0.92; 0
50; 0.9954; 0.0010; 0.0000; 0.0000; -0.0479; -0.0564; 0.0024; 0.1711; 38603.68; 807.14; 56941.88; 38426.11; 804.27; 56870.78; 0.0000; 0.0000; 0.0000; 1.0000; 0.0000; 0.0000; 0.00; 0.00; 0.00; 0.00; 0.00; 0.00; 16.26; 0.19; 0.92; 0
51; 0.9954; 0.0010; 0.0000; 0.0000; -0.0479; -0.0603; 0.0023; 0.1653; 36866.05; 780.00; 55027.55; 36696.47; 777.22; 54957.48; 0.0000; 0.0000; 0.0000; 1.0000; 0.0000; 0.0000; 0.00; 0.00; 0.00; 0.00; 0.00; 0.00; 16.26; 0.19; 0.92; 0
52; 0.9954; 0.0010; 0.0000; 0.0000; -0.0479; -0.0614; 0.0024; 0.1696; 35391.84; 770.82; 54380.04; 35229.04; 768.03; 54307.64; 0.0000; 0.0000; 0.0000; 1.0000; 0.0000; 0.0000; 0.00; 0.00; 0.00; 0.00; 0.00; 0.00; 16.26; 0.19; 0.92; 0
53; 0.9954; 0.0010; 0.0000; 0.0000; -0.0479; -0.0571; 0.0024; 0.1688; 33957.45; 749.08; 52845.89; 33801.25; 746.34; 52774.24; 0.0000; 0.0000; 0.0000; 1.0000; 0.0000; 0.0000; 0.00; 0.00; 0.00; 0.00; 0.00; 0.00; 16.26; 0.19; 0.92; 0
54; 0.9954; 0.0010; 0.0000; 0.0000; -0.0479; -0.0622; 0.0024; 0.1671; 32264.64; 719.91; 50788.39; 32116.23; 717.27; 50718.44; 0.0000; 0.0000; 0.0000; 1.0000; 0.0000; 0.0000; 0.00; 0.00; 0.00; 0.00; 0.00; 0.00; 16.26; 0.19; 0.92; 0
55; 0.9954; 0.0010; 0.0000; 0.0000; -0.0479; -0.0618; 0.0024; 0.1718; 30699.71; 693.73; 48941.27; 30558.49; 691.16; 48872.73; 0.0000; 0.0000; 0.0000; 1.0000; 0.0000; 0.0000; 0.00; 0.00; 0.00; 0.00; 0.00; 0.00; 16.26; 0.19; 0.92; 0
56; 0.9954; 0.0010; 0.0000; 0.0000; -0.0479; -0.0653; 0.0024; 0.1722; 29422.31; 691.91; 48813.06; 29286.97; 689.31; 48741.32; 0.0000; 0.0000; 0.0000; 1.0000; 0.0000; 0.0000; 0.00; 0.00; 0.00; 0.00; 0.00; 0.00; 16.26; 0.19; 0.92; 0
57; 0.9954; 0.0010; 0.0000; 0.0000; -0.0479; -0.0685; 0.0024; 0.1688; 27847.79; 655.58; 46249.58; 27719.69; 653.11; 46181.54; 0.0000; 0.0000; 0.0000; 1.0000; 0.0000; 0.0000; 0.00; 0.00; 0.00; 0.00; 0.00; 0.00; 16.26; 0.19; 0.92; 0
58; 0.9954; 0.0010; 0.0000; 0.0000; -0.0479; -0.0578; 0.0024; 0.1673; 26539.58; 634.56; 44766.75; 26417.50; 632.15; 44699.75; 0.0000; 0.0000; 0.0000; 1.0000; 0.0000; 0.0000; 0.00; 0.00; 0.00; 0.00; 0.00; 0.00; 16.26; 0.19; 0.92; 0
59; 0.9954; 0.0010; 0.0000; 0.0000; -0.0479; -0.0616; 0.0024; 0.1671; 25230.66; 605.04; 42684.56; 25114.60; 602.74; 42620.47; 0.0000; 0.0000; 0.0000; 1.0000; 0.0000; 0.0000; 0.00; 0.00; 0.00; 0.00; 0.00; 0.00; 16.26; 0.19; 0.92; 0
60; 0.9954; 0.0010; 0.0000; 0.0000; -0.0479; -0.0651; 0.0024; 0.1689; 24082.71; 599.25; 42275.97; 23971.93; 596.94; 42210.08; 0.0000; 0.0000; 0.0000; 1.0000; 0.0000; 0.0000; 0.00; 0.00; 0.00; 0.00; 0.00; 0.00; 16.26; 0.19; 0.92; 0
61; 0.9954; 0.0010; 0.0000; 0.0000; -0.0479; -0.0592; 0.0024; 0.1719; 22906.15; 572.35; 40377.81; 22800.78; 570.14; 40314.63; 0.0000; 0.0000; 0.0000; 1.0000; 0.0000; 0.0000; 0.00; 0.00; 0.00; 0.00; 0.00; 0.00; 16.26; 0.19; 0.92; 0
62; 0.9954; 0.0010; 0.0000; 0.0000; -0.0479; -0.0636; 0.0023; 0.1647; 21662.91; 539.49; 38060.08; 21563.26; 537.41; 38000.71; 0.0000; 0.0000; 0.0000; 1.0000; 0.0000; 0.0000; 0.00; 0.00; 0.00; 0.00; 0.00; 0.00; 16.26; 0.19; 0.92; 0
63; 0.9954; 0.0010; 0.0000; 0.0000; -0.0479; -0.0620; 0.0024; 0.1677; 20539.10; 512.60; 36162.69; 20444.62; 510.62; 36106.16; 0.0000; 0.0000; 0.0000; 1.0000; 0.0000; 0.0000; 0.00; 0.00; 0.00; 0.00; 0.00; 0.00; 16.26; 0.19; 0.92; 0
64; 0.9954; 0.0010; 0.0000; 0.0000; -0.0479; -0.0627; 0.0024; 0.1707; 19739.55; 509.56; 35948.11; 19648.75; 507.56; 35890.19; 0.0000; 0.0000; 0.0000; 1.0000; 0.0000; 0.0000; 0.00; 0.00; 0.00; 0.00; 0.00; 0.00; 16.26; 0.19; 0.92; 0
65; 0.9954; 0.0010; 0.0000; 0.0000; -0.0479; -0.0631; 0.0024; 0.1712; 18741.72; 496.37; 35017.67; 18655.51; 494.41; 34960.04; 0.0000; 0.0000; 0.0000; 1.0000; 0.0000; 0.0000; 0.00; 0.00; 0.00; 0.00; 0.00; 0.00; 16.26; 0.19; 0.92; 0
66; 0.9954; 0.0010; 0.0000; 0.0000; -0.0479; -0.0628; 0.0024; 0.1675; 17795.47; 479.16; 33803.89; 17713.62; 477.26; 33747.53; 0.0000; 0.0000; 0.0000; 1.0000; 0.0000; 0.0000; 0.00; 0.00; 0.00; 0.00; 0.00; 0.00; 16.26; 0.19; 0.92; 0
67; 0.9954; 0.0010; 0.0000; 0.0000; -0.0479; -0.0649; 0.0024; 0.1708; 17050.18; 478.90; 33785.21; 16971.75; 476.97; 33727.14; 0.0000; 0.0000; 0.0000; 1.0000; 0.0000; 0.0000; 0.00; 0.00; 0.00; 0.00; 0.00; 0.00; 16.26; 0.19; 0.92; 0
68; 0.9954; 0.0010; 0.0000; 0.0000; -0.0479; -0.0629; 0.0024; 0.1692; 16270.46; 461.74; 32574.49; 16195.61; 459.88; 32518.11; 0.0000; 0.0000; 0.0000; 1.0000; 0.0000; 0.0000; 0.00; 0.00; 0.00; 0.00; 0.00; 0.00; 16.26; 0.19; 0.92; 0
69; 0.9954; 0.0010; 0.0000; 0.0000; -0.0479; -0.0622; 0.0024; 0.1673; 15372.65; 436.45; 30790.44; 15301.94; 434.69; 30737.14; 0.0000; 0.0000; 0.0000; 1.0000; 0.0000; 0.0000; 0.00; 0.00; 0.00; 0.00; 0.00; 0.00; 16.26; 0.19; 0.92; 0
70; 0.9950; 0.0010; 0.0004; 0.0003; -0.0479; -0.0631; 0.0024; 0.1667; 14666.59; 427.90; 30181.60; 14593.26; 426.01; 30123.81; 0.0000; 0.0000; 0.0000; 1.0000; 0.0000; 0.0000; 0.00; 0.00; 0.00; 0.00; 0.00; 0.00; 20.56; 2.98; 14.91; 0
71; 0.9950; 0.0010; 0.0000; 0.0000; -0.0479; -0.0593; 0.0024; 0.1674; 13903.79; 399.18; 28155.63; 13834.27; 397.43; 28102.26; 0.0000; 0.0000; 0.0000; 1.0000; 0.0000; 0.0000; 0.00; 0.00; 0.00; 0.00; 0.00; 0.00; 20.56; 2.98; 14.91; 0
72; 0.9950; 0.0010; 0.0000; 0.0000; -0.0479; -0.0586; 0.0024; 0.1663; 13353.27; 384.28; 27104.67; 13286.51; 382.59; 27053.21; 0.0000; 0.0000; 0.0000; 1.0000; 0.0000; 0.0000; 0.00; 0.00; 0.00; 0.00; 0.00; 0.00; 20.56; 2.98; 14.91; 0
73; 0.9948; 0.0010; 0.0002; 0.0002; -0.0479; -0.0637; 0.0024; 0.1671; 12771.07; 377.67; 26635.68; 12704.66; 375.93; 26582.20; 0.0000; 0.0000; 0.0000; 1.0000; 0.0000; 0.0000; 0.00; 0.00; 0.00; 0.00; 0.00; 0.00; 22.58; 3.50; 17.86; 0
74; 0.9948; 0.0010; 0.0000; 0.0000; -0.0479; -0.0601; 0.0024; 0.1713; 12202.64; 366.51; 25848.36; 12139.18; 364.81; 25795.99; 0.0000; 0.0000; 0.0000; 1.0000; 0.0000; 0.0000; 0.00; 0.00; 0.00; 0.00; 0.00; 0.00; 22.58; 3.50; 17.86; 0
75; 0.9946; 0.0010; 0.0002; 0.0002; -0.0479; -0.0616; 0.0024; 0.1687; 11629.87; 355.72; 25085.26; 11567.07; 354.01; 25031.94; 0.0000; 0.0000; 0.0000; 1.0000; 0.0000; 0.0000; 0.00; 0.00; 0.00; 0.00; 0.00; 0.00; 24.52; 3.89; 20.21; 0
76; 0.9946; 0.0010; 0.0000; 0.0000; -0.0479; -0.0584; 0.0024; 0.1658; 11142.88; 346.89; 24462.39; 11082.70; 345.21; 24409.90; 0.0000; 0.0000; 0.0000; 1.0000; 0.0000; 0.0000; 0.00; 0.00; 0.00; 0.00; 0.00; 0.00; 24.52; 3.89; 20.21; 0
77; 0.9946; 0.0010; 0.0000; 0.0000; -0.0479; -0.0626; 0.0024; 0.1693; 10667.50; 347.21; 24485.18; 10609.90; 345.51; 24431.48; 0.0000; 0.0000; 0.0000; 1.0000; 0.0000; 0.0000; 0.00; 0.00; 0.00; 0.00; 0.00; 0.00; 24.52; 3.89; 20.21; 0
78; 0.9946; 0.0010; 0.0000; 0.0000; -0.0479; -0.0622; 0.0024; 0.1712; 10110.84; 322.41; 22736.42; 10056.24; 320.84; 22687.05; 0.0000; 0.0000; 0.0000; 1.0000; 0.0000; 0.0000; 0.00; 0.00; 0.00; 0.00; 0.00; 0.00; 24.52; 3.89; 20.21; 0
79; 0.9946; 0.0010; 0.0000; 0.0000; -0.0479; -0.0616; 0.0024; 0.1711; 9511.10; 297.29; 20964.94; 9459.74; 295.85; 20919.87; 0.0000; 0.0000; 0.0000; 1.0000; 0.0000; 0.0000; 0.00; 0.00; 0.00; 0.00; 0.00; 0.00; 24.52; 3.89; 20.21; 0
80; 0.9946; 0.0010; 0.0000; 0.0000; -0.0479; -0.0585; 0.0024; 0.1689; 9077.44; 292.46; 20624.37; 9028.42; 291.04; 20579.36; 0.0000; 0.0000; 0.0000; 1.0000; 0.0000; 0.0000; 0.00; 0.00; 0.00; 0.00; 0.00; 0.00; 24.52; 3.89; 20.21; 0
81; 0.9946; 0.0010; 0.0000; 0.0000; -0.0479; -0.0600; 0.0024; 0.1687; 8725.02; 287.98; 20308.33; 8677.91; 286.57; 20263.51; 0.0000; 0.0000; 0.0000; 1.0000; 0.0000; 0.0000; 0.00; 0.00; 0.00; 0.00; 0.00; 0.00; 24.52; 3.89; 20.21; 0
82; 0.9944; 0.0011; 0.0002; 0.0002; -0.0479; -0.0610; 0.0024; 0.1693; 8323.65; 286.44; 20197.56; 8277.04; 284.97; 20150.50; 0.0000; 0.0000; 0.0000; 1.0000; 0.0000; 0.0000; 0.00; 0.00; 0.00; 0.00; 0.00; 0.00; 26.57; 4.27; 22.62; 0
83; 0.9944; 0.0011; 0.0000; 0.0000; -0.0479; -0.0608; 0.0024; 0.1702; 7974.63; 281.91; 19878.00; 7929.98; 280.46; 19831.19; 0.0000; 0.0000; 0.0000; 1.0000; 0.0000; 0.0000; 0.00; 0.00; 0.00; 0.00; 0.00; 0.00; 26.57; 4.27; 22.62; 0
84; 0.9942; 0.0011; 0.0002; 0.0002; -0.0479; -0.0590; 0.0024; 0.1682; 7634.72; 270.07; 19041.55; 7590.44; 268.63; 18995.09; 0.0000; 0.0000; 0.0000; 1.0000; 0.0000; 0.0000; 0.00; 0.00; 0.00; 0.00; 0.00; 0.00; 28.55; 4.57; 24.64; 0
85; 0.9940; 0.0011; 0.0002; 0.0002; -0.0479; -0.0653; 0.0024; 0.1692; 7291.16; 261.72; 18450.49; 7247.42; 260.27; 18403.66; 0.0000; 0.0000; 0.0000; 1.0000; 0.0000; 0.0000; 0.00; 0.00; 0.00; 0.00; 0.00; 0.00; 30.43; 4.80; 26.31; 0
86; 0.9940; 0.0011; 0.0000; 0.0000; -0.0479; -0.0618; 0.0024; 0.1680; 6916.88; 244.24; 17218.74; 6875.38; 242.90; 17175.30; 0.0000; 0.0000; 0.0000; 1.0000; 0.0000; 0.0000; 0.00; 0.00; 0.00; 0.00; 0.00; 0.00; 30.43; 4.80; 26.31; 0
87; 0.9940; 0.0011; 0.0000; 0.0000; -0.0479; -0.0641; 0.0024; 0.1706; 6577.30; 239.62; 16892.50; 6537.83; 238.29; 16849.40; 0.0000; 0.0000; 0.0000; 1.0000; 0.0000; 0.0000; 0.00; 0.00; 0.00; 0.00; 0.00; 0.00; 30.43; 4.80; 26.31; 0
88; 0.9938; 0.0011; 0.0002; 0.0002; -0.0479; -0.0584; 0.0024; 0.1669; 6314.03; 237.25; 16723.94; 6274.88; 235.88; 16679.37; 0.0000; 0.0000; 0.0000; 1.0000; 0.0000; 0.0000; 0.00; 0.00; 0.00; 0.00; 0.00; 0.00; 32.29; 5.00; 27.86; 0
89; 0.9938; 0.0011; 0.0000; 0.0000; -0.0479; -0.0646; 0.0024; 0.1705; 6011.72; 228.61; 16115.10; 5974.45; 227.29; 16071.98; 0.0000; 0.0000; 0.0000; 1.0000; 0.0000; 0.0000; 0.00; 0.00; 0.00; 0.00; 0.00; 0.00; 32.29; 5.00; 27.86; 0
90; 0.9938; 0.0011; 0.0000; 0.0000; -0.0479; -0.0614; 0.0024; 0.1689; 5723.26; 216.47; 15259.03; 5687.78; 215.22; 15218.28; 0.0000; 0.0000; 0.0000; 1.0000; 0.0000; 0.0000; 0.00; 0.00; 0.00; 0.00; 0.00; 0.00; 32.29; 5.00; 27.86; 0
91; 0.9938; 0.0011; 0.0000; 0.0000; -0.0479; -0.0575; 0.0024; 0.1699; 5513.57; 218.98; 15435.89; 5479.39; 217.70; 15394.04; 0.0000; 0.0000; 0.0000; 1.0000; 0.0000; 0.0000; 0.00; 0.00; 0.00; 0.00; 0.00; 0.00; 32.29; 5.00; 27.86; 0
92; 0.9932; 0.0012; 0.0006; 0.0003; -0.0479; -0.0609; 0.0024; 0.1712; 5236.33; 204.09; 14382.25; 5200.72; 202.79; 14339.72; 0.0000; 0.0000; 0.0000; 1.0000; 0.0000; 0.0000; 0.00; 0.00; 0.00; 0.00; 0.00; 0.00; 37.56; 5.43; 31.64; 0
93; 0.9930; 0.0012; 0.0002; 0.0002; -0.0479; -0.0628; 0.0024; 0.1709; 4951.34; 186.93; 13171.92; 4916.68; 185.72; 13132.22; 0.0000; 0.0000; 0.0000; 1.0000; 0.0000; 0.0000; 0.00; 0.00; 0.00; 0.00; 0.00; 0.00; 39.14; 5.50; 32.55; 0
94; 0.9926; 0.0012; 0.0004; 0.0003; -0.0479; -0.0567; 0.0024; 0.1700; 4812.06; 192.71; 13576.32; 4776.45; 191.38; 13532.28; 0.0000; 0.0000; 0.0000; 1.0000; 0.0000; 0.0000; 0.00; 0.00; 0.00; 0.00; 0.00; 0.00; 42.11; 5.60; 34.04; 0
95; 0.9924; 0.0012; 0.0002; 0.0002; -0.0479; -0.0623; 0.0024; 0.1709; 4609.77; 183.43; 12921.09; 4574.74; 182.12; 12878.11; 0.0000; 0.0000; 0.0000; 1.0000; 0.0000; 0.0000; 0.00; 0.00; 0.00; 0.00; 0.00; 0.00; 43.50; 5.62; 34.65; 0
96; 0.9922; 0.0012; 0.0002; 0.0002; -0.0479; -0.0603; 0.0024; 0.1702; 4424.28; 179.47; 12640.55; 4389.77; 178.15; 12597.16; 0.0000; 0.0000; 0.0000; 1.0000; 0.0000; 0.0000; 0.00; 0.00; 0.00; 0.00; 0.00; 0.00; 44.85; 5.64; 35.21; 0
97; 0.9920; 0.0013; 0.0002; 0.0002; -0.0479; -0.0619; 0.0025; 0.1729; 4224.00; 178.08; 12541.56; 4190.20; 176.73; 12496.95; 0.0000; 0.0000; 0.0000; 1.0000; 0.0000; 0.0000; 0.00; 0.00; 0.00; 0.00; 0.00; 0.00; 46.15; 5.65; 35.72; 0
98; 0.9918; 0.0013; 0.0002; 0.0002; -0.0479; -0.0654; 0.0024; 0.1708; 3961.48; 162.95; 11474.63; 3929.00; 161.69; 11433.06; 0.0000; 0.0000; 0.0000; 1.0000; 0.0000; 0.0000; 0.00; 0.00; 0.00; 0.00; 0.00; 0.00; 47.41; 5.65; 36.19; 0
99; 0.9916; 0.0013; 0.0002; 0.0002; -0.0479; -0.0634; 0.0024; 0.1707; 3732.46; 151.83; 10691.16; 3701.11; 150.64; 10651.60; 0.0000; 0.0000; 0.0000; 1.0000; 0.0000; 0.0000; 0.00; 0.00; 0.00; 0.00; 0.00; 0.00; 48.64; 5.65; 36.62; 0
100; 0.9912; 0.0013; 0.0004; 0.0003; -0.0479; -0.0640; 0.0025; 0.1732; 3542.62; 145.70; 10257.04; 3511.45; 144.49; 10217.16; 0.0000; 0.0000; 0.0000; 1.0000; 0.0000; 0.0000; 0.00; 0.00; 0.00; 0.00; 0.00; 0.00; 50.98; 5.63; 37.36; 0
